50 50 8
66048764759382421948924115781565938778408016097535
13933287115871484185839894719659342320947112201868
48339694775159179533041352560123098910139916151090
32173008691413145620870916345792302258419720769845
64280715084237594599246610935233769606960271427878
90075470638120665030089131934421761047142851240003
48559097765823694022455515900422945682417304281465
46118775517176045229611133060168847793615349263511
08731764303921376582197296687577389305550824926947
11801320407522758688091891634896769930024894517446
66022345007627912560976701720099251853671097951942
64183067537510074089933188684126961161162076607541
51150552035192303104509322717542035574485291189426
22358332456029061126486296451375806606573547121418
92762662375825717340797034148926717386401400468967
14543910144851832164482983816864475922116697284576
37785707427093057608116050190443294316756256627285
23275667633739060312502394918456708869774735400025
04021639683735919155875408035138533444864753048107
77067771113126379168602373245561849834789784430191
26334088601641953843318453574922088559026228123793
32365992719089577403827785142963546030535734524059
80250700300351056237625425660648870916620829821532
30282169197299045600715427385265476048487089840761
65700404943885643195398522509092554457696202907250
74931864282129188966444064488855362082965708693058
23570393426197378132716644659514070436666097592945
06782019550131870505624629264802227080862591182434
54487278209280513793782527808185011695975685125022
05930604609251607599449762074361511050269057877108
64081155170284006528222239507603345235326759269029
06220058000199226066953258386126951663763637691448
58099734095618026066617972257629481552578034295460
48606463522195206967116882223230827594516425858268
43656784661220998139981492610015751759473288182028
69376409262790619653870791487867423852492711769681
47314251202983006897178551033744307585114963562343
75469216587355645641741725325731667879936847358017
56360906143521250300680219931730896182336670636094
09555729814114029263953688181718772785264619853735
76070867363477237457928134810250592763673260583528
89962979397037958300023793186457325857675712312678
35006316996830287468811970369541039098527419743668
53941025997187656016922016304461545938805880270452
51986149181927083518323639752458337524801545019041
24388571688611975243640004155840382490664934587716
52803760314122705861837446670285332342284802362382
92384073062686368871218010367465641293300817372984
09255548420739657472745596696849336348282988875464
78034710391403292594000924367551961020984536352272
