50 50 8
29141777631706690743915000806360837783533740681241
58683449786907366258517812865707049996228303883685
95748906828836075983867565088995790328921840110704
34192541224824475771046563414839603062027868387380
69560423041144269420809397298063513969371648705964
02359256341685878310122283459845551439729815061622
51996198391454981741040901610339621723216684847513
50004957656115971439875428343351417195364052594351
89991330361481100457721851822225418942328059832468
20341768487870652470690059292244696291370285873357
73658943018528344485279119896224639076568280814141
29173666257297316986144368038790093432428344947285
76139634101908421859468585017754865971663804983798
64279835806966599173406264219054684274727804819615
17028216494383354118578802484593686274953493096563
43129792947822275463134113657120090307897541921363
77623347896374579131000756943622006280964217400808
20416130724376544330992569880586838614914212036001
87851502807267084145140604524614163883558697127889
88042356851652910485645545880812555917477561902087
94395556479588202439212690184134198113286095743397
36758371463086871698996057034081485898486886994742
87928240690566401106474575671752620245294648464657
37661123230142716201690838650186144270316174876197
12693284684783957105408741384436224368908982644744
73759735292978208582359775122431809213938946500493
13454986015521429051114534805012653154085152946199
87968643482098123364804848472615185888909472219237
55422676192449080268170696456697017000192885849573
93185210565409666545739820518287519073626313553775
73676819742206610127684228140763860836225318822690
83630838981367190618170830047462928587868266374524
94291552444564970224331989386392876311200666299288
13624365234257841843704991957490052211693388613682
94013967893402883646647122807073685311067329838685
33591507092247098196168946457087064952998419566809
91098015558059171875880255329291658655495013468499
11246124843314708438185548207500562809862331929814
73057595300702480031820833743785561392394969750701
99695516387998879979724849698444090775387375266015
04804605549031511246953028954466871363909333663924
50477220568587591948460417183946530198882240130060
10008550908373449884323603870556109281233241052172
30450917332103011344863043555796616375291316484556
75556780524249282272221943552474162857125127800355
85855126049303459635034903123584223149888986798728
53614332230275205193317395290357800578527185949591
75614150253544476042401669345979494252516589367273
03110887975829760688729950557384175322705952977093
90728367154225229843867788428984934205166829778753
