50 50 8
01152449390926685878400575668282330252288588276859
55726783747885775987735294744888899643785915031090
49318243306005523011100054222806903200591457047890
46927315107289678525449608204022217380337141939954
64802066218131102313087748633668099068921750819545
40611430706773991040541373195672561411195631097074
57254787674632794861991152826110246357284128615838
42273659277096268074646758513893660578721063996316
83499379209674892731507819757487019526420276742048
70508697347278414545468183698281403783840116535515
75277472734521373525223486654989564891546724577125
62015251608539684725537123542654153339055902216742
58915963067795899198876726687017921821647041532026
15707317280288003808583257028131730936596882812326
34562626541817448743628109833369020478032950312821
74325489166074140365486983622775679493977379541259
73992438410035058457167049923229619741773294339599
68633804329661766764333088198006663841585879173400
70223538092418812620484708551951955474892005605801
88966632290095240039361519133831061849308886622627
50928769727925204226947773664350690640879443775897
38827456183616979871679585223267726459644506903711
05595625189769371905047200567907933952546997741839
53552389339736493820675239279023309173246900514095
76117227142781844088316229473057023954132305141518
92526348005218027657441210125249821393512636056785
28102626349811899239185283376715305160914583563022
22621467016010360365224449384496776462649786958190
46971887842351336283862147281523806806843263393848
49420968007385407527035474840506326726412061892005
39876995101308802044109054162603329680941393033290
21933451329315723364013945484041782995496961829392
17192702637582631554623947500013407833310016169968
00213314884129439120017709035134123164714992563933
77176507067386808641744632310482669020030482275168
92164303403378770046898361778282492818205099465999
21932955039035007692096152883144574735809099166697
94604002953318545015422447888449589876616182156791
66794708785639102404064636849664042403032549356920
01361642436066513728767493673743760484453960112254
83311848758233148777854277068623958647245602589399
65834249939108708301852629946529089706223173531401
46113636937312815335754278489108825833336642406872
45891286950676117770235659594987966289233310061687
25620066922842112333150350882508432833708864780293
15079061365971371988320775977742994974110615040392
55214911293049206514772903645299751443115878025547
80295892444206266185654570464117221684860702302770
38381492387347127034490095846780595340056098371708
75275949542886404588684212496587194741894419891960
