50 50 8
39825979190748337887623286012904047966697251027346
46869589693504925899139441177151620466109906958483
04011980364942055526678698198463464848506950699205
75594709005474995252559446109248343526119553721539
74310835924519592648475646960623079868307848531941
30083690071284308860915248705331812342079604349886
07500201017018875251566945435612806192057986096057
56670338491636205584171861598190723608191620510174
94109883181808592132379645965861683626998726221778
79224329853846999434047632953572679379807160733134
33422904205261111440579500556671397628514161784185
57441598817850492225711825968427742112889651446020
78438556781571249119123966299263882923454076658947
84709301372873383087194227190059381780555521901531
36375106132677186374077672704557859630345278323029
68202192772006756003606703316732591519044747384055
51061990101028070385375750649614261868586268525673
77542896702207115390907755013615941713302290134338
86895837291019013411763917569714976318074155371856
19833505367143523397865396767904021024880703347605
73421746713274652647788354407554380028280200375580
72304650981744376450060293268582402007077898658242
12816577447482952806737994059981724416150877345266
50430559684026461733181104164774488023722227602602
24322082836166204121242659130527315871570587967884
72876394242543209069219021695841789752993578955959
55444219835346472758298879016689403663158308716685
04585675197253051902135643008587537591863724483129
16056072742638694641117510576156935361080883912378
64578339459298598559837064373217186352057360365632
44540513347292373359328698692475018770924867368756
97216529515824782757095391894948564068567592343961
58257286736895109732821188168856417453413175624524
98333455112137515220748257689966448496200260328354
08953123176421859242191210186789742014620058551036
08753773053326616591893410609533798496389641278814
99278248235841171736000790087005447744249160133126
88221488071571658667590547474351476735903909636251
28746699566056564832339061967768886937608203912681
11934826622367578048095586314313633531584383860843
24914534253381764086494837345116659341991025592350
15981658407772701257468376755085797870714238122451
58035090621875707681111314150307018357945038039625
78867294413285763885455245126497686315095707894978
87341177623428940233791453810574790542799748753138
05815020725125937880083529483559627660760914645102
16066316045265603958365549235032743297897264696136
13955446862581459433633835947311890960989449528242
76483297135097086619656459617314714813985439560190
23931352812687015366310118432721517822337460394512
