50 50 8
34167211068403885421430443244519568323741840494836
69467234401074887523163742569583510349931524700514
50545269149374246925905072554917363100029290879350
18463733767036736373004438336425059196076163925475
68345671430692402797663032094166380329587870109178
49205180451187634637611195866713476182522257548020
41817978183645320095879487997624955261929245395911
62555240908151229791127394693734535887686547690428
78956690281759414737912314202699884083213051140492
26218508286234781622486846526060404212190338078276
52893179546903499475135109587512078893031592418801
39490007235354696026718848436523076456659344810649
42951291343715079321381154992120234095595223002047
13267987855660022534359395658133528300134587046226
97550727063154980172802939590066392902294365852589
54958082593771193228290851092824904743748024600589
51361604332311004888611852388001262185854299199190
20486495285873972798098934999752425453879445251353
27140800082335663764815012060626083558520551693759
68162176830141227756564615681765399264158083927385
67681706574325524897927675980649928207942003525579
34010713378189223038330875549692519441050613307651
12768612202788775963449046954128326822938181401871
80443314964840165927953732250338785292598675517744
21479877145819490268267205336823774645630908308754
02506653575690622764278559122498217804930664720126
48715487205444650992649139117946166787927824541789
83486487850597585233959146746829636452473371792149
02565521980752551588187789722562847922373628042839
52835610584271432918510229129420554772185494408087
40851490887176787875908392694957042638651364399712
11726913398222142434191667486316778744534373837562
57343708293880957689094321363221742028359640563642
62411314664325149890477583646751669020785529963457
83361253834124967210118161234612529709794637296780
34497921015389826827768415277223163644105700577962
92625884499786662213725950870858639684920682219540
70847846873102359327814443909839838003539029529265
40774274503382519301027452892706354502610825331390
79056467066804322671869772683341517288215558244449
40918393632942621422921609313065248591402519970984
19746223957671936966026787528227240122847428759259
90782935522983950919558990835596861822029560845824
26123191058041234031002753866885028440844517759307
03473553655421983671349577796995745071501653986774
83083454011105881346933934329072825494123957946861
72841965890276687761087349528909445900290459215280
10969197660011399750612750210880195854023767084060
21039082034252160949841287299549124118151161861043
69156741856963268388322309011048374339465757510049
