50 50 8
94580730215736819303642621299722003322453832364056
22415499095145475277204056086569070293137585847195
40613589525481454212472019860395476200753292612652
06427928775744762168275217488851590458474452907845
47485545652755828235741629986498403297923207320215
27380675691933505646185089414885945266985722969732
91506159982596663747662994474605474270197340260788
43703742447978910244859480755920048718306699767634
71406947422787582698013411056167011391247229262193
08161409916920615977550242984889341834482357622051
90118973677518086026311732965345956625465809932611
00233077506749657713221567284142430705550077215473
20309319654275417232309640707620088951137170307600
46740032863831511829139078576968204738124714652281
73169340730345116568042907200641682514224754018800
10256490386253550299214892276615573796270287790126
03009375673343488535530976522376012614357789136018
99926050948687867980826590834410159964043101459983
78113586606628395651853134449121623199866367893464
19526021498992635915107281537639710321152591975289
15113355271368760195207651740175356247191465186036
34124187628631752102500487681033707814978002686999
03066660252436153663427540127116062307597273159002
61425532488141165457897392408062370003638934083065
08477115984996642917038961848562751709939700115255
44721440462349729290581070970096168979938119101748
81416447440587762345937125167986232728795026497883
83268454913465847111511492086254165141456611412018
61761360984185517612319811866144876038262358124074
78984424776912937173232174972714945088130599778949
50428646524300724646975885902970877503807132283616
63403391856943158987048026070331277774810997999930
78315318512360060436621633267260478341366873359403
82519652420826108751725009574975986266870374181873
19511562550418110787374264979183419416461256153517
51750709344478858818976396612175045699120724091901
14446306742588967970257591174551667422875422606543
92698714603363798018415595200370478303553570013141
31195546244162370473083691470407211355397009586554
39472099330941333693423219999737441929781597804082
92464799523788319072480342464154193093467417672678
06990384582569926399904367782777793353211778020792
10167210568853278785095070338444337197735643560512
35435341874188402117428355206660148611054872258441
66807747148136119389683788532001966075835743377414
19984607020368923531862377927257174175593184548055
52368659466392050136897163536190653526544752307531
75414295872736749909316280954008561832954396229749
67545504679834111919691527607955941883991721542930
61271371401983993968974132879597026420606259777635
