50 50 8
91740029755047368813984916515647134109357389805396
45911883194436732938032058994568642702696173197761
86746134772008149534875846697497772674755296945672
48097020991557903249068717315523952011077108291294
77023777784791454501844476750139380255003651216827
71215802822428963392625389096356870688238542222610
00701815900836394171902711200644733834904858199055
13055605200517074199432268236969874424037129108212
96778873627056452459530421699313662280887559641420
19992881111355232232779192739525414000775004169515
22576082175028741716382754854847808390878842050394
32404453290159252737689511609939743078848454651862
40858011076812450144566911477443008862340142810647
31422210395679977597328132639579499393063691055746
64589590692449731792596751767019176008855227816991
05398498465095642750083000718675733521303463575254
38083368060111938189975273035389429004168336898971
69822934646073343650555665864299439782802138479038
40807615524809424518951990349331609553966900289383
42429554932129870118055764836996576889301686198759
92111337380520060479137200753276683531670349948194
35954466575319641358011208506023014233193056105827
29640996497999044203412095518356513417961553064120
00051702444333589420137186876528124303506552731522
32127936807780150858773166072070011123383731198995
11970532187439951360581811511691682472030212469861
51483465385451694246025640643943370062736857533801
28973275439723130464329418749373083190664483831977
37878098653437244498827993405755234781111657124030
60907488508460829340907327242907720393916210936298
27190491893843428514733194506726636086070502879775
72191775536897863425697130273260445096924551943712
36330007834740512187703296086331962141573221863127
01803617525952782515454196175793631396226993060107
51120891400835291092750433076783150914734856559092
34381674835104437472182905828877226738836850807958
41937615452159105056370863984016252350315686036128
19066616236153504856276493771542837849856167772749
01447041944051811493677155835250655557620422813891
36425704398251880237391948337642426761832204501754
79483122342025464290037097130323204822907237789248
53626151313472591255422672407811715309093442163578
49237601033461950509514259943694004856769668851701
23103453130949029453893086802100462097397011969544
91553514105223640454794865661631314744190231933354
06382577800011284313864261265666432041933525977983
52616329397267317352430796063059592312013785776019
19734664548514120869821188076818162499688366660078
59795560109365341414719890631733537871408636130354
49347723992280591052391832234916825334280470264985
