50 50 8
52601815908301661318609139099603082462819482199351
81909378657975432319487574911862527601895559797114
71049746507529170342366712768426846563212233079244
02685995289078666617603137215901092815901396245957
11777741215472803852808414852538885393363387500474
39575513137353799075116372651676122202972997528820
01826330434839548620579868282880729022279180588871
80334018780175989834788783848372616751361341252427
31672326865635515058770658948113114402426462889751
40261401419314170586492083124023448347824504000883
87371678684335326502014620168493407224704558530435
20561748338014126906044319829657249208682889093100
25167800837407188181741433377617409319254499207074
13748477718341704718746331912845298415377602077642
65651505561304451669156404104234685356068831067924
70822765444463478612213878375762833125815354930666
83645074952883143667640206797016877313228171800239
04248611148936439008474537838306400376143653705656
30481373433734419792376092603092600267511253287046
55721014156183654610735873557063606071043195545904
54409103177646727204293557591836236107885261149131
67723267938144494544373233249351643883170107375043
10399315827940199530552034093056529413078716168281
26464460495660536630626116957220082619958225428211
67342075096192396937293068265123308051697846493665
78720097737972761125651788002158108620191327423159
42594724873949835503262456241805788914865465925517
32904844950032496685027390000954185836949235972203
27112464008599798732000806232010983263898692841407
80667172314301540486844318024332536593687780063943
69919220011925200020101953816133310014712134556405
44055987490606815708931942608340057172795849243372
11781551661605344688263728990595827852774932573834
49223598523534121362244643114367006638470249603699
63932176541636246770968250671048323851978378058567
32681950446600166594134683673221378325674827534646
27045345776915246019528590031449192327523682991843
73817181463277807727372890257974756612500905187720
36251557883465648044576584853715354291068689064100
37908896929130721206105248442605069907980169671069
92768117320600113127049372052148774000009164492790
55977221526767495440995902949636669374054462904292
48758188763349067349067818513698485789333312459956
82307515712590548901039799344617992405326100085771
96114593186272533204508004870125034997175546157627
32073023195271601755371525302782724663204945247157
71280387414356433164620420785827084256063492228323
91197423293943018608554710672432950259905878115356
90417780882031392214480013409978371512041779841116
28933297620669980605563569568058253605182156380326
