50 50 8
35623012383607776793617304867614116961053178392918
07329797485622918557893425848188353045340646462612
03241065296326976619141011885287291302569145550730
90922567113937726119727817965730307113099056819893
83586830494156341865584541375694346968599563788142
17461944484463533873398357116129602093411774912951
50125130953455181956224626118314253100822854387191
22353622270799466959758244724788843986277146005845
60920127926991580955151723759556502500385757824240
74947446771775291597579638892280184326431007355000
29440035516301883761682125960463041752306444849063
33172531658877959292713859283369352941759239605654
11676907583009855791921074180331055657927407793808
86787219982549869178242558069413877437811412618122
75933736085418879091754511376971205267586916762123
73498238055128586423609123122748617416776573409108
95604502918708001523558851338341603016528430558682
95420408099482489302089254745425779388518490458140
09769830028055836893774689671685678690833826653485
80436684750793925223306983912440271519884192015454
29026007756305975486246113538607434546000603381179
99227710844085145847833013740168461256576778165656
44770314189020019387743148547297544264010368392291
24772936469602907125716410142650650809272724786455
94503264214402749299762386540483968271931012483062
75946306668406357417109782535225421085718905027226
28525508513977582299967386099552188161302262419508
07249017926447695518725668201763685820228140951828
73508333984532615285163096134259266114867932895204
40977614728296042329411807478627538675790244948294
48133246894112976026193138622734054057484520084343
51394208916233257510791960416097859478341183492143
86662113289230987409483689558665411031220888023832
66185804818861446285470943861713710671803989031583
53342549715146242632201992505901742920345568468411
53360593601066321752300753412818862068544253151879
77511555451989647347328315884639633079988895338833
34673217981131453059347414831193796846198902891368
44811572906982291090057403171495770228713286412423
64820560708954884478760029490609971668198518418095
89271637398486600172548389144244457002284028047052
76101146174647390162644045377025197945718529839086
01817477348494978642498448860124041416436979192647
44149945787206355123142057154436082402927790771706
77692305105929986419966659751163488961263539055359
29253700775977646203171299305635419115826250722888
63547388532583540961856712778822480004843351774465
79378965713841820229540263468123978235592513507881
82602743472402311596248480573167071736324281561864
13172408714426787550625524961645903276525250642673
