50 50 8
79542205879158906276223012891614336143645030606720
36190193350128081978361631922900489249016329805899
15195736390695061337451441800686753916316858524240
02421920007364905427842184116728692499751048221230
32779886128794810996848881984132117707090537359973
09919066911309211059788701515077926721537233110111
51078351304830749018604759304240256041057369579566
31447799776256051258033521579963851086735881704831
30501252186669828554356929292040478614428773252590
84509281725382638396080575056763812915437828085320
09935425460163770522938968260624672918784459580308
74130371444302645558280231030475581166203928965358
86028547446861053645751682115670461643972903408199
03791684218842623474785870987116517298927687198047
91948240587855225557154194409671463746780321911140
74072214112454333798364736144220996277191966852353
58111059753780749525143492610392029162649716241822
78405199410378285432503130607003448168383111350729
49518442005125049320906051232978759797337470793272
71652579102151484184763634685523100591765905274004
73046036150616918453072620566548806570533165691567
35639514169447936385695852010753193925399502418200
38363041604387325540054190112438075716328950819088
09015150102806939948030233718038756104100145863610
99162119213930513790385457651515524927277859321470
28160619338113760094592101776895785482877328601220
73224880862263699380081359700329141640151633635177
56589856883954269274106929955049127806306387732399
97573129566796986679184872017236888505316934915031
78766935408711472543361888346059078551162064991596
03366168648136935846113468669023146777990990622498
81060673104430992804066392640401882430974321577886
01275531957713116864297132708195747868263492374031
53597029275627448176766530665710874229401061323553
89131615268281335459047849928856027589899232408895
22305180133910436511480575119955957317140467139559
62375140785925854168507808133124881288484783265377
28338032797645234011748210085684239877545386066555
35743403723997604610832591549578070677973687654915
92677890023434266749222842369008493772682716295735
77055142341962983305495119666647305282825629375797
85825555903877067510304029716588809670882825064979
76890203753384931185486373259542255077600991854760
42958546677458375073029180264574968573876998761138
91055491040475513144200035908143525823846109261217
77605457058338877470141079355834010706871799237462
83382917148874694814620197816884867819976870065120
87066928842349373104400862204242049632774524995898
67946152155618059882666539163113281116638414410027
47830448146799496653791927542435053496928821110493
