248
757.954 420.572
258.917 511.275
404.934 783.799
303.313 476.597
583.382 908.113
504.687 281.838
755.804 618.369
250.506 909.746
982.785 810.217
902.166 310.148
729.832 898.838
683.984 472.143
100.701 434.172
610.887 913.011
966.606 477.010
865.310 260.492
805.028 548.699
14.042 719.705
398.824 824.845
668.153 1.143
493.578 867.603
243.911 325.204
870.471 191.067
567.511 238.616
967.540 803.179
447.970 80.446
320.055 507.941
932.834 109.058
551.267 706.561
547.441 814.467
540.284 963.839
603.186 587.617
444.989 596.287
384.901 575.651
290.330 189.391
186.730 612.773
656.659 476.531
89.824 757.604
876.770 923.381
842.460 898.173
923.082 540.600
391.296 705.283
275.634 811.629
849.486 895.039
589.801 949.765
579.695 450.563
660.245 996.258
916.941 793.325
82.373 612.783
486.444 630.147
845.078 243.036
731.489 117.134
220.461 794.583
332.536 815.913
100.608 146.358
697.671 45.234
573.866 910.016
534.198 680.589
26.697 635.000
606.338 575.953
391.209 370.140
980.517 36.392
21.637 961.031
184.972 123.895
210.577 800.747
936.969 22.783
425.619 101.500
259.920 220.829
646.926 350.294
180.318 503.637
39.379 100.921
988.235 199.356
358.555 731.598
838.327 918.482
169.425 672.641
966.549 58.051
676.202 845.425
342.313 250.687
596.791 442.314
174.819 471.625
409.905 569.113
508.600 311.446
357.152 837.661
250.933 560.600
12.436 741.574
335.917 45.696
280.883 240.130
953.129 352.226
287.878 359.201
946.906 633.748
621.077 715.619
388.017 414.418
650.833 1.524
192.310 334.402
239.416 637.399
378.648 875.423
568.151 414.406
402.267 701.830
418.227 662.196
46.780 445.352
259.227 157.687
527.573 487.266
561.405 755.485
883.875 494.583
312.058 466.892
809.046 875.016
812.415 188.001
999.420 633.089
83.467 725.554
986.821 401.817
678.515 316.177
213.525 717.324
2.358 822.731
528.346 97.784
118.904 649.265
873.654 279.983
978.515 100.181
853.938 396.696
81.345 274.714
452.978 792.342
861.360 133.421
520.866 650.783
347.053 871.864
278.410 18.574
40.663 680.997
558.356 946.503
938.439 909.851
42.005 749.135
701.325 655.362
712.358 902.710
640.141 372.449
537.929 207.844
587.126 8.897
151.023 333.408
789.623 718.499
338.256 620.538
41.203 163.861
981.914 289.531
394.792 548.484
293.407 478.065
239.706 48.256
179.587 523.050
70.863 403.169
328.521 414.722
99.400 908.658
474.005 840.848
976.229 343.652
479.087 699.595
426.535 301.903
734.751 894.400
919.689 626.742
375.571 974.561
638.879 65.835
84.670 749.870
61.156 7.851
393.808 519.004
448.544 488.619
584.889 679.303
423.038 368.331
988.459 260.917
777.100 431.221
358.520 63.858
863.579 702.004
903.011 451.612
676.921 118.910
397.954 207.232
42.101 947.961
215.894 146.354
197.970 378.032
546.391 151.334
988.690 982.989
148.402 405.907
679.929 877.657
495.406 917.047
322.460 498.441
498.647 670.068
201.991 609.771
218.773 340.220
962.566 899.008
818.118 35.468
148.367 256.882
784.167 842.333
582.948 718.132
807.055 66.359
84.643 868.895
39.416 225.091
40.632 15.285
843.955 330.594
160.690 148.819
656.084 968.598
505.000 901.090
502.429 573.872
678.571 805.110
757.846 990.533
746.965 905.781
206.105 535.416
598.614 825.697
482.214 791.040
388.569 586.388
851.317 798.059
656.985 0.241
181.969 506.858
254.459 65.621
859.883 942.947
302.805 408.073
810.038 62.259
640.985 127.321
287.088 829.941
55.527 35.934
417.866 491.831
863.325 717.189
673.544 151.374
986.706 411.140
611.771 386.683
47.033 470.889
151.368 32.465
617.400 629.966
105.293 549.144
346.668 383.414
776.420 490.320
881.277 610.120
467.188 632.313
337.865 124.324
682.530 622.037
788.566 127.109
911.783 799.341
916.887 872.535
681.006 810.251
519.007 785.489
189.127 782.114
444.580 756.616
455.470 789.559
75.340 44.641
934.290 486.165
901.071 944.783
666.511 571.797
215.979 93.476
819.394 888.772
779.396 698.502
420.111 305.312
113.445 425.970
566.013 922.881
935.755 415.641
99.211 773.819
734.279 30.701
446.719 686.418
30.134 919.282
962.242 722.543
