184
569.204 802.265
63.107 117.919
760.962 472.245
379.615 209.955
487.857 893.317
389.809 607.438
767.158 695.833
266.331 801.826
591.153 102.227
317.430 22.322
649.546 9.205
881.234 686.484
969.041 725.853
527.629 763.701
939.167 552.860
345.700 676.849
760.948 952.244
926.507 416.180
916.270 922.189
100.000 629.353
723.639 296.390
743.147 895.575
973.252 500.800
967.210 507.717
910.185 189.850
284.159 973.451
499.362 940.913
393.354 853.288
480.227 743.731
404.288 664.744
367.124 882.732
775.838 738.215
86.468 663.758
107.931 163.698
839.952 370.523
732.766 469.320
308.529 848.302
614.811 578.176
647.156 168.594
226.937 12.302
199.516 920.086
548.338 404.455
343.826 847.461
353.274 909.755
659.215 608.945
729.400 383.690
856.949 954.646
938.459 512.500
129.249 777.397
205.485 949.719
481.102 364.736
554.401 941.014
413.400 813.352
414.425 1.585
540.110 786.444
331.137 599.855
804.569 635.371
550.756 180.784
91.601 551.029
851.274 930.950
32.459 943.570
70.453 868.078
452.999 754.145
281.197 268.642
797.288 184.610
290.284 167.470
255.216 951.958
656.657 648.203
294.493 702.626
496.494 114.191
312.005 343.342
796.203 258.421
253.458 730.152
976.738 965.564
431.656 975.553
225.374 397.315
35.326 959.893
445.669 506.309
426.665 832.245
976.976 630.772
695.051 450.845
523.895 30.700
674.903 803.386
659.824 426.299
737.451 125.683
212.132 47.440
70.727 76.446
917.176 297.880
158.207 564.941
130.391 560.717
850.527 590.584
217.590 900.813
460.852 827.913
869.886 780.017
622.963 37.423
200.407 99.025
573.383 896.566
591.409 492.351
937.954 390.061
504.107 17.200
612.128 402.325
281.352 156.965
857.537 811.139
563.341 135.143
429.240 266.535
96.405 379.234
547.627 914.445
837.693 534.330
767.951 532.520
65.323 40.400
133.017 166.553
538.209 268.010
332.233 505.888
255.291 338.852
113.913 235.190
943.995 779.540
715.109 488.793
579.957 770.253
320.726 406.599
380.230 991.233
147.328 125.017
114.689 587.408
926.165 76.652
550.275 565.967
952.246 364.892
295.553 534.294
114.316 896.759
107.731 45.752
295.738 613.677
14.548 413.534
826.120 789.878
187.922 785.512
586.793 162.020
450.909 680.890
158.945 845.019
435.103 964.694
806.487 542.925
818.350 550.209
711.611 314.460
207.615 317.416
27.263 786.860
925.604 726.484
320.251 391.269
398.555 64.192
317.350 601.447
455.858 250.063
785.136 777.920
891.209 867.614
468.920 355.827
183.223 207.837
199.216 360.464
819.977 89.415
753.287 90.488
574.356 338.884
227.426 966.598
41.052 186.813
792.732 579.007
921.351 245.848
100.948 611.392
807.568 92.044
220.155 808.263
401.774 268.064
867.556 729.169
21.514 9.917
750.729 359.191
468.834 859.115
100.934 777.746
328.094 509.270
665.247 179.566
149.563 141.538
865.546 305.623
709.324 834.689
601.893 126.300
206.741 545.493
722.629 779.743
821.030 623.528
672.198 552.952
943.475 986.935
205.434 298.926
537.492 48.559
862.099 247.297
777.777 682.076
446.695 430.171
250.220 439.399
