164
91.585 361.057
169.084 808.962
853.834 251.583
212.219 35.734
681.246 999.719
638.471 803.669
860.244 509.067
372.060 935.712
502.067 901.208
871.033 364.014
931.847 907.750
423.611 884.065
164.488 177.436
230.603 176.720
173.589 510.167
359.691 513.737
559.890 995.178
445.638 414.671
525.366 908.478
364.256 593.486
361.886 858.967
445.769 954.933
399.863 738.590
654.911 249.902
279.102 498.065
515.392 796.216
661.686 454.689
903.177 350.775
725.885 557.583
456.551 658.885
940.597 814.684
835.026 876.696
616.346 772.984
479.766 303.297
799.259 831.068
562.189 507.357
615.808 406.671
730.930 488.906
366.598 684.232
882.070 784.280
341.459 8.422
815.059 997.069
106.157 574.415
48.910 591.700
682.478 915.841
754.370 136.500
265.841 824.748
943.581 60.385
897.968 759.409
56.796 360.218
249.502 23.443
115.223 67.467
40.875 918.630
373.097 127.787
935.965 734.787
523.091 1.936
589.458 794.158
247.827 970.817
4.196 938.464
627.756 747.678
286.027 488.761
308.386 551.503
605.156 45.772
263.942 401.854
621.595 153.456
958.784 93.454
687.395 838.401
24.204 788.409
948.094 518.286
781.060 486.922
327.961 874.443
341.051 261.837
970.684 653.315
699.474 959.000
670.561 252.967
131.702 170.711
453.390 231.655
916.398 708.094
31.401 246.761
713.867 73.548
80.429 228.203
791.584 623.909
359.829 684.561
278.737 750.678
151.115 384.753
160.236 512.082
87.821 101.911
19.802 750.585
105.224 24.440
669.490 453.858
535.533 380.003
684.687 760.525
210.141 806.080
425.599 21.323
591.343 881.437
928.881 581.341
920.616 663.292
479.803 19.483
960.670 118.591
366.483 690.395
932.447 308.275
874.347 412.254
105.017 198.391
775.338 825.394
812.060 59.991
637.295 463.340
889.542 613.557
5.328 24.142
305.821 723.565
219.165 490.445
115.768 373.394
715.925 139.665
344.939 887.692
254.162 122.959
616.541 334.483
391.104 212.010
105.401 618.182
470.374 43.180
705.804 290.753
959.600 141.466
374.913 484.202
865.793 719.547
727.914 418.966
492.122 680.224
394.672 156.400
596.556 548.561
695.619 699.204
84.311 727.801
575.751 71.160
176.134 545.264
806.304 898.205
798.571 911.366
681.355 809.811
37.572 973.915
390.594 708.403
885.157 329.415
172.531 286.988
156.018 986.686
968.859 423.710
328.844 248.601
514.166 169.566
157.511 947.386
234.447 874.468
358.553 764.338
728.924 466.659
718.868 809.732
383.251 736.753
392.856 53.572
273.950 253.722
731.247 412.146
647.928 360.107
547.578 713.260
911.969 81.413
819.680 725.789
532.855 187.876
816.290 382.556
880.937 914.970
312.934 523.573
906.713 466.308
177.369 94.430
402.922 216.527
569.268 385.786
215.499 972.589
389.984 557.723
