210
592.641 130.423
915.945 474.054
580.852 605.600
908.818 469.232
550.785 191.744
717.148 540.974
549.631 397.135
861.022 231.922
151.622 925.835
389.937 15.147
777.235 159.400
957.497 42.789
780.076 823.571
269.432 594.750
920.157 387.609
788.109 426.935
728.126 576.910
964.094 134.149
365.520 35.887
494.883 257.981
672.041 778.973
855.226 421.149
833.477 574.023
534.103 407.576
232.386 336.765
915.731 28.660
279.686 605.819
695.565 698.616
326.390 541.766
571.956 104.076
655.511 632.976
988.072 267.085
124.435 482.001
638.758 483.509
344.080 66.612
897.096 20.125
427.142 415.197
118.917 604.988
761.635 377.805
586.375 550.851
921.882 279.073
235.952 36.013
7.233 108.119
535.578 948.895
971.429 291.612
263.373 689.733
979.886 339.814
360.197 138.326
861.707 376.751
869.892 386.193
866.833 680.971
102.573 972.883
811.512 271.301
634.290 715.621
936.436 437.446
258.233 302.993
338.908 788.396
987.456 314.876
376.517 589.203
133.268 633.533
332.451 352.916
917.339 608.864
278.924 489.503
589.377 954.841
21.253 369.165
627.969 298.636
601.455 177.421
185.246 758.107
843.841 264.137
787.302 104.872
813.057 971.375
683.733 131.421
500.011 653.723
269.378 327.786
678.064 649.539
97.022 600.724
949.149 674.927
224.460 809.765
960.691 79.948
742.070 218.020
568.402 270.600
787.007 33.909
957.581 315.141
836.205 574.835
863.728 340.110
827.946 85.534
619.332 589.481
421.272 518.398
849.972 464.721
634.179 290.399
568.332 35.544
413.266 199.571
477.353 832.540
622.660 510.141
558.871 985.759
717.259 32.318
456.671 753.380
748.014 963.366
543.861 889.704
861.531 857.981
970.964 119.996
244.534 35.144
802.954 512.298
198.468 883.560
429.887 49.357
481.048 120.814
503.187 239.046
19.845 536.996
53.247 913.085
113.587 125.406
971.990 540.981
811.551 61.368
220.803 122.221
887.638 119.211
239.457 273.759
889.633 128.485
920.753 487.501
570.895 400.278
756.489 248.259
618.089 519.672
50.973 323.116
819.526 857.022
775.246 46.185
49.833 482.813
33.011 712.719
515.405 489.992
157.042 71.775
385.797 389.636
304.118 264.930
988.023 428.700
127.610 3.489
723.039 795.293
566.734 42.962
460.818 650.271
541.324 636.676
43.439 886.537
53.065 627.444
760.044 314.949
950.289 418.293
17.925 218.649
270.091 589.902
803.137 224.441
130.366 28.094
325.565 968.811
559.075 870.351
121.451 690.555
939.062 731.527
849.792 530.180
376.430 108.629
318.390 531.971
811.621 716.582
473.548 235.970
388.674 527.206
564.322 659.207
375.761 819.446
341.484 852.301
25.467 115.097
481.921 696.349
284.495 299.382
88.785 996.245
563.637 529.007
238.305 554.462
99.913 553.320
550.118 869.423
180.422 77.338
998.350 645.973
454.141 700.113
942.624 252.896
599.454 938.765
556.639 966.314
375.325 235.264
929.489 843.603
967.091 415.271
568.405 579.825
923.932 685.559
156.175 401.052
887.555 162.583
497.958 483.501
698.639 950.692
586.468 858.105
136.285 752.052
146.555 515.618
934.789 851.491
538.034 779.535
671.385 855.294
595.225 584.574
983.754 889.409
307.227 268.094
804.097 200.624
569.889 238.825
482.596 863.802
418.417 697.552
701.489 205.757
580.517 901.755
652.397 27.770
992.789 72.375
947.555 783.115
881.851 45.846
910.893 890.989
648.250 777.333
69.264 217.372
254.172 890.172
775.801 137.480
621.908 675.143
36.760 933.777
169.709 45.022
183.267 90.958
798.898 117.968
264.176 913.751
36.126 452.357
