210
303.299 721.217
478.878 90.100
19.817 549.402
289.376 990.025
58.847 520.339
360.245 779.746
826.872 261.720
942.959 25.640
640.689 260.254
271.748 164.818
289.641 867.322
960.923 848.529
372.393 844.789
337.402 387.932
248.874 247.322
279.998 944.578
817.883 942.207
840.463 7.211
291.942 704.907
311.762 765.208
195.125 423.731
288.204 451.372
233.225 259.655
797.391 81.075
462.670 997.472
518.872 647.998
700.879 145.063
673.779 66.438
913.532 635.019
441.152 183.704
435.924 588.769
634.432 198.712
323.534 839.426
708.162 277.479
582.200 862.099
122.145 934.581
290.924 25.676
357.084 82.610
964.475 285.686
675.213 327.122
322.810 321.676
152.910 651.923
861.373 869.507
680.044 77.756
617.730 894.084
291.995 250.047
598.810 158.905
573.090 363.325
454.785 365.191
804.349 997.185
571.456 439.327
207.237 916.530
113.618 62.209
737.121 595.535
970.619 606.517
546.230 582.665
321.433 35.574
834.850 292.907
996.906 651.612
200.261 201.773
438.814 491.939
219.062 443.502
647.436 427.837
215.720 187.710
36.806 253.387
525.677 772.316
417.135 261.687
325.014 891.025
314.517 116.856
569.709 962.755
652.967 870.898
717.352 40.503
387.473 430.108
929.928 572.305
944.139 165.456
296.205 471.229
900.698 315.037
419.989 215.238
801.397 801.104
338.531 392.182
496.390 858.610
280.081 627.861
191.258 394.800
619.546 766.820
269.442 856.313
870.080 687.853
464.576 472.183
403.726 390.442
798.013 211.195
156.742 610.009
257.339 395.783
769.769 381.085
222.335 53.401
950.959 161.901
608.278 818.429
562.372 784.337
915.235 439.642
78.989 695.427
112.916 560.806
256.951 774.113
41.376 79.690
879.072 905.036
296.938 346.913
74.735 959.868
453.770 205.353
976.567 388.631
758.712 855.475
400.058 77.194
915.755 798.354
365.882 999.586
415.893 711.235
444.239 628.592
940.716 636.937
929.750 478.678
118.172 558.291
371.603 162.821
706.725 326.555
859.821 258.611
973.761 4.879
168.708 648.104
120.953 110.839
786.220 600.996
526.309 520.715
411.177 293.451
229.209 180.413
863.949 1.693
52.919 907.637
544.085 909.152
782.453 568.339
936.737 506.661
440.752 617.459
391.806 251.696
597.088 985.896
340.044 433.400
605.621 675.387
622.117 285.366
939.524 197.487
793.895 674.967
883.238 77.061
645.682 904.285
329.648 371.894
174.623 883.284
603.769 523.935
754.540 88.708
359.019 812.896
98.398 182.401
987.037 661.008
992.517 76.898
925.707 986.378
172.021 479.131
886.326 222.172
786.677 660.264
852.775 687.759
881.038 237.434
489.836 221.119
367.617 745.673
537.227 529.761
451.884 802.850
506.285 969.513
313.126 438.291
588.134 251.283
897.381 458.535
561.135 826.001
404.196 388.646
27.923 511.307
458.195 965.061
630.576 347.404
796.239 910.254
755.564 483.454
639.939 476.845
603.629 66.287
924.000 69.079
132.643 46.885
397.907 581.799
620.671 713.036
538.496 18.527
245.386 751.308
205.488 949.242
81.944 270.628
878.717 643.338
609.736 631.500
172.324 149.197
414.960 129.994
709.169 81.308
364.308 2.598
880.542 155.781
411.921 215.056
298.118 507.593
375.969 163.415
889.658 514.837
537.353 302.860
400.620 170.264
61.921 980.455
278.600 676.213
303.998 789.464
85.820 115.966
609.342 15.376
231.276 8.613
911.019 532.239
885.470 452.309
731.698 869.560
683.570 697.357
336.230 172.574
530.323 187.954
474.910 903.080
356.787 930.460
831.840 413.411
738.081 820.703
212.002 578.975
802.278 591.034
