215
741.787 795.194
942.450 739.899
922.325 29.005
465.623 943.357
648.975 900.900
113.206 469.069
246.573 543.761
573.941 13.114
216.730 279.482
916.345 765.725
159.604 797.147
138.767 617.453
126.699 1.775
871.405 209.456
215.481 982.421
872.408 289.305
961.478 539.223
677.830 204.780
940.976 690.642
966.564 893.742
298.789 361.190
165.956 145.702
65.140 301.359
603.110 3.383
677.934 337.897
309.958 818.518
480.745 315.793
481.218 704.669
57.001 975.100
22.866 749.795
844.881 18.068
787.738 366.184
578.519 9.078
46.727 180.919
955.180 196.522
755.736 929.655
942.044 344.382
354.793 524.702
775.603 108.053
748.398 797.227
859.694 36.632
945.800 91.180
340.741 610.828
918.087 339.960
924.198 545.144
312.450 316.800
177.478 78.196
148.868 689.175
996.727 161.529
48.552 986.699
533.531 405.888
237.337 593.960
826.296 455.665
421.757 55.707
916.069 32.721
493.564 838.429
130.572 731.664
949.799 630.399
788.010 106.631
434.555 149.245
844.734 294.813
453.155 999.300
852.253 976.008
453.540 488.159
729.505 479.042
291.023 403.789
146.506 377.001
988.388 959.816
626.965 499.322
338.479 89.137
272.310 782.019
867.387 361.326
786.023 774.898
694.597 664.018
759.639 363.432
704.470 280.852
485.685 769.747
690.883 293.852
945.548 649.692
580.661 11.581
546.991 250.692
671.643 462.939
816.680 647.437
797.626 347.885
644.063 737.827
828.189 350.045
842.880 869.911
688.337 976.122
956.516 518.139
529.340 166.173
836.620 937.382
477.239 691.426
719.686 730.353
171.827 780.372
580.845 665.556
420.792 623.737
774.705 636.867
720.414 27.622
160.023 441.068
650.117 219.038
685.957 630.865
41.862 471.586
226.243 54.143
133.527 317.351
181.547 193.360
35.658 465.330
380.299 611.794
590.164 237.846
903.182 0.661
405.376 278.528
410.042 115.074
831.370 373.880
36.062 613.564
94.822 545.221
339.373 580.896
958.301 818.522
419.102 812.990
642.297 369.443
142.112 595.938
563.859 957.213
967.997 608.610
351.116 893.467
0.947 107.918
565.812 615.168
140.700 629.456
891.282 375.848
431.684 226.336
291.495 972.455
379.781 961.139
913.747 595.810
259.825 980.981
496.306 415.492
319.153 984.277
491.755 286.398
476.936 121.886
621.687 443.468
293.103 781.706
826.805 13.203
532.565 273.788
935.253 781.907
245.660 267.689
154.766 988.825
293.188 608.038
474.631 644.877
603.854 743.473
118.179 760.399
300.690 533.498
336.122 296.822
529.868 464.337
361.039 745.017
590.805 36.429
252.423 455.614
916.573 887.941
545.592 14.561
778.383 427.732
575.642 708.181
632.235 481.879
911.715 385.473
391.866 851.901
196.468 296.449
830.024 66.054
836.279 694.621
432.820 286.361
780.729 910.676
142.684 478.413
549.095 497.682
330.737 153.528
585.852 811.823
68.419 230.019
819.594 791.751
663.601 25.553
722.599 978.686
998.334 701.248
48.893 842.063
219.232 645.737
952.245 712.443
134.626 292.493
917.998 149.730
610.612 413.936
161.180 622.405
43.563 108.215
379.199 72.004
57.561 575.256
742.338 878.457
134.333 431.671
314.570 600.218
489.580 938.538
374.198 55.751
697.296 151.109
631.346 505.844
910.423 554.891
620.878 263.247
551.675 254.190
750.579 516.996
133.781 234.420
371.214 736.753
179.320 713.296
655.014 85.243
667.953 91.178
124.792 593.974
238.585 876.927
480.468 323.286
796.464 29.461
725.007 53.659
150.801 952.041
681.113 223.088
116.078 972.697
665.063 820.596
139.765 624.797
354.298 235.019
333.265 613.757
348.672 385.748
136.425 831.101
647.890 804.503
433.394 851.576
