296
821.954 485.035
261.621 0.452
662.819 470.254
759.731 373.160
770.140 272.698
801.915 729.825
414.006 538.305
682.052 192.985
553.615 805.124
265.521 803.365
685.690 844.282
335.582 93.135
800.283 804.782
445.212 93.780
197.162 634.919
291.184 951.373
588.570 200.874
655.404 360.380
932.737 909.511
514.651 644.572
697.910 805.505
976.375 28.422
361.376 601.747
304.324 589.157
89.687 880.079
525.263 116.824
662.741 312.281
196.224 483.744
138.106 209.885
865.539 698.224
12.523 778.058
17.059 332.912
904.438 620.265
306.125 377.405
389.166 126.835
999.879 53.822
422.889 746.313
397.764 980.974
245.311 979.256
892.257 670.217
889.513 447.194
831.260 796.099
516.687 470.930
705.673 409.064
85.931 746.516
265.820 487.664
784.029 172.128
21.873 123.495
589.416 361.049
256.312 451.533
927.597 254.763
410.572 879.294
612.177 267.938
474.709 478.539
142.185 377.478
305.674 804.741
323.390 659.243
970.766 923.078
376.043 603.031
320.113 398.282
487.999 793.439
936.612 290.790
6.192 449.357
57.105 30.113
773.573 112.142
718.507 362.011
938.440 853.492
62.275 192.632
947.391 613.432
422.112 782.291
813.514 491.694
468.899 100.155
361.972 144.959
625.594 606.580
144.276 628.007
97.322 105.431
645.570 462.713
899.585 629.197
701.370 127.007
832.663 83.544
618.122 911.398
907.729 893.295
451.984 693.800
791.332 137.072
943.402 908.774
440.887 778.498
447.079 276.407
712.479 63.670
800.199 978.077
286.071 939.671
83.682 858.079
279.808 966.221
430.697 922.163
31.913 85.643
816.372 638.573
535.501 32.713
173.293 370.489
52.066 993.040
765.198 949.797
700.686 343.478
77.595 731.520
114.035 547.126
464.051 494.531
75.182 73.971
520.267 30.476
525.423 150.300
281.706 151.002
568.437 388.309
223.082 221.596
564.057 910.580
419.131 163.184
316.499 240.334
572.363 786.418
568.915 188.146
325.263 381.081
440.943 397.511
997.521 551.059
662.075 716.372
645.143 805.258
372.224 666.559
972.583 164.129
625.464 384.699
61.067 39.871
758.966 114.592
711.045 100.146
367.615 32.181
542.756 786.408
225.578 565.307
922.279 293.498
471.049 724.148
864.223 168.612
661.358 120.058
112.224 983.249
50.013 919.801
750.113 675.937
729.440 650.965
287.026 443.372
202.142 859.270
778.811 787.543
213.958 592.211
254.943 790.535
744.775 995.113
708.194 683.889
777.016 93.679
595.364 32.741
367.140 117.119
948.472 28.013
921.317 947.883
435.628 832.465
51.750 139.399
9.828 68.088
2.580 828.331
87.521 590.735
273.229 132.380
419.217 181.843
977.183 383.904
593.819 563.544
626.870 480.435
270.152 136.773
888.048 192.531
448.420 808.371
576.059 948.076
809.532 513.568
119.912 592.697
473.695 861.757
530.796 694.260
811.616 470.446
841.895 899.349
154.350 919.150
869.744 854.997
337.764 251.823
132.831 370.988
855.029 362.884
5.356 304.923
82.530 622.501
768.236 926.623
89.219 380.403
125.860 910.417
836.965 519.805
954.041 520.279
776.423 488.055
364.262 994.413
841.702 591.682
867.226 649.443
797.778 66.723
131.500 109.409
603.114 719.658
155.119 505.137
113.596 687.571
779.028 86.669
980.010 664.897
124.879 351.040
158.249 727.964
916.742 175.133
184.032 628.882
859.502 738.956
457.767 110.512
614.123 455.559
803.776 571.904
733.984 971.098
625.988 911.674
273.960 1.533
882.403 29.876
993.636 455.745
61.283 274.658
721.308 384.071
623.836 101.930
835.644 373.153
832.776 147.307
667.299 469.014
404.420 19.334
531.712 838.047
103.875 445.765
12.456 994.115
969.509 678.414
480.108 70.378
121.068 705.004
794.502 989.081
861.726 437.915
255.294 541.840
345.906 544.800
884.066 452.951
981.211 718.357
45.740 746.868
661.540 622.039
3.288 878.893
495.300 536.784
170.269 35.435
13.931 209.853
304.153 154.014
58.213 727.406
702.487 882.050
217.639 728.406
594.478 90.104
875.001 357.288
184.935 183.277
924.345 220.768
384.317 546.989
359.149 655.974
87.662 429.933
584.546 618.966
608.959 269.249
638.160 972.203
482.449 643.994
836.967 252.340
265.635 970.229
300.706 426.090
370.935 993.160
545.075 896.139
162.449 277.628
649.739 318.263
663.260 507.721
78.134 111.796
438.606 533.614
176.570 263.172
1.198 265.929
309.228 388.351
593.209 852.703
717.324 740.762
282.932 495.568
726.823 893.798
240.431 15.053
50.881 515.367
872.238 153.364
783.787 641.097
863.831 901.051
107.326 793.708
135.310 118.713
398.640 488.785
69.747 275.663
175.488 134.924
98.827 23.764
217.549 327.281
419.862 694.445
611.983 487.803
322.889 614.646
192.890 177.339
112.978 669.255
139.279 222.847
351.570 563.961
647.542 592.329
596.108 192.634
912.649 737.099
406.879 396.554
577.018 119.486
644.173 902.907
363.947 498.988
253.103 909.578
376.682 360.635
712.701 372.471
904.981 411.245
589.027 304.913
589.405 472.212
104.051 888.954
160.415 575.769
677.160 468.667
