232
947.865 394.823
48.286 821.274
94.130 582.788
909.704 214.698
85.947 418.172
240.663 551.047
59.111 565.454
947.450 630.626
582.997 61.862
585.541 49.589
221.082 556.665
133.175 419.139
540.686 570.914
560.257 682.003
103.056 571.204
187.871 97.431
712.111 564.368
619.010 496.414
531.720 777.229
465.602 923.441
361.582 248.427
179.767 779.830
81.855 300.249
495.116 343.476
448.834 608.959
73.201 511.933
164.962 342.056
933.270 421.698
962.019 77.620
558.076 789.094
818.353 340.122
350.178 496.675
796.892 68.763
93.596 269.939
697.042 65.000
731.159 309.607
577.946 681.237
445.641 716.628
887.040 347.005
940.649 355.464
610.920 493.693
218.208 287.432
738.363 397.898
916.816 496.507
166.366 401.644
277.839 136.926
430.522 550.220
706.397 986.467
682.723 380.441
230.752 82.985
151.298 658.517
12.063 831.094
182.343 281.931
145.676 534.591
609.812 318.612
125.492 859.202
950.224 654.966
739.785 456.644
870.980 951.886
680.575 559.272
398.070 394.120
481.523 400.443
190.610 984.668
440.627 109.928
600.727 102.380
566.784 536.619
948.949 613.737
70.316 207.953
376.229 634.410
955.468 602.279
474.151 115.354
488.068 977.823
480.395 311.852
144.117 749.674
740.351 478.622
692.057 516.335
205.215 952.021
361.752 690.068
914.146 758.143
298.090 642.917
91.011 845.448
518.397 908.259
355.696 222.793
541.567 502.697
636.442 613.228
788.399 758.322
195.146 239.388
400.684 803.326
199.918 492.782
731.004 989.604
790.114 472.240
193.645 605.139
344.281 808.566
723.128 349.520
974.515 80.538
102.157 470.080
337.737 482.653
985.249 610.262
1.908 909.199
344.007 643.133
834.649 119.904
388.536 711.493
199.319 889.011
433.925 635.842
86.750 946.165
721.825 463.161
743.353 84.919
158.856 993.112
27.549 590.812
465.354 655.858
611.573 595.870
474.357 937.468
155.912 548.286
21.397 799.357
726.370 102.772
749.496 139.251
986.549 194.805
873.907 27.994
212.780 501.162
763.680 325.989
544.353 834.195
60.905 739.922
897.704 662.475
815.047 516.761
827.140 878.169
130.763 151.836
510.547 872.806
776.506 608.555
776.039 149.802
141.559 619.101
120.337 61.755
682.331 530.726
482.487 776.490
883.228 56.823
191.306 42.199
97.745 452.176
27.866 894.012
63.369 325.614
973.360 606.138
199.403 277.186
508.156 807.362
507.752 247.656
523.210 875.977
927.809 922.784
892.755 202.589
447.528 416.637
392.364 315.980
671.155 428.339
212.690 302.780
122.350 776.933
939.505 643.458
366.183 253.108
137.255 467.736
746.682 94.125
884.933 162.795
667.833 223.712
706.324 994.073
403.810 421.276
356.615 92.194
365.953 337.980
458.671 703.151
384.345 517.434
295.454 960.775
112.850 918.548
228.554 876.392
84.061 271.920
905.899 181.551
755.777 819.777
849.588 675.974
946.002 405.948
536.599 514.783
494.612 327.049
279.062 799.588
183.344 895.285
268.923 16.832
88.566 260.552
608.177 222.408
264.451 121.678
11.546 994.306
417.760 915.427
621.703 43.206
709.537 938.126
969.213 261.895
181.146 932.247
628.671 531.086
205.872 445.687
672.157 270.522
803.679 994.499
36.949 18.434
505.654 978.052
514.235 245.680
447.056 658.320
650.106 656.509
545.906 888.726
970.312 307.783
215.181 229.566
198.624 881.928
728.844 139.719
989.438 981.882
836.988 14.255
625.448 879.854
430.741 55.401
665.228 380.882
505.943 970.930
598.778 692.686
45.237 185.352
269.037 3.623
364.141 328.926
984.911 323.534
34.447 882.389
217.866 182.958
335.333 83.891
278.929 656.018
248.179 776.238
90.852 817.044
143.865 586.801
393.979 299.646
629.670 84.483
957.637 853.247
155.252 892.801
784.041 596.559
764.311 720.677
494.191 284.177
618.707 144.752
824.857 715.011
512.981 429.245
701.053 505.541
909.888 752.867
568.479 812.905
16.080 686.472
797.967 711.186
956.078 642.890
