208
370.412 375.369
193.117 43.778
136.843 811.264
506.360 400.710
30.294 487.402
390.478 573.125
897.339 402.684
485.099 759.024
701.162 520.178
474.323 911.158
726.002 662.962
97.167 814.233
386.369 829.532
107.729 58.054
234.419 86.055
903.392 516.811
207.916 808.393
606.717 539.716
37.465 701.820
148.208 860.313
456.263 584.366
445.137 557.320
855.040 426.120
158.300 601.312
531.808 313.787
357.031 643.906
494.632 623.986
308.791 355.739
284.354 657.056
808.122 856.722
913.065 544.936
344.202 907.904
295.707 219.791
33.654 254.773
298.353 705.396
416.920 657.441
116.262 932.544
852.109 25.633
973.074 160.675
116.483 796.418
380.453 836.397
569.126 905.133
139.038 563.997
407.155 80.140
69.975 716.844
34.033 663.213
764.280 527.284
153.656 936.462
488.239 148.533
604.443 189.680
912.615 340.793
658.207 120.749
299.411 325.434
366.044 645.846
499.020 60.666
617.260 882.905
868.904 808.509
816.438 171.973
337.522 431.032
120.951 200.459
223.983 811.378
790.210 381.088
108.460 720.961
647.915 719.346
514.483 90.428
928.527 563.860
816.461 455.336
50.926 48.927
111.395 211.216
4.602 600.646
906.554 655.212
829.265 527.879
978.654 748.967
600.202 819.271
568.974 501.529
324.109 384.111
519.794 196.175
289.558 296.483
79.874 321.030
907.012 402.882
632.341 79.621
419.483 744.227
806.780 740.765
320.828 302.171
831.255 356.869
895.271 651.383
109.298 485.212
378.596 584.969
918.655 205.250
397.023 383.474
918.967 523.657
690.633 355.786
676.019 585.133
673.092 195.880
822.690 507.320
81.979 163.447
498.242 866.404
988.749 780.063
624.554 824.962
986.732 274.098
825.321 268.606
995.270 632.173
244.538 245.780
248.016 504.715
457.935 234.231
810.930 525.246
195.383 496.648
105.748 111.626
84.224 170.708
566.744 427.575
45.138 910.114
22.089 191.243
264.634 95.436
459.736 669.216
282.236 566.115
126.340 357.571
980.718 65.974
790.609 835.604
83.955 137.307
804.605 994.943
74.975 230.732
37.061 790.269
222.330 744.054
967.212 66.109
900.119 916.500
609.532 434.558
157.084 893.549
148.761 727.794
65.129 534.464
82.145 925.030
336.959 198.928
945.520 57.177
786.430 177.684
170.736 639.599
295.403 242.252
500.402 110.958
718.266 82.974
137.493 749.608
225.394 218.036
173.897 135.027
440.416 694.841
448.359 667.842
287.342 814.382
436.576 686.550
737.292 372.043
563.986 710.025
868.556 734.504
779.674 187.466
266.111 945.622
833.021 838.964
276.877 635.269
506.578 788.824
511.856 806.907
568.519 390.657
134.787 488.759
475.847 291.199
32.056 868.943
506.604 296.088
375.085 27.643
992.606 830.263
14.473 827.731
448.915 947.866
767.811 841.660
564.100 578.704
877.163 372.717
502.368 987.891
715.722 368.720
984.092 106.278
319.794 102.127
843.324 646.178
476.823 576.387
932.684 753.376
429.527 742.679
670.236 734.505
928.802 663.004
650.705 60.945
959.315 509.924
483.594 475.998
173.127 139.493
266.460 22.737
440.883 287.815
684.480 454.299
296.458 403.084
497.210 656.541
89.094 898.086
438.788 135.812
970.704 108.158
717.682 666.942
361.733 572.936
203.198 523.289
590.087 782.003
504.228 34.500
548.198 665.255
311.394 147.340
400.782 947.732
799.164 956.083
13.957 443.103
829.020 316.410
27.903 5.489
16.615 128.148
302.409 310.600
44.194 213.411
316.741 93.469
234.514 846.790
869.511 681.538
516.276 202.552
916.025 755.990
819.169 421.607
