268
613.215 267.134
186.145 676.644
338.326 463.722
604.699 334.024
936.386 700.098
728.192 169.414
946.215 951.271
422.587 168.428
51.334 132.426
871.725 990.984
63.328 688.441
789.595 887.264
918.955 204.960
224.301 792.996
889.576 772.580
911.379 396.543
341.660 43.195
708.801 5.272
411.188 895.813
845.806 139.143
236.733 736.234
850.732 964.013
3.875 764.363
197.670 852.196
330.217 892.475
133.183 917.657
500.803 572.978
537.588 198.175
68.820 192.164
764.898 700.848
145.357 939.715
719.635 41.200
269.995 683.225
851.988 745.150
736.882 575.282
34.238 868.660
402.368 906.142
161.740 504.911
735.996 845.666
522.059 565.231
687.714 867.371
109.966 881.709
365.568 210.031
198.772 946.903
745.699 378.944
607.747 0.615
111.708 221.706
269.637 814.699
307.154 284.887
517.504 55.164
381.382 560.435
428.638 346.079
777.783 566.026
66.280 647.853
95.775 760.739
509.877 955.841
560.464 139.136
290.297 692.646
875.517 29.374
939.471 809.586
262.961 164.215
120.262 148.319
48.826 450.438
786.579 294.239
14.794 798.686
285.010 480.917
277.727 961.772
747.499 296.010
117.931 419.927
142.521 561.925
794.890 588.173
802.745 663.188
274.155 597.288
608.480 348.871
923.189 276.851
128.344 798.411
820.381 162.225
789.649 859.109
202.894 473.636
591.523 545.506
83.197 548.620
592.932 262.439
66.583 651.064
581.017 585.266
435.749 308.761
526.991 641.616
796.120 877.424
573.875 955.436
64.319 224.292
137.453 99.619
491.667 60.447
888.897 727.501
678.793 29.204
243.641 458.642
371.230 962.527
573.174 495.921
243.106 622.450
84.632 46.911
409.762 588.557
80.737 34.111
752.652 84.413
29.863 624.600
547.017 474.625
703.545 75.314
84.600 321.477
463.849 449.157
148.580 386.090
478.234 137.907
892.689 671.237
451.483 129.396
968.684 108.775
52.731 74.634
645.320 82.551
103.620 23.454
626.554 200.680
874.327 81.136
5.472 763.356
682.782 15.481
253.265 610.755
960.702 519.445
417.153 898.906
475.578 315.094
874.846 638.943
681.193 132.230
38.892 186.685
353.442 981.599
403.214 7.253
977.417 302.732
859.145 29.467
439.320 416.578
321.749 563.390
880.827 892.466
430.084 78.556
300.888 466.610
924.606 455.910
385.023 329.476
58.878 91.826
317.514 26.863
211.097 364.604
896.641 943.721
85.915 974.911
962.321 599.511
940.535 670.240
384.862 697.008
771.379 75.864
669.773 421.823
227.348 727.234
763.949 799.178
502.348 463.236
3.197 917.667
205.117 223.740
983.233 314.649
91.491 328.559
693.618 509.614
789.780 403.772
839.755 389.418
586.550 868.384
508.724 357.412
947.152 201.987
915.030 567.314
799.513 777.137
178.143 171.544
306.017 887.534
278.518 522.544
754.446 427.126
978.114 93.739
284.951 516.937
478.809 993.988
179.087 146.670
678.576 743.619
50.843 278.587
344.324 578.567
537.758 950.632
762.008 453.453
340.732 747.833
134.361 422.777
515.363 839.161
568.607 10.014
554.903 49.365
773.540 354.846
372.072 372.387
798.664 886.682
437.380 726.577
190.728 98.750
166.054 587.433
890.944 260.193
247.116 469.566
525.524 760.928
12.046 662.241
335.467 222.958
997.852 28.101
716.417 586.598
970.696 657.231
338.802 707.160
330.250 395.594
76.382 821.927
245.379 464.301
694.650 314.373
838.873 883.051
710.978 637.077
795.379 924.484
381.431 756.860
885.052 501.775
831.137 33.064
999.142 140.158
416.108 748.290
836.053 665.639
617.068 512.350
498.321 261.001
373.812 772.038
849.749 536.896
998.240 738.331
646.721 463.453
931.632 103.263
860.674 198.022
720.702 254.722
295.365 11.572
668.737 414.648
271.855 943.123
348.222 559.558
160.473 680.352
133.104 972.459
89.066 210.649
258.356 882.975
438.678 353.003
772.502 906.311
93.910 408.205
426.240 176.374
242.284 155.345
573.035 421.827
702.636 192.270
640.205 723.097
515.661 408.734
161.195 545.641
276.764 290.551
436.179 978.375
423.824 760.395
56.960 358.911
727.849 658.615
412.813 364.908
374.424 993.615
806.744 508.452
729.917 63.890
118.184 716.712
322.529 494.501
309.018 78.803
258.790 195.148
584.503 980.340
470.979 607.985
242.093 710.293
518.750 592.791
5.814 440.575
102.069 506.199
690.867 887.215
972.142 73.922
524.422 308.021
859.996 421.107
181.732 305.140
284.206 729.646
807.456 505.812
955.711 979.465
506.320 860.708
58.444 531.557
709.283 820.674
81.535 753.962
841.370 337.186
795.645 162.642
952.400 609.678
