296
32.585 482.562
14.832 462.581
491.296 277.521
810.619 34.404
490.086 76.089
952.399 745.547
361.159 420.396
138.689 355.082
421.264 826.848
262.321 174.671
303.105 362.587
456.928 860.049
239.380 439.648
375.243 582.932
235.654 194.953
909.588 536.345
772.055 240.182
666.690 450.623
469.974 652.978
324.688 501.917
842.175 969.784
238.374 31.747
301.164 606.677
72.035 924.268
80.950 384.419
945.565 912.963
149.662 963.797
773.138 441.551
981.939 190.926
348.681 970.487
445.607 680.790
143.513 521.857
864.883 267.027
302.570 660.422
943.025 174.308
176.089 772.849
328.064 223.666
544.851 43.673
896.926 242.623
261.767 404.793
158.232 920.620
495.760 893.477
736.321 992.271
271.693 482.595
499.880 166.309
674.294 897.988
135.761 541.292
349.231 387.820
701.756 558.720
98.651 973.983
829.067 872.013
438.578 64.941
349.638 152.012
608.222 833.452
799.526 139.300
862.037 774.601
922.644 343.229
259.122 788.730
458.246 328.375
519.664 523.389
739.641 323.062
32.900 195.578
904.669 575.319
628.429 24.903
116.376 296.281
851.215 246.541
289.311 89.047
597.246 550.621
983.678 105.603
816.714 162.633
477.326 360.984
400.670 786.850
985.856 182.544
591.474 426.746
986.274 684.377
308.504 962.204
863.173 751.412
827.337 722.474
447.622 743.445
208.507 597.531
115.927 782.765
7.748 423.878
408.463 381.843
812.114 199.741
772.276 797.119
823.887 348.004
360.222 424.171
193.620 749.446
466.681 294.001
499.391 908.036
404.559 639.499
348.979 277.061
905.990 853.276
587.188 83.949
539.807 367.018
722.075 910.878
168.509 602.923
415.744 564.239
595.534 733.549
306.174 591.772
651.457 73.869
396.536 373.983
605.741 240.847
307.723 556.107
817.132 53.319
570.029 73.889
421.655 569.529
983.880 914.915
804.553 593.437
392.479 339.344
888.036 190.786
932.637 564.072
770.769 835.599
870.245 657.634
578.257 36.551
365.966 935.172
324.561 638.358
772.714 117.415
789.322 345.403
164.277 722.912
536.698 805.470
88.207 439.243
880.908 59.657
923.975 444.744
470.808 451.616
441.915 604.169
353.786 423.579
824.946 955.648
512.815 388.239
97.032 641.154
41.344 860.159
640.054 190.128
428.767 909.514
900.953 559.117
960.256 605.405
165.493 956.347
223.319 579.998
99.643 564.559
835.971 302.635
850.311 395.808
763.428 77.741
759.540 491.666
168.378 808.846
963.303 941.095
328.251 37.323
833.362 176.198
706.185 153.135
641.759 696.851
969.259 396.605
813.166 235.047
422.652 638.798
723.263 533.586
849.387 99.070
833.650 521.813
475.194 244.536
290.623 665.138
963.854 386.413
228.911 510.291
762.020 99.725
905.903 582.777
287.319 69.758
882.597 622.418
558.143 26.104
400.205 31.267
653.146 430.548
833.904 178.187
47.374 324.456
476.128 787.241
18.858 127.306
959.214 201.544
906.201 386.329
545.032 595.546
873.748 760.927
125.349 123.186
838.570 685.689
767.470 177.861
693.154 67.409
662.060 738.288
182.849 421.749
47.793 169.520
702.747 578.179
455.271 185.746
398.836 459.833
952.604 712.970
665.964 139.043
253.188 91.142
13.303 278.029
909.667 308.474
766.904 537.073
287.764 618.313
334.638 3.507
259.663 933.139
517.473 875.576
145.936 59.343
56.610 60.332
210.958 14.631
146.631 860.396
841.932 150.910
26.922 516.199
709.967 477.817
464.164 463.694
904.180 140.745
402.801 154.007
656.346 700.519
817.596 179.047
506.665 469.327
43.140 590.450
166.454 701.950
981.788 494.635
353.437 960.861
769.005 854.647
379.634 891.047
952.689 738.602
317.366 55.218
53.314 334.523
527.867 48.413
609.920 919.754
81.302 697.877
35.921 33.214
9.811 366.092
221.458 477.555
566.143 661.964
936.366 102.923
959.308 808.325
427.750 177.641
126.643 630.226
543.368 540.395
680.833 745.650
719.375 838.367
218.185 515.615
489.437 829.706
663.438 788.218
190.711 67.921
729.489 154.913
606.176 538.132
71.443 396.029
88.737 948.707
937.823 454.162
664.091 366.975
631.867 247.894
299.088 259.061
59.549 416.723
341.702 325.572
293.437 897.528
698.650 588.398
406.519 283.802
170.414 824.693
891.133 418.039
990.856 120.673
161.572 792.818
819.781 531.291
954.564 520.243
724.437 259.899
483.022 864.842
421.494 115.907
406.971 476.758
220.743 896.600
443.850 458.773
568.143 493.104
419.611 561.898
155.204 166.582
472.338 572.464
403.540 972.871
551.163 448.167
759.712 500.787
367.586 704.891
463.976 183.736
223.050 603.206
531.052 832.457
541.590 799.619
857.248 58.387
420.051 761.602
164.671 195.719
168.050 314.180
504.128 35.607
141.646 489.329
771.257 22.151
631.226 356.407
17.213 255.821
140.875 685.806
895.864 114.337
713.614 929.689
777.122 296.449
320.233 426.427
864.713 328.916
820.051 429.502
107.383 665.603
715.804 485.947
437.241 357.064
157.715 190.996
757.165 288.548
5.009 729.630
429.644 766.932
762.973 171.367
796.677 360.361
120.077 248.087
