265
865.742 856.863
781.218 451.832
855.046 189.902
803.900 475.763
613.959 186.174
446.593 141.795
538.694 890.380
634.453 595.437
396.160 452.995
738.916 650.071
623.128 831.702
63.165 35.653
879.565 599.618
778.108 326.293
590.959 195.321
233.646 294.152
4.594 84.989
654.802 406.779
551.268 931.685
83.203 253.995
757.990 512.885
29.752 563.142
107.927 107.803
290.903 66.827
16.890 684.897
213.502 927.042
52.323 375.463
708.899 419.791
566.242 198.490
674.909 336.893
311.210 15.150
410.051 922.848
134.596 707.016
10.955 464.940
486.823 682.077
188.385 508.865
985.281 769.522
419.230 383.752
394.853 990.052
0.471 864.334
974.857 592.741
997.904 19.631
187.307 995.836
602.018 576.960
42.108 146.359
441.542 9.575
610.333 830.289
386.170 74.281
208.733 636.587
15.509 368.675
622.149 127.221
587.271 832.359
135.738 386.097
627.245 310.811
228.383 610.445
725.391 158.476
628.977 553.931
686.974 388.210
482.516 78.498
47.402 109.047
512.356 255.179
739.829 391.611
420.815 904.824
491.000 520.074
929.236 977.178
126.400 479.300
653.508 615.871
74.140 212.400
914.948 748.985
69.154 411.427
249.064 46.598
281.962 531.004
973.065 92.192
138.408 450.346
330.965 732.905
521.939 946.854
589.876 923.587
474.793 357.472
311.805 33.542
598.373 74.834
67.271 311.063
136.606 72.432
453.091 367.776
44.465 936.249
737.149 129.544
963.379 341.614
84.927 473.278
77.669 857.296
944.239 30.270
499.926 14.533
662.265 379.176
12.447 72.249
90.648 115.580
257.203 416.246
330.150 934.251
694.156 457.756
462.622 541.252
518.697 514.531
310.235 87.732
22.291 957.396
112.885 779.946
660.132 486.297
896.418 367.951
143.220 611.758
518.395 753.771
342.524 930.301
498.311 241.484
404.757 250.599
634.173 803.714
754.630 200.292
214.189 219.577
920.803 209.893
134.553 350.745
895.653 40.572
64.139 980.360
821.858 112.829
471.352 925.732
830.896 382.548
519.975 672.147
716.277 841.902
624.776 320.346
828.727 278.124
607.555 678.255
281.070 354.215
649.286 564.039
640.986 405.189
189.918 769.213
266.412 779.254
796.847 984.013
115.305 109.020
535.392 639.916
368.683 77.968
198.050 823.838
256.042 714.223
755.051 534.849
36.175 226.457
778.584 539.689
946.819 500.416
996.809 159.192
848.762 699.791
223.923 410.482
892.649 387.972
450.503 196.877
887.326 6.727
550.013 652.674
502.650 819.450
343.098 326.467
982.334 98.965
866.158 798.306
924.230 123.484
242.292 390.223
87.842 309.858
976.749 932.270
261.883 718.268
15.648 504.719
37.135 342.054
421.417 275.257
919.758 218.295
867.549 428.934
35.104 533.122
686.583 916.007
470.562 999.824
900.567 518.212
677.886 440.163
879.939 578.951
689.063 757.839
439.422 558.775
831.160 561.531
164.350 514.215
907.212 256.513
671.299 954.785
870.070 609.435
304.456 141.150
544.712 272.962
497.648 411.084
114.281 4.936
377.030 538.321
43.953 917.354
543.997 989.402
121.931 93.222
166.771 930.826
458.935 920.783
800.394 404.159
246.277 493.037
339.681 900.895
935.690 920.018
524.982 108.614
419.539 29.414
260.223 702.107
977.280 35.625
155.529 11.833
284.081 723.603
244.467 498.823
499.676 582.237
851.919 623.526
717.696 701.368
878.732 23.250
633.007 825.180
615.794 538.184
863.839 534.005
218.344 216.171
542.941 586.645
136.466 914.824
627.884 347.596
181.135 603.127
890.643 194.685
778.315 194.542
96.862 888.971
132.542 88.144
387.899 434.797
941.190 543.277
704.839 200.646
627.993 798.858
96.057 569.900
357.588 820.974
361.323 704.712
634.662 343.497
998.587 832.949
802.844 482.074
24.305 761.997
613.363 905.101
481.277 189.571
114.947 172.492
158.027 283.094
672.938 579.779
134.450 680.966
77.606 96.714
390.884 426.443
354.570 210.085
373.154 634.006
40.878 200.271
407.956 359.568
370.194 921.863
604.872 94.802
792.349 323.697
84.825 841.906
875.627 908.741
939.587 569.684
190.948 584.615
340.975 762.395
279.516 116.274
742.977 160.037
933.796 133.215
329.911 538.874
369.868 431.644
181.550 206.829
184.817 797.333
301.689 100.863
888.048 990.579
902.705 49.570
272.976 961.424
298.866 216.048
406.131 181.961
76.834 514.698
497.595 213.219
119.610 395.375
574.913 114.769
108.057 237.031
443.646 504.761
761.305 648.010
10.780 258.558
275.692 340.848
540.488 415.687
520.675 846.385
99.640 444.344
