271
268.995 529.131
349.785 381.641
996.622 482.539
643.409 460.218
864.345 227.644
1.666 624.233
978.040 367.655
339.680 210.252
576.215 199.634
513.520 819.250
681.436 797.876
87.350 918.907
819.654 662.045
223.244 989.452
423.809 443.743
660.865 971.321
539.491 882.029
558.165 976.154
885.575 555.150
507.248 83.603
607.439 668.149
469.590 609.296
541.149 640.728
82.664 191.866
787.305 261.564
941.088 866.132
385.594 309.903
252.378 335.233
371.266 573.230
765.082 179.408
380.915 859.083
32.715 25.741
675.654 43.483
204.405 607.288
753.296 220.641
77.981 273.787
433.482 498.300
602.068 725.876
514.018 368.306
339.660 455.631
696.948 855.540
239.912 988.528
464.727 548.857
181.901 766.438
219.884 606.914
947.698 915.453
801.373 179.540
794.946 501.407
247.556 116.058
360.952 546.562
154.807 927.507
881.966 668.588
279.440 118.107
784.175 502.202
489.748 353.737
684.531 444.831
738.815 448.797
616.884 45.996
330.001 862.163
640.232 445.099
792.107 734.008
520.981 28.517
3.692 27.260
558.021 265.831
138.378 200.268
471.771 58.788
570.204 718.801
936.413 257.915
39.205 431.176
92.872 404.730
198.992 556.929
980.012 638.063
385.039 160.924
688.807 155.424
30.895 37.931
72.991 415.473
200.169 927.046
792.410 710.284
188.938 270.697
792.975 686.576
491.723 611.134
211.915 599.003
679.122 580.683
71.732 355.759
82.355 332.468
686.532 720.717
310.595 179.713
678.413 637.137
436.023 175.797
209.157 622.992
485.371 56.666
594.209 456.955
884.287 96.876
224.334 963.879
366.485 848.785
688.476 296.054
516.401 146.694
902.686 332.515
500.707 388.854
500.890 706.021
460.172 785.439
49.239 772.280
407.539 698.863
791.872 521.410
439.917 52.248
106.317 570.413
312.057 761.985
17.010 775.068
895.698 632.534
170.356 477.070
800.896 134.494
494.607 429.090
364.786 408.519
627.482 282.800
812.926 789.423
607.206 148.195
259.301 32.576
658.212 796.088
378.419 423.835
658.479 339.842
768.676 492.453
939.890 814.715
182.705 788.781
835.747 109.653
267.910 887.668
868.393 653.003
741.950 715.423
980.294 915.036
770.807 858.954
311.039 872.670
749.003 859.543
555.610 42.570
810.292 195.415
196.881 808.646
926.984 981.533
773.498 546.165
21.722 910.803
364.625 498.237
200.251 98.133
6.209 126.620
392.757 486.368
293.415 355.898
840.371 852.843
892.750 28.172
844.931 20.536
155.055 757.114
366.438 103.033
843.285 796.182
548.768 962.641
374.977 71.798
916.861 348.415
231.701 423.061
805.851 836.898
933.035 30.987
686.603 564.791
923.485 725.726
650.346 845.520
977.637 593.186
587.072 803.380
629.218 460.935
336.730 649.886
830.437 800.105
390.757 656.026
337.327 58.729
796.863 685.563
987.581 142.121
122.457 485.577
136.699 277.825
197.488 123.221
435.927 340.099
405.329 317.727
594.034 765.248
881.786 811.284
342.542 889.424
635.524 619.552
64.345 341.358
266.519 564.412
838.477 666.226
440.346 279.050
343.414 990.816
119.259 586.894
492.439 362.675
156.024 621.054
276.235 335.708
374.336 906.789
916.157 943.515
598.295 71.172
624.685 889.343
940.350 620.535
615.995 858.373
141.852 336.309
991.729 642.317
42.839 328.597
537.394 834.953
525.487 865.559
163.682 485.495
90.668 310.849
793.133 228.545
67.178 687.814
187.708 273.948
122.011 212.145
183.044 743.505
310.112 132.456
483.567 441.361
388.724 273.008
903.003 196.476
590.240 784.393
484.949 659.231
715.656 849.185
339.620 398.990
136.701 74.315
669.723 292.040
671.985 289.889
480.785 689.992
520.323 577.163
179.274 422.641
830.977 142.192
453.029 531.152
245.656 210.790
779.293 551.711
512.159 307.467
93.149 192.560
838.664 379.938
528.787 256.398
956.887 820.367
785.358 125.853
207.375 844.003
108.310 239.057
34.283 546.323
443.574 489.488
519.789 964.267
568.094 846.628
57.838 301.219
991.074 384.075
841.557 84.982
546.328 910.605
454.994 788.609
971.467 757.621
399.632 8.113
504.358 415.004
141.320 335.449
72.663 677.760
276.927 311.635
299.601 279.879
515.178 393.692
80.783 679.639
44.943 286.567
961.991 692.399
346.625 654.191
825.154 114.814
807.727 64.029
150.327 786.577
503.492 167.633
548.284 897.293
353.170 985.084
832.212 19.505
144.565 458.079
455.700 326.177
167.788 251.697
10.331 432.398
763.770 206.095
954.466 931.617
354.996 292.576
613.032 371.908
355.639 40.110
302.624 871.965
621.986 554.787
9.615 623.599
559.291 139.315
838.839 918.146
239.232 545.378
