216
290.758 909.540
802.005 889.998
652.010 666.186
869.231 640.957
187.374 70.827
845.791 744.692
29.974 126.297
684.161 998.007
992.975 834.381
84.951 794.110
888.352 262.450
451.066 436.765
139.507 877.015
355.737 234.028
898.241 549.703
981.422 670.728
888.629 638.645
655.252 345.979
594.675 633.785
262.890 448.377
611.189 987.154
440.380 728.949
535.976 293.308
179.412 356.248
371.113 261.762
280.137 889.267
577.203 550.026
565.357 886.621
701.546 131.101
430.381 629.086
463.653 2.181
424.315 867.504
224.905 498.027
698.131 445.117
253.699 733.152
736.255 251.278
759.960 350.591
705.393 630.498
520.353 656.860
901.439 703.901
237.659 496.345
861.571 42.563
701.795 38.648
583.025 569.888
182.151 192.875
787.401 555.293
900.618 167.328
429.145 595.112
807.009 695.158
971.107 825.356
645.092 526.586
126.484 310.587
408.044 906.736
565.042 699.008
938.403 522.018
851.632 35.785
319.684 155.063
559.760 532.767
824.344 223.053
207.226 798.809
376.168 714.224
157.078 146.367
425.361 824.191
215.172 424.851
235.767 772.911
592.091 427.888
640.704 425.420
316.934 460.672
68.578 45.608
921.301 653.340
306.380 449.505
991.498 389.684
61.298 528.057
951.558 148.367
52.598 368.558
156.258 307.955
603.236 290.930
347.595 99.661
490.901 585.237
583.286 434.265
351.042 295.480
967.598 49.173
166.640 887.201
739.658 902.337
894.536 912.351
681.587 89.684
931.878 70.367
264.067 821.518
46.951 237.801
827.891 238.721
786.190 763.485
195.049 393.086
54.224 547.109
51.946 613.321
942.578 759.994
370.748 396.550
149.005 545.474
260.769 372.676
931.712 167.032
15.583 524.116
271.279 90.932
333.646 627.387
160.539 979.190
674.264 700.827
918.342 40.787
94.671 405.759
387.689 390.094
150.850 149.496
300.924 526.334
532.206 276.253
226.364 992.190
953.985 952.408
374.984 156.581
835.990 800.932
409.183 155.071
578.206 958.033
463.162 766.267
714.100 831.398
29.057 905.716
481.934 500.789
125.277 5.507
132.924 80.667
903.624 571.179
724.678 55.401
705.404 911.125
691.304 27.017
531.635 776.890
681.150 298.156
619.432 650.343
731.975 427.961
750.844 225.717
21.514 93.939
316.325 503.999
571.315 892.005
907.033 652.949
608.128 524.619
992.557 235.422
510.024 12.725
368.984 148.363
466.782 352.464
133.317 344.781
226.601 283.507
92.863 712.852
125.357 178.421
104.491 546.765
141.704 735.342
26.049 461.952
356.306 578.063
571.055 804.872
513.255 67.398
859.118 527.263
280.479 379.562
124.587 205.675
327.362 579.955
765.745 931.675
300.142 928.088
26.244 713.082
389.538 481.458
894.444 60.941
250.421 3.227
532.382 990.285
840.135 530.917
431.453 561.523
11.286 628.943
876.289 749.629
656.074 955.902
554.566 627.933
313.390 991.631
159.997 185.221
55.566 437.462
985.321 178.187
769.816 409.417
80.686 486.909
513.264 111.335
348.675 51.814
820.251 778.629
749.930 91.529
775.394 304.850
297.436 262.229
806.014 715.319
417.692 282.926
743.214 211.778
839.333 84.476
47.035 119.388
752.567 149.561
996.850 624.554
100.180 493.036
598.770 45.908
895.259 545.067
136.822 477.612
478.149 841.168
124.896 712.498
489.960 696.355
769.381 855.648
268.832 15.308
920.324 706.183
632.083 140.280
347.839 428.573
436.294 356.886
328.455 348.977
192.897 147.962
159.943 169.341
427.321 56.701
956.834 432.249
123.188 410.252
208.352 154.180
949.801 799.680
398.106 393.776
911.773 400.198
80.386 242.353
168.480 956.759
751.082 49.222
461.359 102.960
852.391 512.401
452.340 142.945
779.240 43.394
