177
615.879 755.205
527.112 246.935
735.132 291.016
72.626 449.742
466.618 872.822
393.810 908.923
263.516 870.814
315.658 807.851
360.670 632.728
516.269 161.050
665.432 275.330
10.605 69.937
594.824 27.787
274.055 854.079
381.880 583.285
934.306 896.411
94.394 640.863
886.155 578.780
637.417 364.258
864.847 747.004
486.628 672.250
270.831 624.117
484.739 281.325
254.620 121.185
999.230 278.632
118.280 161.716
411.869 686.198
585.944 425.189
973.774 168.373
386.688 309.525
459.826 417.694
826.687 256.378
394.078 449.235
615.367 489.057
569.092 489.054
266.785 441.405
825.351 405.687
987.241 20.795
709.724 367.951
471.044 355.602
530.077 42.796
559.883 797.707
95.360 97.830
192.390 25.185
0.364 506.668
521.572 804.614
989.795 113.797
956.446 774.952
1.781 250.285
500.667 182.402
207.852 680.125
332.023 721.414
895.549 31.530
921.637 741.261
787.137 158.246
644.585 197.329
490.242 244.870
388.048 553.646
909.892 487.962
952.347 31.553
643.163 429.408
773.553 89.618
807.150 129.900
54.560 928.493
211.560 487.028
125.678 896.942
50.792 106.367
703.893 541.275
418.702 444.858
90.123 808.537
171.900 17.171
908.217 981.404
860.109 819.981
994.674 595.452
823.303 703.212
577.886 468.389
959.215 322.730
76.713 365.485
994.628 641.651
647.946 823.167
920.552 68.599
839.634 115.196
51.464 645.395
170.862 0.024
676.754 44.867
984.054 886.281
149.866 883.682
468.705 864.454
718.289 19.926
81.262 271.442
281.884 593.359
508.088 548.398
796.409 724.891
7.745 358.281
111.589 123.425
382.523 293.373
724.519 333.460
252.337 281.997
566.581 768.571
310.870 216.256
584.210 898.861
25.537 646.077
999.092 339.905
384.612 601.530
250.102 763.391
976.210 971.487
782.094 376.607
715.508 244.471
814.026 974.037
760.198 827.698
195.136 849.855
74.974 791.358
453.401 661.922
50.248 189.696
812.073 603.796
283.054 994.670
459.579 899.384
68.298 74.389
718.097 718.049
460.890 202.534
107.289 363.824
218.059 681.478
333.980 534.203
980.146 49.815
609.735 460.930
901.946 819.852
475.452 304.894
47.668 55.628
30.481 306.736
365.011 295.832
670.813 739.268
131.390 999.010
209.376 769.819
997.060 875.982
228.113 863.930
848.893 590.969
823.386 812.269
177.483 246.578
863.188 634.919
335.317 521.911
978.513 110.387
40.151 870.792
272.343 300.530
807.618 199.501
512.172 738.849
932.443 281.297
441.660 385.970
112.802 988.823
603.727 810.345
704.768 545.316
934.558 59.237
543.340 542.407
981.442 587.993
194.838 80.613
363.641 986.053
476.988 118.926
770.123 951.686
872.007 581.816
225.875 949.979
133.557 555.305
316.968 511.436
643.130 887.940
878.451 122.021
505.324 847.998
165.278 483.914
717.774 98.786
354.479 535.705
318.044 751.138
535.021 202.844
540.175 353.399
702.667 934.126
165.476 281.238
49.844 752.322
66.640 626.991
481.526 189.372
879.588 881.902
889.077 435.580
