203
11.655 735.992
158.013 986.339
16.881 879.491
681.351 857.342
999.816 239.715
338.078 708.194
280.582 263.314
228.610 857.837
874.533 797.616
223.391 924.838
511.370 231.386
455.537 419.875
78.959 564.692
359.964 569.616
930.217 645.571
405.100 863.574
995.173 490.257
945.025 18.750
140.318 172.195
938.065 690.485
719.082 286.617
494.985 887.065
99.876 116.222
47.416 468.662
840.482 554.990
401.459 502.057
179.211 948.133
353.801 235.260
311.233 824.933
318.268 904.807
336.177 441.549
74.201 907.471
796.151 474.447
115.401 492.483
376.148 840.003
927.983 741.106
287.212 41.379
893.940 944.499
158.375 499.926
480.971 976.429
43.049 61.707
843.748 569.581
462.289 777.749
593.340 692.427
255.625 84.930
8.925 333.105
648.500 379.789
347.328 618.555
705.201 595.454
311.738 821.742
800.704 893.498
892.579 15.038
669.165 348.085
388.445 518.089
143.886 249.433
986.259 331.004
913.004 684.410
314.816 318.704
604.861 702.079
340.036 59.060
172.222 860.675
728.860 108.271
835.114 575.863
334.809 893.953
128.755 98.201
343.605 737.734
547.762 484.211
906.746 393.934
788.135 4.580
782.946 155.479
655.687 838.496
655.752 578.823
550.020 751.414
368.781 233.543
557.094 520.351
116.241 530.081
466.878 156.455
707.568 778.503
338.759 865.414
987.263 662.192
407.831 272.420
129.918 273.007
998.818 60.423
916.229 697.195
783.905 99.266
646.116 205.162
676.950 794.198
721.481 535.310
884.599 229.317
157.054 865.493
55.696 417.994
419.896 877.219
372.286 569.341
501.284 478.815
473.307 468.258
596.322 432.443
423.072 924.831
976.438 247.074
947.257 23.813
332.492 899.076
169.068 669.008
994.094 611.998
459.523 30.492
451.042 463.891
788.788 390.355
805.740 405.209
635.336 758.749
166.070 953.508
450.116 479.521
972.596 571.138
519.872 213.598
220.034 760.545
505.935 658.655
695.409 682.349
323.383 862.929
449.786 175.928
867.219 901.433
120.504 885.158
688.335 269.928
575.144 921.993
151.863 660.038
240.441 149.361
950.431 995.206
655.123 792.349
395.021 428.397
615.021 813.854
700.843 469.745
627.654 402.689
810.156 868.981
773.696 321.576
381.022 979.906
378.200 664.699
96.458 131.724
225.599 672.893
227.858 656.896
72.764 691.454
702.094 256.608
238.816 250.947
493.845 184.978
234.422 804.381
936.413 160.857
519.484 658.823
949.283 559.611
531.285 771.631
788.658 712.204
622.547 811.305
42.077 767.447
222.326 353.456
393.687 519.931
590.074 586.790
316.612 361.037
655.984 931.316
381.202 8.016
853.708 887.202
840.791 636.019
417.284 65.302
920.708 436.414
122.573 624.868
44.322 388.888
603.248 802.765
359.128 195.963
343.800 820.398
90.860 139.029
347.718 952.049
883.275 967.196
48.216 501.170
145.231 585.439
792.993 481.970
690.124 681.209
506.840 389.845
239.682 720.399
981.455 968.033
924.055 847.924
655.997 495.530
120.693 798.682
183.475 930.538
857.486 283.271
906.572 756.120
811.843 108.481
271.762 155.066
941.389 243.910
443.949 752.255
397.106 631.892
624.681 379.540
927.223 668.647
739.868 731.579
619.788 169.409
914.619 942.557
102.287 367.886
187.226 132.045
579.160 433.329
133.305 481.870
695.619 135.905
646.019 659.129
832.148 998.795
880.705 373.942
83.073 333.447
169.138 852.876
366.043 560.586
726.410 460.606
998.037 658.990
596.493 166.024
240.274 688.519
