242
469.223 284.933
226.645 5.854
854.137 711.001
237.859 222.430
296.597 814.911
666.715 951.681
602.108 22.182
220.351 602.792
20.373 153.960
606.048 630.956
464.729 598.688
703.542 985.430
782.651 361.783
420.281 85.940
494.293 516.743
172.266 562.644
578.756 282.799
83.605 999.942
6.182 373.068
489.887 308.874
316.408 453.598
164.256 482.254
849.795 445.133
864.292 13.988
839.886 699.000
122.940 832.961
78.154 654.340
968.084 707.080
919.527 896.766
33.027 42.999
650.167 603.814
477.477 668.508
813.837 680.666
829.981 70.892
319.978 707.575
541.743 243.133
394.314 46.596
843.214 737.886
48.221 846.762
392.684 899.745
693.433 239.645
582.111 238.919
244.442 116.093
640.903 267.599
406.992 404.985
883.612 466.403
259.876 59.107
707.099 427.584
255.367 967.193
384.221 812.150
113.690 632.552
283.764 455.776
141.191 399.698
125.881 131.232
403.646 501.366
395.542 362.314
496.075 174.145
408.017 658.246
846.773 488.218
572.464 974.229
847.511 751.473
786.663 737.152
241.570 644.385
209.149 441.993
133.532 553.395
763.292 991.201
107.329 660.221
58.120 80.505
496.488 755.132
513.354 531.634
99.834 364.359
283.134 64.780
190.842 209.874
13.076 0.211
333.157 606.822
203.370 269.286
640.214 386.235
57.660 666.128
535.534 951.937
206.850 788.870
628.032 539.093
826.697 724.782
943.701 267.729
28.240 612.594
804.143 970.423
471.527 481.166
136.713 460.730
718.654 172.766
189.623 91.929
373.817 286.761
653.446 642.983
97.098 38.069
929.700 688.839
690.628 720.742
761.216 344.558
567.222 90.755
934.571 461.577
883.433 574.128
152.553 725.726
157.818 205.152
42.624 354.333
682.116 403.051
259.032 610.915
595.207 353.643
441.117 433.042
343.782 826.447
212.592 383.641
885.725 54.740
211.682 773.210
667.985 341.590
516.581 405.835
21.259 146.705
235.724 321.923
404.422 376.132
868.103 637.912
749.836 651.646
36.228 896.419
0.029 736.270
993.627 665.954
294.329 668.117
589.935 959.082
26.176 117.268
822.756 815.723
1.053 125.260
606.312 79.934
534.191 446.913
597.176 943.127
562.901 805.746
534.647 905.632
774.087 148.313
42.591 262.571
652.753 697.509
920.758 315.878
902.751 818.592
628.453 377.341
867.601 991.923
564.580 477.410
124.187 334.621
998.006 273.005
865.469 289.670
783.521 272.100
14.192 699.914
719.437 872.883
798.806 155.619
592.893 223.857
335.958 571.633
108.131 971.697
267.244 888.508
796.305 10.908
973.135 373.618
587.172 364.470
214.758 655.107
805.243 523.536
532.876 278.369
706.949 550.846
844.192 841.694
195.098 119.309
493.874 22.303
884.277 707.184
687.471 870.835
328.300 596.359
375.083 237.408
201.436 159.553
662.580 173.143
738.717 353.059
73.166 27.639
203.989 144.164
994.399 803.331
412.712 699.956
937.506 823.994
289.128 427.902
695.646 325.212
950.454 195.939
249.875 24.637
978.407 350.080
438.765 539.273
510.142 916.196
88.937 141.586
239.547 246.046
172.899 170.044
219.219 485.498
35.404 981.193
836.674 244.663
468.892 947.038
373.001 334.140
291.268 642.859
974.110 406.666
2.951 956.100
968.463 643.436
637.056 7.563
881.433 957.927
913.940 661.201
28.197 96.372
508.075 615.129
947.154 398.631
15.452 58.287
321.281 309.486
693.841 780.682
237.603 969.711
281.333 708.633
323.839 350.777
246.114 497.698
299.790 995.684
864.008 397.590
155.648 286.373
509.492 824.353
382.638 218.567
79.293 321.522
366.655 511.812
246.117 602.763
112.432 191.366
722.302 606.832
879.251 590.874
871.346 428.404
185.738 902.059
624.982 126.973
606.648 802.814
700.250 775.726
461.549 248.261
141.639 621.174
33.654 226.711
784.387 695.451
648.522 834.554
558.558 293.891
635.554 927.570
679.052 574.518
13.774 662.092
99.946 904.284
986.227 388.289
361.712 231.937
160.722 343.168
348.137 619.265
764.974 744.247
418.294 874.361
537.953 409.320
153.395 712.826
947.608 382.164
356.923 377.675
427.225 578.069
821.713 570.406
789.711 179.969
435.164 952.694
