283
414.168 303.424
365.623 174.688
705.143 540.185
278.277 917.493
248.903 815.186
419.566 859.705
802.374 640.525
684.435 724.272
137.541 551.184
139.882 791.625
196.565 882.805
532.857 801.794
685.831 331.036
123.500 715.589
69.179 409.674
507.289 858.734
640.175 599.943
682.611 408.674
506.070 336.382
432.782 571.703
896.879 738.887
50.296 477.237
580.077 5.158
405.458 117.090
213.843 248.570
957.366 58.112
64.238 275.485
747.523 828.644
533.133 901.722
250.172 307.608
347.822 170.727
94.113 574.913
782.401 335.112
50.626 990.533
19.215 744.647
473.811 53.956
198.290 258.076
748.195 715.309
484.906 621.057
525.249 138.392
484.889 951.435
978.580 816.454
183.286 995.397
960.899 676.310
907.377 50.228
973.275 305.122
889.714 315.508
316.161 161.450
418.998 691.331
311.835 250.541
997.099 480.255
542.140 543.034
979.299 224.936
957.914 575.978
801.372 49.216
887.701 586.407
824.448 222.474
407.887 626.809
77.400 459.355
218.631 482.942
819.621 969.759
598.161 961.544
578.016 519.444
53.687 832.277
964.368 169.113
964.586 231.099
313.471 172.163
972.545 211.063
433.817 449.057
93.424 105.512
10.508 942.206
898.625 553.470
178.752 463.636
855.659 137.162
549.373 452.805
294.237 184.045
8.187 901.447
337.344 328.752
51.802 98.542
667.141 15.297
112.813 710.236
301.413 204.054
780.010 778.043
820.001 985.292
455.361 821.266
924.014 867.338
29.931 399.979
122.739 956.039
738.337 59.819
974.394 262.338
356.898 940.100
581.277 998.806
416.645 912.935
525.754 994.631
80.916 749.498
794.014 626.436
865.123 325.379
117.463 127.253
837.056 923.693
821.836 442.540
254.952 73.705
420.485 684.873
482.821 128.199
504.851 974.945
572.031 784.660
83.216 437.527
897.458 781.017
604.422 900.028
663.249 142.657
586.462 935.813
493.175 873.169
281.568 933.101
65.849 236.161
902.214 150.927
235.628 547.269
540.524 443.194
501.845 128.506
938.674 495.726
502.373 372.458
635.468 335.000
76.858 86.577
515.240 243.801
70.586 296.678
288.485 906.944
462.560 148.531
149.496 266.042
383.418 325.531
574.794 632.287
436.233 948.807
754.900 983.846
625.564 898.086
257.450 216.715
544.600 369.347
726.663 375.450
944.895 307.709
971.299 646.577
881.282 11.914
868.982 582.055
352.026 650.010
403.926 610.041
689.318 449.330
772.149 162.348
414.904 189.349
853.875 737.150
707.197 195.914
764.370 842.037
71.345 658.955
355.034 500.614
125.046 584.157
737.644 813.965
87.857 235.675
435.975 393.756
685.348 378.442
334.506 871.606
794.459 326.691
385.885 214.122
173.544 11.597
98.140 873.169
650.430 99.466
992.913 496.708
264.606 128.928
156.801 146.654
857.109 291.097
54.039 899.048
848.406 646.387
531.333 647.309
517.365 809.242
33.855 647.746
709.218 284.933
611.816 71.691
55.575 294.556
351.502 481.723
212.271 501.342
43.553 372.232
446.453 802.855
994.451 366.894
219.722 600.923
795.724 348.319
787.711 851.545
115.179 558.051
79.120 713.692
938.570 676.514
460.976 649.324
547.620 442.467
678.369 841.632
18.205 593.094
773.407 140.466
220.355 789.788
300.529 605.939
552.579 437.447
383.794 634.326
103.847 326.359
753.258 735.909
926.342 57.192
487.238 534.205
468.058 607.456
122.870 867.020
831.005 153.979
957.039 677.251
680.129 852.783
841.953 952.736
678.438 874.286
748.511 794.336
107.937 765.337
800.742 489.291
410.087 797.860
674.820 576.920
562.764 734.537
602.303 771.645
222.002 331.412
231.538 317.384
314.760 937.444
620.339 834.818
751.986 467.845
439.851 365.267
436.962 52.451
960.511 249.298
259.179 888.743
868.428 361.740
428.458 706.213
534.279 521.402
765.766 23.690
541.377 756.462
700.488 321.343
782.961 885.046
983.147 358.373
608.459 317.029
238.696 265.769
442.545 446.499
128.287 898.159
454.044 153.051
444.848 586.542
889.399 173.150
375.489 699.372
99.415 191.452
140.707 18.105
939.383 467.858
149.995 221.019
422.256 361.706
710.790 895.606
469.402 172.022
247.854 249.279
102.183 517.470
580.571 323.200
260.924 390.841
453.042 897.969
749.023 954.128
212.247 104.462
357.605 714.779
188.106 765.971
227.357 506.177
162.858 929.589
978.764 618.624
488.447 852.273
712.252 815.860
459.791 414.962
519.671 465.714
885.833 999.410
26.483 63.515
167.867 765.471
808.910 653.540
155.589 286.214
807.794 835.109
163.610 730.491
340.347 973.972
488.779 563.702
961.964 293.115
736.325 988.733
414.677 168.924
599.122 909.994
935.774 464.466
310.264 62.469
768.998 528.548
330.208 967.065
327.110 4.829
963.490 786.171
84.944 586.401
500.141 919.715
87.249 754.933
156.754 845.184
475.137 927.549
814.514 827.843
474.723 217.707
