196
122.815 448.826
239.496 951.913
628.188 182.974
295.473 886.850
196.118 899.234
118.000 522.106
762.445 174.332
967.147 811.081
169.028 200.226
365.536 507.741
810.514 891.761
756.101 493.666
716.290 264.996
342.744 405.394
771.795 405.928
345.916 573.207
272.148 269.575
708.729 551.850
281.327 567.895
500.757 496.033
794.087 793.284
189.849 647.248
806.635 131.368
513.480 573.740
912.310 201.238
259.408 844.059
790.700 832.976
657.236 469.332
491.674 477.559
489.500 249.567
92.613 352.432
932.461 783.611
393.318 578.832
532.667 758.212
6.310 989.359
773.016 847.459
87.159 400.200
404.746 385.345
129.247 707.428
679.939 360.605
335.590 730.237
611.295 912.525
433.906 698.748
863.570 898.630
423.605 768.487
615.398 807.406
890.906 5.709
556.253 827.430
548.512 8.748
607.038 257.360
742.788 479.635
558.373 868.813
836.209 839.422
792.151 225.041
853.963 175.872
368.518 628.284
495.724 779.938
93.655 352.060
540.111 178.581
858.278 151.038
211.389 946.113
163.205 572.279
995.688 230.647
926.949 106.314
373.883 357.604
88.809 266.682
347.550 170.801
699.058 828.464
409.331 521.852
708.875 273.208
434.346 746.130
565.049 402.233
89.637 284.066
374.097 694.322
647.785 89.377
756.755 327.221
684.525 778.479
557.643 465.989
572.698 218.960
75.804 467.532
778.213 315.380
759.323 722.585
220.357 861.860
925.171 491.090
770.792 506.929
380.383 403.176
308.188 757.636
508.880 922.926
833.805 656.809
203.813 83.199
661.287 365.185
66.074 12.899
213.473 538.791
712.892 314.025
944.777 229.983
709.903 275.511
526.800 674.254
744.730 166.648
414.728 891.362
612.676 614.232
474.781 526.154
705.709 350.442
55.848 454.291
800.056 689.998
708.412 618.324
190.176 636.603
520.161 887.495
22.650 968.986
297.260 839.005
188.425 66.655
551.290 176.605
453.872 625.377
459.529 735.083
832.448 479.643
188.740 444.479
638.586 433.282
132.841 378.197
629.341 735.374
698.658 552.975
262.305 984.913
214.376 661.352
748.167 618.298
913.157 144.658
66.762 492.908
969.988 349.151
212.404 68.738
71.541 360.072
340.528 14.175
350.297 36.811
288.742 814.358
945.116 614.784
345.075 630.991
20.703 35.255
560.595 949.969
323.764 150.176
241.258 791.599
161.397 303.846
552.847 777.414
321.756 519.194
582.605 860.066
284.416 356.126
987.242 367.967
417.433 808.677
784.578 274.108
152.878 921.983
207.019 360.872
467.922 812.237
477.444 258.679
889.812 690.706
344.633 257.865
840.501 308.923
294.213 21.909
389.383 683.125
756.647 675.397
718.485 45.025
597.514 854.011
356.505 768.004
394.068 423.078
757.845 892.663
416.253 616.946
672.788 907.240
359.061 345.141
555.023 999.642
933.543 427.578
302.140 391.379
899.278 714.698
757.075 78.432
70.200 753.668
514.594 340.443
260.954 356.638
312.783 881.314
571.236 711.541
656.559 281.558
36.003 20.427
847.532 383.321
242.288 562.213
484.873 470.122
298.836 322.457
143.435 79.625
225.467 270.490
880.446 408.669
206.339 121.768
312.584 338.356
622.541 723.566
881.858 891.435
785.346 676.247
556.532 577.518
164.122 946.500
8.941 549.848
982.479 841.569
124.765 134.909
511.003 209.466
408.936 219.469
139.069 583.425
386.721 975.134
544.527 873.970
