161
784.911 520.466
511.492 393.535
996.817 289.365
148.260 261.079
260.437 327.367
267.911 107.644
325.500 311.065
569.240 201.631
70.788 202.552
542.443 388.562
733.471 803.060
414.438 99.358
727.995 755.663
396.063 658.289
299.051 914.893
833.807 791.963
953.915 232.841
545.252 731.377
801.474 390.280
138.544 626.317
104.642 705.360
6.955 454.500
479.754 119.799
480.193 500.066
369.072 896.273
866.070 890.535
244.884 25.882
376.612 113.658
705.231 262.938
128.383 283.708
403.423 735.400
461.040 301.177
677.370 45.327
209.206 687.470
752.047 101.309
66.468 505.796
656.450 16.116
436.776 274.800
85.105 171.139
285.841 467.040
112.223 620.343
878.755 683.976
67.976 648.496
633.868 8.770
384.699 652.549
950.141 928.954
569.531 588.851
958.469 210.627
509.143 61.544
774.596 653.646
210.584 197.083
523.724 751.702
135.888 323.405
512.757 261.199
884.478 725.036
955.402 640.977
681.276 285.468
504.711 429.249
478.455 62.470
849.677 154.419
458.331 930.042
512.954 868.518
260.508 466.852
379.251 324.288
369.412 445.244
841.766 970.957
94.605 667.692
528.841 413.161
40.758 361.842
317.000 367.078
593.472 367.103
295.774 274.270
977.277 391.854
972.875 165.617
663.906 554.471
709.889 514.418
873.869 587.559
46.645 682.613
613.161 245.304
730.652 835.728
277.148 148.419
289.133 589.488
444.134 72.188
449.655 547.240
578.725 353.825
785.282 676.831
258.400 346.424
925.325 221.042
447.461 304.034
583.258 795.149
123.473 190.331
63.772 125.945
520.694 488.885
945.502 453.071
525.439 26.454
225.403 309.392
243.742 788.057
416.996 136.303
534.139 156.172
186.090 608.053
85.991 756.655
438.807 64.377
674.062 961.465
738.520 841.391
939.192 271.470
486.291 741.232
396.897 966.807
423.266 21.743
95.099 427.034
18.918 609.862
994.508 932.983
986.701 249.026
180.296 70.576
930.810 26.003
72.470 667.248
947.737 534.142
63.049 35.222
819.516 688.376
310.375 984.094
281.233 148.468
966.266 55.661
362.830 179.887
639.782 488.804
252.062 627.747
106.871 983.273
783.459 208.755
595.962 271.521
574.819 315.219
210.215 490.740
71.623 992.891
787.820 227.433
598.768 176.821
166.837 383.256
716.019 69.152
936.308 251.277
164.243 487.617
905.131 415.624
536.833 986.892
527.243 347.072
189.253 521.527
631.100 592.189
193.593 12.346
965.455 688.931
844.779 841.623
425.658 186.692
963.533 896.468
65.872 629.869
500.393 24.255
568.752 650.453
446.555 255.167
886.376 671.541
278.636 778.092
909.528 388.082
573.467 94.115
132.462 850.270
954.851 931.427
148.881 701.885
392.405 215.061
893.641 95.504
81.232 349.440
146.088 396.761
