247
8
24
47
225
226
126
178
170
234
38
203
73
43
39
237
105
181
199
210
162
134
238
128
90
182
102
228
29
196
192
227
76
172
129
10
149
194
193
46
189
44
13
4
56
241
125
30
173
190
20
145
197
231
119
230
147
245
98
97
41
72
2
18
82
53
122
95
151
7
207
42
52
64
229
111
74
114
108
153
37
243
184
144
166
62
246
112
127
84
17
124
58
48
217
214
99
142
12
240
171
168
177
21
93
133
180
118
185
136
70
232
208
186
154
215
54
188
63
167
236
202
140
123
85
161
25
66
222
100
34
67
86
77
165
148
239
158
60
91
218
88
204
143
104
3
139
174
26
1
79
69
201
141
195
83
176
35
94
135
198
33
80
138
155
209
156
101
191
32
221
49
175
121
57
28
157
216
31
59
235
223
6
16
219
160
0
11
36
78
45
96
213
130
68
110
81
5
23
131
169
113
132
92
200
19
152
206
211
164
51
55
244
179
205
183
224
106
22
120
27
65
61
75
116
71
159
137
146
87
9
115
15
50
187
117
163
242
109
212
14
233
103
40
220
150
89
107
