27
52
78
165
92
62
28
13
54
117
0
96
106
51
26
4
135
74
119
25
66
154
49
40
91
134
126
76
60
61
140
166
48
32
19
158
121
88
173
89
58
129
105
114
149
110
33
155
1
86
163
109
127
120
169
95
85
39
9
143
53
99
81
179
10
94
8
172
38
168
132
103
69
57
111
153
41
100
83
80
45
164
138
20
71
64
84
152
159
151
122
24
180
157
87
170
34
124
98
17
22
23
47
14
79
12
115
141
11
162
93
130
102
147
18
73
177
46
59
16
21
171
82
174
146
31
6
181
56
175
90
107
137
136
156
108
2
35
116
176
44
67
37
97
123
77
182
50
148
145
104
161
3
65
101
63
70
113
178
139
150
75
183
142
118
112
167
125
128
144
55
5
133
29
15
68
72
131
160
7
36
42
43
30
