83
46
92
1
142
57
162
141
137
133
58
52
67
87
127
116
43
42
129
85
14
109
63
60
24
157
61
19
163
15
120
17
33
90
161
36
150
114
118
74
23
64
154
140
76
160
115
124
53
71
139
148
136
84
110
0
49
78
80
102
75
12
13
113
159
51
86
107
88
3
50
40
147
93
117
97
55
128
62
79
111
45
104
152
47
65
98
119
2
100
135
27
9
155
101
138
158
6
68
95
106
96
72
54
77
121
153
48
39
30
10
156
41
131
130
31
34
103
145
66
132
5
56
32
59
91
126
81
28
69
37
144
122
149
89
26
105
35
125
29
123
151
25
94
44
73
4
16
18
8
21
11
7
112
70
20
143
146
22
134
99
38
82
108
