102
147
22
83
61
110
165
76
174
50
150
146
196
171
182
186
198
99
121
12
70
97
178
184
179
144
163
98
193
168
63
94
169
43
190
92
183
96
191
166
157
133
72
134
153
203
53
199
20
131
27
74
30
86
185
2
173
39
160
125
177
87
152
58
28
149
62
161
140
13
26
45
56
154
155
143
208
201
103
8
51
159
204
108
135
77
67
180
145
124
136
59
37
75
162
181
32
175
123
107
209
64
120
200
139
42
156
109
142
130
205
126
164
206
112
41
101
47
148
34
18
9
104
105
4
66
0
29
132
90
194
95
122
81
111
85
69
207
202
10
71
192
79
118
188
141
52
68
7
176
115
113
197
35
25
11
195
78
100
17
167
31
44
57
46
82
40
84
48
49
14
138
172
129
54
116
1
3
88
21
15
38
137
89
65
80
189
106
19
151
91
170
187
128
158
55
114
24
73
60
127
36
23
6
117
33
93
119
5
16
