148
49
16
167
78
207
106
200
70
139
44
34
127
69
132
158
24
165
204
80
157
65
95
162
94
83
174
201
134
180
25
55
156
122
142
50
62
169
168
206
91
116
33
39
166
47
190
160
135
8
31
46
203
154
104
29
77
186
131
66
123
48
163
87
72
86
60
173
30
130
111
110
155
5
144
12
67
205
109
3
15
177
35
103
192
126
141
51
84
10
32
194
19
99
176
0
18
193
81
208
89
119
41
97
2
164
4
98
114
149
61
20
82
90
21
75
187
159
133
79
13
140
102
40
45
14
22
59
63
124
181
145
178
64
100
195
120
52
172
92
197
36
56
184
107
37
68
9
202
115
188
191
182
1
175
196
170
27
43
71
183
26
143
23
17
125
138
171
7
118
147
93
74
136
185
150
153
117
88
6
57
76
38
105
96
199
161
113
129
189
198
73
54
58
146
112
28
179
209
121
128
53
151
137
152
85
108
11
42
101
