41
48
34
177
13
60
15
43
36
157
125
71
111
85
83
31
74
154
64
193
52
88
16
44
190
129
120
57
78
18
172
175
1
115
139
9
161
82
96
100
73
92
0
39
72
169
86
152
19
67
62
90
163
183
35
171
87
4
119
186
3
61
128
132
127
130
14
141
204
206
49
28
173
29
145
56
47
196
93
10
212
200
70
136
25
121
158
214
116
149
195
91
27
76
55
167
207
213
84
144
155
94
123
143
95
106
114
42
210
185
142
51
174
179
124
208
11
118
199
112
182
113
101
105
5
164
98
184
66
103
176
22
168
33
122
180
12
102
46
21
104
194
159
8
140
147
45
20
211
65
151
6
146
37
63
131
50
148
165
189
68
156
81
135
178
117
24
77
75
205
17
99
191
107
192
80
138
133
26
201
162
109
126
209
166
69
181
187
53
110
59
134
89
153
7
32
79
150
23
170
97
203
197
198
188
38
58
160
202
137
30
40
108
2
54
