4
244
159
130
263
208
83
46
7
131
78
124
87
123
64
143
189
184
79
202
146
21
35
120
193
236
50
61
128
234
172
207
218
221
40
290
155
203
179
116
68
190
214
222
282
29
195
5
138
12
41
169
66
81
18
84
57
147
265
167
88
217
141
199
98
175
260
231
285
200
80
242
161
109
248
211
8
126
112
257
118
10
20
258
117
186
165
243
19
240
156
73
280
224
142
135
134
264
94
183
39
77
32
182
198
178
162
70
0
166
180
251
295
209
2
76
157
274
197
292
42
53
102
226
253
6
237
268
286
220
279
58
22
23
275
56
238
119
273
82
129
36
69
85
60
160
148
164
51
92
37
247
181
15
89
91
245
38
287
137
55
9
140
232
192
266
90
24
293
177
168
132
97
213
133
225
151
30
223
230
100
44
216
188
277
174
152
163
294
74
194
14
139
127
219
259
45
49
136
246
59
256
33
114
288
283
115
86
170
111
108
254
249
272
96
54
171
191
176
239
212
27
187
101
262
62
31
173
255
228
67
204
269
278
28
235
276
270
267
185
75
252
149
47
150
93
103
122
63
271
227
261
1
201
125
210
11
153
158
106
229
72
145
34
110
154
196
13
71
215
104
95
144
233
206
284
25
105
113
281
16
52
241
291
48
107
121
17
250
26
99
65
289
43
205
3
