178
98
136
209
51
1
113
121
229
108
6
2
14
25
95
152
135
4
11
44
185
88
118
5
10
112
53
215
129
50
91
212
79
99
68
77
101
37
160
109
191
103
24
46
161
31
96
157
60
159
207
146
216
151
20
82
45
177
210
195
86
52
139
41
148
26
137
22
165
33
175
67
205
125
188
130
134
15
49
174
206
211
158
201
63
70
190
141
222
72
171
23
61
145
225
83
170
12
65
184
17
40
147
42
30
119
35
93
48
202
54
186
155
176
223
64
8
9
180
217
34
106
153
114
197
115
128
100
32
199
117
133
28
94
154
166
144
3
116
182
194
208
39
38
0
169
27
43
97
138
69
66
7
231
56
150
122
227
78
218
198
143
58
187
89
156
47
181
124
167
85
221
230
224
168
127
220
123
90
74
57
105
226
75
131
16
59
110
84
192
204
36
13
132
140
18
29
228
120
200
193
142
126
81
203
189
71
111
19
179
87
92
172
213
21
73
149
214
80
55
219
173
102
196
164
162
76
62
107
183
163
104
