199
111
201
120
33
78
115
196
4
86
154
106
189
103
114
150
28
34
122
133
23
42
128
69
45
18
44
62
127
137
2
39
11
121
160
156
110
184
129
36
47
126
19
16
60
203
142
12
40
31
148
194
161
165
9
96
41
55
98
73
190
152
151
7
172
81
140
143
113
141
35
53
25
188
87
5
21
20
170
26
183
192
145
63
173
187
10
82
56
149
29
117
162
195
119
124
159
97
72
171
206
146
204
169
85
70
174
101
65
30
176
90
15
71
94
105
46
8
92
17
163
74
177
3
153
109
125
181
91
166
144
61
207
66
22
6
79
50
164
84
197
100
147
132
57
88
99
38
186
167
116
123
131
37
136
175
80
51
93
49
76
205
48
135
64
54
191
158
43
185
104
180
155
157
24
89
0
58
182
75
27
52
200
83
77
102
138
134
32
130
193
168
202
112
14
179
1
139
178
59
68
108
95
118
107
13
67
198
