204
158
12
214
19
76
266
5
230
114
81
0
3
73
197
215
67
63
265
185
74
127
151
15
256
155
154
179
44
164
173
259
241
52
70
210
202
134
119
159
141
267
192
142
4
211
59
14
33
91
108
122
206
71
29
160
147
77
86
11
181
198
131
139
6
260
9
21
200
225
253
40
38
263
169
231
238
199
191
34
153
212
145
217
229
232
129
105
148
102
95
207
79
83
85
250
39
26
248
98
50
219
171
130
72
118
96
32
57
258
193
143
174
209
201
205
236
182
187
176
261
156
87
247
172
55
167
235
240
125
94
36
120
18
24
162
223
218
66
43
30
221
140
149
35
64
22
116
188
101
53
82
10
243
264
54
75
195
41
25
23
47
13
20
146
249
1
220
184
233
69
80
262
252
37
78
93
196
186
163
166
65
133
244
2
194
180
135
239
224
51
84
121
157
255
208
27
56
107
109
7
227
42
189
48
234
257
138
106
175
68
226
62
251
237
152
104
170
88
46
222
28
124
8
136
111
97
99
113
89
61
183
168
161
150
246
60
228
245
216
137
16
126
132
90
49
178
177
45
112
123
103
92
117
17
31
242
100
144
203
128
58
115
213
254
190
165
110
