23
130
291
217
80
196
246
142
249
35
57
87
119
207
279
286
129
225
96
79
267
136
229
157
220
43
12
39
283
126
86
6
47
10
242
91
245
109
101
82
288
70
128
94
58
88
2
154
44
266
181
224
202
254
52
36
240
9
14
260
289
272
295
64
273
7
178
275
31
46
137
206
198
0
1
81
241
121
235
24
219
214
166
186
278
61
179
168
218
194
173
193
232
195
21
185
66
160
213
144
190
163
51
4
274
215
37
162
114
105
93
63
100
176
117
158
140
276
3
104
270
122
152
280
201
222
68
248
72
28
169
34
110
38
65
32
138
284
187
56
156
148
170
247
123
237
208
251
15
133
62
159
111
134
74
183
212
5
223
107
143
25
92
55
172
76
77
174
113
161
108
153
250
188
264
141
27
285
139
85
294
118
60
282
290
252
16
149
83
204
165
145
197
69
54
175
293
233
146
184
131
102
239
277
238
164
17
199
287
151
48
180
244
67
234
258
73
263
205
124
200
257
255
182
19
103
99
22
189
155
33
116
265
30
18
150
90
13
97
259
106
125
261
59
226
171
221
98
147
203
177
227
231
228
84
112
210
50
127
20
42
281
95
45
216
53
269
120
268
230
167
78
292
271
71
8
11
253
192
41
89
132
211
115
262
209
29
75
243
191
256
40
135
26
49
236
