193
97
63
96
166
258
8
209
244
227
37
231
82
77
174
262
125
17
57
90
29
216
203
120
53
173
60
106
254
28
14
4
50
233
79
256
186
58
89
45
187
47
131
78
30
70
23
98
247
240
172
251
228
252
5
221
142
107
156
146
261
123
150
93
140
52
255
112
223
15
200
110
245
222
92
226
22
129
179
208
81
190
175
11
91
16
59
44
230
135
260
67
257
19
151
80
155
49
26
69
264
73
65
168
35
192
183
71
243
176
229
215
74
239
214
127
191
153
188
133
126
246
132
100
32
225
48
54
238
204
103
213
253
86
33
154
159
21
24
219
39
99
114
83
177
87
235
207
202
180
42
25
250
94
105
184
232
38
31
62
181
116
161
178
75
18
76
220
10
197
108
212
46
51
6
263
145
104
34
118
130
144
122
9
259
195
165
119
160
170
128
248
64
152
185
236
0
148
217
36
68
139
194
171
12
164
237
40
210
137
162
199
167
136
134
20
218
3
1
182
117
158
141
102
85
169
157
111
205
2
149
242
138
147
72
41
189
88
249
113
143
196
115
84
241
55
211
109
206
121
234
13
61
27
163
95
101
198
56
124
224
66
7
43
201
