69
83
175
192
232
246
35
196
84
240
190
199
78
258
167
227
200
64
221
23
139
62
31
74
210
168
138
116
48
52
202
86
7
218
243
242
27
183
141
151
215
256
109
195
166
105
180
182
89
33
44
81
70
270
176
0
49
28
42
217
229
36
140
137
39
209
1
112
118
14
203
111
239
244
98
38
181
54
257
169
170
26
262
204
178
220
223
63
8
115
268
96
252
88
72
146
149
163
264
238
104
65
90
19
61
131
186
57
32
73
225
110
216
249
123
92
234
250
255
144
143
153
165
67
205
4
132
46
29
260
34
197
24
95
212
211
113
119
263
91
159
3
59
55
56
120
53
135
219
103
47
222
97
150
6
233
2
18
108
188
157
71
191
247
237
155
51
125
177
12
164
79
77
60
114
161
147
172
121
224
25
127
45
261
134
185
269
142
152
128
130
208
40
156
117
10
85
126
87
82
154
266
174
20
22
214
80
21
207
213
99
66
37
171
206
158
231
189
187
15
17
148
230
235
253
16
194
193
9
100
236
102
162
248
160
106
201
43
145
251
122
133
226
124
265
129
58
94
30
173
184
254
179
41
13
93
76
50
11
136
107
101
198
245
241
267
5
228
259
68
75
