68
131
183
6
88
209
152
143
168
201
107
61
200
205
44
141
178
13
24
80
180
198
139
22
109
76
17
127
35
130
181
58
89
177
36
171
129
33
66
65
79
50
135
43
26
57
119
78
162
47
29
101
147
153
108
132
40
32
19
70
67
197
157
11
207
106
95
199
151
97
63
91
23
75
51
140
204
105
74
169
146
99
92
72
172
186
189
96
144
93
163
156
142
191
145
9
118
12
82
210
102
110
167
155
0
25
87
59
64
34
60
21
116
190
62
31
52
160
115
20
7
165
124
83
154
1
84
111
8
49
206
94
164
5
39
195
15
185
69
134
16
3
48
179
90
175
113
193
117
133
27
148
126
53
192
38
166
18
128
2
103
37
45
161
213
150
188
14
122
54
203
71
208
10
136
170
73
98
46
86
81
104
158
41
55
182
215
211
125
42
123
176
184
28
85
196
187
173
149
137
30
202
212
214
114
112
138
56
77
174
100
194
159
4
121
120
