169
27
60
18
38
96
106
36
176
58
102
76
145
24
28
46
140
123
37
59
150
80
52
162
81
62
54
143
31
2
107
10
55
165
61
88
84
12
40
155
119
174
49
9
168
1
56
22
126
29
95
129
99
23
153
43
70
83
117
127
11
66
42
94
25
113
48
89
128
93
44
3
77
120
171
137
97
142
35
64
164
159
16
173
82
101
172
111
69
141
63
147
131
65
86
110
134
13
6
158
115
154
5
116
4
87
163
100
161
170
156
108
71
105
133
85
15
175
125
72
136
109
79
148
41
45
144
98
0
130
118
92
74
19
53
47
78
73
152
17
157
135
138
114
149
67
33
124
75
34
151
91
20
112
26
51
167
7
104
132
50
121
21
90
8
103
14
57
166
122
139
160
32
68
30
146
39
