0
135
100
120
157
166
12
75
38
191
33
165
23
90
158
45
196
188
81
54
18
162
132
22
40
64
189
121
179
44
36
59
152
102
155
76
115
138
110
10
80
73
160
27
6
137
147
57
150
30
124
11
169
190
95
127
183
46
52
20
118
136
85
201
186
192
61
69
178
84
68
51
17
98
82
140
4
97
55
180
88
176
129
104
105
195
67
156
16
142
109
101
200
79
14
184
19
56
83
35
177
8
172
171
122
187
37
164
194
116
153
50
128
77
86
123
106
159
125
145
70
3
151
119
21
39
96
130
163
29
99
63
78
114
28
49
161
34
15
91
181
42
143
72
112
141
43
58
193
168
113
185
144
154
62
41
24
167
32
199
126
173
87
48
71
149
74
66
93
94
103
108
25
148
53
198
92
13
47
182
131
5
65
134
133
202
170
111
139
7
9
175
26
107
1
31
2
117
89
60
197
174
146
