84
135
190
28
167
169
133
155
122
60
37
81
61
232
221
32
24
2
158
92
27
118
188
191
114
212
97
239
152
58
22
203
213
45
96
194
236
186
228
149
174
138
172
82
132
139
182
140
12
94
164
47
101
76
134
150
103
109
171
40
43
144
41
35
16
223
153
19
0
218
56
95
124
215
163
87
129
240
143
33
107
23
148
189
6
157
13
36
71
46
173
1
88
156
42
166
162
179
72
99
210
53
177
67
91
165
73
29
195
192
121
123
111
8
220
130
207
100
18
70
137
230
52
86
21
63
180
201
51
20
170
106
112
204
75
178
3
229
206
161
89
196
200
237
184
55
113
44
104
110
234
125
136
80
225
154
211
115
30
9
90
131
93
217
197
142
159
222
216
127
205
68
31
193
10
238
175
69
14
85
54
208
145
160
74
231
57
168
34
199
119
185
62
151
102
209
7
15
64
219
50
66
26
77
83
226
141
117
235
98
108
79
25
38
116
187
181
17
146
227
214
198
48
202
147
4
105
49
233
39
241
183
176
128
78
59
120
126
224
5
11
65
