202
82
262
281
85
41
275
106
143
20
181
198
43
135
252
53
159
50
236
270
117
71
55
137
164
260
6
95
37
192
7
208
104
11
166
222
207
127
165
38
195
182
101
48
219
233
248
138
190
57
139
19
231
265
194
51
220
256
115
183
189
74
62
16
206
2
272
204
99
213
140
17
152
133
32
154
177
218
96
162
46
134
225
175
45
266
89
216
65
52
67
64
113
232
56
141
186
197
73
25
193
44
136
54
221
88
79
22
169
158
108
144
168
223
12
119
226
243
132
118
18
121
282
240
230
124
102
116
39
35
215
23
268
142
155
1
30
47
66
75
81
49
77
126
0
238
214
151
255
228
68
171
147
188
176
114
250
172
59
72
244
209
210
29
227
241
131
24
36
261
125
237
161
247
160
100
271
274
156
235
258
78
120
69
97
234
150
112
26
170
122
191
173
86
14
105
58
21
242
8
179
148
31
276
185
167
146
34
63
163
76
70
33
87
42
251
229
157
196
279
9
203
278
94
180
80
13
263
259
249
187
4
10
217
123
3
111
211
273
264
90
153
5
205
174
84
253
15
110
28
277
280
245
92
128
40
103
93
91
61
109
269
107
130
212
184
199
201
239
246
267
129
60
83
257
200
98
224
178
145
27
149
254
