149
16
177
182
161
64
37
157
85
13
164
140
169
145
114
92
175
18
138
9
68
32
15
131
55
159
111
96
171
183
117
76
67
35
26
52
20
81
153
185
103
88
121
104
17
118
99
186
23
100
19
28
176
77
71
168
147
29
191
58
110
78
49
172
12
69
95
93
101
39
90
115
27
50
11
84
113
180
174
14
75
80
150
143
53
6
97
2
74
48
154
166
22
46
63
122
59
54
24
94
62
124
141
163
83
130
148
165
31
7
189
184
43
10
158
160
41
133
162
87
106
195
51
139
155
45
47
137
33
56
146
142
44
70
112
42
152
73
40
156
86
135
82
25
129
108
3
170
98
194
119
1
60
4
144
187
34
107
167
38
120
21
105
61
193
5
188
123
102
79
0
116
36
126
30
57
72
65
136
179
8
190
132
173
91
178
109
181
89
125
151
127
128
134
66
192
