91
38
8
90
3
29
52
159
68
21
35
108
160
132
135
139
128
62
39
64
83
23
92
57
67
1
9
138
84
70
127
126
78
56
28
18
0
75
122
74
140
46
148
17
89
51
105
30
13
44
81
123
99
19
40
66
114
42
146
109
77
100
20
156
33
151
96
154
129
124
118
14
24
106
60
61
137
102
65
45
155
110
145
25
143
15
103
79
10
12
49
85
117
54
41
150
142
55
76
115
93
136
152
72
2
111
104
134
87
16
47
73
120
113
158
59
130
125
34
133
32
36
43
153
94
147
48
58
107
101
82
11
27
121
157
144
97
22
98
131
7
53
149
37
31
88
63
69
6
71
4
86
95
50
80
119
5
26
141
112
116
