20
71 257 207 166 275 308 195 359 318 381 338 14 1 109 11 13 236 274 126 321
87 391 320 322 55 243 3 390 173 386 371 383 187 205 44 253 358 354 83 324
93 330 230 16 102 110 118 218 170 259 370 382 246 107 361 108 84 328 289 245
121 298 206 294 283 96 378 192 21 231 82 165 158 201 228 194 161 369 270 183
304 89 151 147 153 313 296 319 203 241 315 160 384 111 344 276 286 349 30 142
240 251 186 80 33 99 202 125 264 185 196 223 373 172 299 9 129 181 258 35
122 379 38 164 293 233 310 59 17 46 280 311 252 28 392 39 211 265 234 393
355 222 332 284 91 105 49 86 167 377 331 220 399 190 2 272 345 260 15 395
32 145 20 288 224 174 0 40 278 250 197 287 152 22 180 116 209 176 262 341
396 29 54 193 51 45 301 200 210 115 327 31 47 397 163 394 134 366 48 52
199 385 7 229 64 113 56 217 198 139 61 90 292 343 140 339 43 6 162 356
94 375 135 69 119 336 154 178 208 184 171 380 79 77 8 300 314 285 73 62
95 27 10 169 346 78 75 305 267 213 307 106 143 239 254 388 150 219 74 137
123 261 291 389 85 127 242 398 363 295 101 273 277 117 182 131 103 352 290 367
303 340 50 65 70 133 24 57 34 271 23 232 347 312 297 66 342 155 76 97
149 281 334 306 60 25 360 146 248 5 325 72 68 337 188 19 302 216 263 136
374 362 63 214 124 4 189 53 81 365 112 128 357 191 67 177 37 348 333 212
282 12 175 235 41 88 266 104 368 36 335 387 156 179 256 244 316 120 237 309
100 132 372 249 168 225 114 279 204 58 130 98 141 238 215 269 353 18 226 376
268 157 255 148 42 227 323 329 26 326 364 144 138 92 159 317 351 350 247 221
0000100000000010000
0000100000000010000
0000100000000010000
0000100000000010000
0000100000000010000
0000100000000010000
0000000000000010000
0000000000000010000
0000000000000010000
0000000000000010000
0000000000000010000
0000000000000010000
0000000000000000000
0000000000000000000
0000000000000000000
0000000000000000000
0000000000000000000
0000000000000000000
0000000000000000000
0000000000000000000
00000000000000000000
00000000000000000000
00000000000000000000
00000000000000000000
00000000000000000000
00000000000000000000
00000000000000000000
00000000000000000000
11111110000000000000
00000000000000000000
00000000000000000000
00000000000000000000
00011111111111111111
00000000000000000000
00000000000000000000
00000000000111111111
00000000000000000000
00000000000011111111
00000000000000000000
