20
177 82 11 29 166 60 200 219 199 323 240 356 185 294 319 333 336 256 248 126
291 267 277 194 68 55 274 94 92 184 222 136 43 348 195 87 352 331 279 198
69 20 157 146 230 384 45 53 306 354 357 370 326 315 51 54 207 61 209 281
266 270 328 85 377 241 226 162 243 44 15 65 390 202 58 246 97 365 84 347
286 9 76 167 145 5 251 13 283 161 353 297 264 173 32 164 299 203 52 355
35 187 340 373 40 96 149 225 388 6 329 349 188 334 160 70 372 287 67 57
383 212 345 295 28 350 125 66 0 288 80 312 272 118 48 317 292 175 91 143
221 18 378 381 322 309 260 2 71 130 382 236 318 156 25 358 50 280 115 1
56 178 47 396 26 196 211 249 171 235 325 127 64 49 290 255 79 314 73 302
119 19 170 78 109 14 16 250 206 140 110 393 41 229 30 137 359 330 116 128
21 133 191 391 293 144 371 114 154 117 169 300 8 95 238 132 276 216 88 316
150 99 75 344 263 86 148 217 346 181 313 113 189 253 121 90 239 59 42 376
104 394 172 224 223 375 103 165 265 380 151 362 399 220 152 100 392 122 341 123
159 180 389 282 244 227 366 10 379 23 31 218 387 364 284 233 36 269 153 304
363 232 4 147 7 258 120 46 351 307 234 252 278 33 183 261 275 192 17 342
374 38 12 134 303 98 205 182 89 214 93 242 179 135 228 81 385 343 310 204
193 398 213 298 158 101 139 247 237 397 63 22 361 197 174 37 320 271 285 74
201 289 327 210 102 176 62 311 142 395 324 386 268 215 360 106 138 83 111 129
112 305 332 208 231 108 335 124 308 168 254 339 155 163 257 34 337 190 368 273
186 369 77 107 245 24 131 105 72 262 141 321 338 367 27 39 259 301 3 296
1100000000000000000
1000000000000000000
1000000000000000000
1000000000000000000
1000000000000000000
1000000000000000000
1000000000000000000
1000000000000000000
1000000000000000000
1000000000000000000
1000000000000000000
1000000000000000000
1000000000000000000
1000000000000000000
0000000000000000000
0000000000000001000
0000000000000001000
0000000000000001000
0000000000000001000
0000000000000000000
00000000000000000000
00000000000000000000
00000000000000000000
00000000000000000000
01111111111111110000
00000000000000000000
00000000000000000000
00000000000000000000
00000000000000000000
00000000000000000000
00000000000000000000
00000000000000000000
00000000000000000000
01111111111110000000
00000000000000000000
00000000000000000000
00000000000000000000
00000000000000000000
00000000000001111111
