20
30 164 115 190 152 303 163 254 36 340 363 336 13 73 168 342 200 387 132 263
253 284 206 153 64 189 22 56 313 310 92 276 294 150 52 120 75 373 372 344
207 148 198 287 67 300 89 301 124 351 87 315 12 312 199 53 282 210 264 204
180 270 175 72 26 15 202 3 390 1 24 103 261 29 208 128 184 77 212 194
106 155 375 88 296 196 170 244 227 116 268 2 176 214 96 260 271 385 370 201
34 112 205 305 119 218 58 17 74 391 349 215 80 188 134 341 62 322 156 321
101 179 381 78 278 393 71 376 361 159 107 117 223 97 173 193 345 319 203 54
374 329 19 396 234 304 135 251 39 84 160 140 230 318 100 383 247 357 328 85
14 369 105 98 347 157 326 99 295 226 259 93 25 343 237 41 197 16 8 5
125 50 292 239 191 38 257 246 384 81 299 379 354 167 291 146 274 398 44 109
31 311 127 332 285 334 288 323 172 177 183 165 273 392 242 121 185 49 20 382
241 377 380 144 279 330 110 108 346 61 236 60 70 265 137 79 186 154 367 272
231 141 353 68 337 138 37 397 388 46 316 389 320 9 169 229 366 6 122 220
286 245 327 130 111 102 166 94 317 235 83 352 256 289 40 262 27 47 145 133
362 7 233 306 104 339 243 213 151 28 386 82 228 399 360 174 91 356 131 269
43 33 142 35 76 238 216 23 162 255 219 258 252 45 249 143 10 221 225 298
57 126 158 113 365 21 86 209 277 66 297 114 283 314 18 355 65 309 378 147
136 348 281 161 4 32 240 69 149 248 290 11 224 395 308 0 359 118 325 42
181 324 275 129 394 333 178 123 222 250 266 358 217 338 350 371 55 139 90 280
48 335 364 267 59 63 302 211 182 95 187 368 171 195 331 232 51 192 293 307
0100000100000000000
0100000100000000000
0100100000000000000
0100100000000000000
0100100000000000000
0100100000000000000
0100100000000000000
0100100000000000000
0100100000000000000
0000100000000000000
0000100000000010000
0000100000000010000
0100010000000010000
0000010000000010000
0000010000000010000
0000000000000010101
0000000000000010101
0000000000000010101
0000000000000010101
0000000000000010101
00000000000111111111
00000000000000000000
00000000000000000000
00000000000000000000
00000000000000000000
00000000000000000000
00000000000000000000
00000000000000000000
00000000000000000000
00000000000000000000
00000000000000000000
11111111111110000000
00000000000000000000
00000000000000000000
00000010000000000000
00000000000000000000
00000000000000000000
00000000000000000000
11111111100000000000
