20
6 106 251 221 22 78 164 30 183 375 104 399 299 213 287 107 270 68 84 216
374 191 282 222 55 320 352 308 57 177 246 198 286 358 53 178 244 209 285 9
179 185 126 188 321 207 91 160 192 76 329 397 60 295 128 377 278 355 212 34
243 359 152 127 338 385 4 271 11 298 334 324 172 165 99 95 196 159 170 186
362 88 204 274 175 363 148 387 218 241 225 261 239 129 113 269 184 194 208 348
383 357 112 258 150 169 259 372 224 105 114 138 94 260 117 71 98 275 389 168
382 48 344 133 219 380 283 230 146 123 109 335 301 349 64 256 316 176 90 293
131 89 281 247 156 10 39 65 384 190 332 354 25 43 174 132 125 62 15 27
120 386 171 63 351 347 83 249 28 116 313 276 235 187 371 314 228 220 391 296
144 147 378 182 134 331 33 356 20 277 272 323 202 360 223 237 5 345 51 121
388 312 199 195 342 100 317 93 31 70 214 303 203 149 1 319 163 56 279 263
166 288 353 173 108 14 310 370 36 23 102 238 19 119 215 87 229 398 44 67
231 16 153 341 79 336 305 41 200 58 267 306 326 46 210 141 54 180 396 61
2 302 361 330 325 297 81 367 42 130 110 311 379 97 376 85 268 309 143 253
315 101 266 37 40 118 38 66 162 280 294 373 333 337 3 17 115 59 364 80
232 292 77 155 167 395 13 284 142 300 369 343 381 205 73 69 82 392 252 236
340 137 145 250 368 157 234 122 226 139 135 245 197 18 24 248 255 257 393 291
29 193 365 206 103 7 86 50 151 49 350 201 390 366 273 12 26 52 21 158
45 242 227 233 32 304 47 96 74 265 318 327 136 111 161 394 0 181 264 189
92 211 328 240 322 290 254 72 8 154 339 75 289 307 124 140 346 35 217 262
0111100100001000000
0111100100001000000
0011100000001000000
0001100000001000000
0001100000001000000
0001100000001000000
0001100000001000000
0001100000001000000
0000100000001000000
0000100000000000000
0000100000000000000
0000110000010000000
0000110000010000000
0000110000010000000
0000110000010000000
0000110000010000000
0000110000010000000
0000110000010000000
0000110000010000000
0000010000010000000
00000000000000000000
00000000000000000000
00000000000000000000
11000000000000000000
00000000000000000000
00000000000000000000
00000000000000000000
00000000000000000000
00000000000000000000
00000000111111111111
00000000000000000000
11000000000000000000
00000000000000000000
00000000000000000000
00000000000000000000
00000000000000000000
00000000000000000000
00000000000000000000
00000000000000000000
