20
260 368 212 364 209 268 240 250 22 324 383 24 10 186 357 283 145 301 245 326
241 2 55 284 110 369 210 54 302 13 215 36 47 288 269 90 80 208 167 65
16 355 43 316 151 154 386 202 235 122 144 258 390 395 379 298 239 21 371 6
252 161 160 336 226 265 127 281 194 96 297 152 137 244 342 318 285 81 314 153
256 132 146 72 350 35 367 111 48 214 271 361 266 53 380 238 257 155 299 219
158 124 177 287 52 292 106 18 291 362 73 295 338 331 290 172 117 157 253 327
86 242 138 330 280 44 233 121 166 339 382 93 343 136 5 216 149 135 399 69
263 309 222 341 312 168 58 59 188 204 179 378 213 147 393 76 46 231 101 114
306 142 131 351 33 225 119 206 220 218 171 282 304 261 99 199 207 1 323 397
129 77 353 8 381 286 169 217 57 139 109 389 354 279 205 3 230 289 85 251
345 377 183 17 74 243 159 392 0 156 79 71 95 232 11 229 254 7 313 272
305 184 352 82 133 100 344 148 125 94 143 115 373 38 376 348 141 322 234 189
192 388 196 45 375 68 173 97 363 37 246 123 49 75 211 346 60 274 276 150
56 349 249 237 103 333 340 227 92 320 64 88 273 310 120 296 19 128 67 347
223 108 294 308 385 181 50 14 278 63 325 270 61 360 39 197 165 311 134 164
28 303 66 228 356 247 162 255 118 185 102 328 191 277 198 23 25 221 126 170
176 116 359 187 130 315 332 26 51 267 293 87 259 262 40 264 70 319 248 358
224 178 41 396 42 329 20 236 140 200 32 335 84 27 275 384 201 374 394 83
12 321 112 334 78 307 107 182 193 163 113 9 387 62 105 372 31 317 203 366
370 29 34 174 300 98 190 175 15 365 89 398 91 195 30 391 104 337 180 4
0000000000000000000
0000000000000000000
0000000000000000000
0000000000000000000
0000000000000000000
0000000000000000000
0000000000000000000
0000000000000000000
0000000000000000000
0000000000000000100
0000000000000000100
0000000000000000100
0000000000000000000
0000000000000000000
0000000010000000000
0000100010000000000
0001100010000000000
0000000000000000000
0000000000000000000
0000000000000000000
00000000000000000000
00000000000000000000
00000001111111111111
00000011111111111111
00000111111111111111
00000000000000000000
00000000000000000000
00000000000000000000
00000000000000000000
01111111111111111000
00000000000000000000
11111000000011111111
00000000000000000000
00000000011111111100
00000000000000000000
00000000000000000000
11111111111111111100
00000000000000000000
00000000000000000000
