20
345 369 47 183 379 6 371 319 349 63 14 168 45 215 324 117 115 210 55 255
189 179 294 15 272 237 257 116 49 56 144 25 66 188 75 64 360 234 8 197
366 17 141 123 20 333 107 375 76 253 112 300 304 9 173 156 341 351 217 342
323 69 57 273 29 338 208 271 198 196 296 380 220 318 261 233 357 108 68 249
311 91 218 74 174 48 244 98 241 236 159 4 352 389 80 37 204 368 290 394
167 103 227 343 280 326 367 283 284 54 384 31 229 247 0 70 313 383 129 97
111 60 43 52 321 59 61 337 267 42 21 33 104 336 263 289 65 361 243 182
252 81 376 131 1 207 192 143 398 109 67 315 39 166 77 124 36 28 392 264
364 164 285 382 377 32 391 370 269 287 153 248 212 355 71 82 242 135 298 239
105 254 390 307 148 274 365 152 100 270 27 381 13 110 347 268 265 7 206 3
50 363 231 2 291 169 193 279 222 89 194 388 340 38 86 186 113 251 309 16
170 301 386 203 344 5 35 150 359 120 136 399 88 214 161 200 24 62 211 155
299 78 216 160 101 335 316 154 133 221 328 121 308 303 230 314 372 180 322 312
181 213 297 288 331 30 201 41 176 72 114 157 317 205 171 258 302 138 128 185
226 292 11 172 132 306 106 187 10 149 18 329 358 395 130 346 223 202 142 93
23 374 320 339 51 245 310 40 362 151 385 137 293 348 356 240 163 178 126 235
139 96 195 125 146 184 145 90 175 94 232 84 334 95 122 305 262 260 373 53
92 396 46 140 219 332 350 327 225 224 295 73 12 191 354 353 330 85 387 190
250 325 281 26 228 22 99 177 282 119 19 276 147 266 118 87 238 158 58 79
162 199 83 275 102 259 286 397 378 134 209 44 256 34 165 246 393 127 278 277
0000000000000000000
0000000000000000000
0000000000000000000
0000000000000000000
0000000000000000000
0000000000000000000
0000000000000000000
0000000000000000000
0000000000000000000
0000000000000000000
0000000000000000000
0000000000000000000
0000000000000000000
0000000000000000000
0000000000000000000
0000000000000000000
0000000000000000000
0000000000000000000
0000000000000000000
0000000000000000000
11111111100000000000
00000000000000000000
00000000000000000000
00000000000000000000
00000000000000000000
00000000000000000000
00000000000000000000
00000000000000000000
00000000000000000000
00000000000000000000
11111110111111111111
00000000000000000000
00000000000000000000
00000000000000000000
00000000000000000000
00000000000000000000
00000000000000000000
00000000000000000000
00000000000000000000
