20
173 286 392 2 73 330 300 283 128 371 290 183 65 162 247 122 384 111 341 47
382 27 230 207 103 35 265 53 132 249 125 193 396 164 142 114 87 251 194 19
143 59 332 96 313 144 58 238 20 302 100 141 149 276 326 228 294 201 232 69
99 345 86 91 272 148 157 33 105 34 0 155 368 215 340 316 67 46 165 218
77 349 225 205 237 243 88 204 197 278 137 104 270 95 233 163 378 6 60 361
348 261 48 375 315 377 54 112 239 51 79 213 394 221 337 14 379 139 61 360
39 92 169 227 153 281 240 56 211 175 83 383 138 282 328 366 248 235 177 320
121 359 176 43 24 62 333 307 259 376 22 50 364 220 124 184 352 354 289 223
11 381 266 346 373 255 374 398 3 208 98 180 252 391 13 57 198 256 130 305
185 273 147 151 72 331 129 280 245 108 154 275 242 258 312 126 113 82 31 292
229 216 75 40 206 303 195 120 64 277 310 68 5 158 117 30 318 36 343 319
389 347 160 140 161 299 395 372 166 388 323 74 167 172 284 4 317 291 353 231
200 190 49 41 304 76 9 131 26 90 192 80 186 107 236 356 350 196 135 118
268 311 55 134 385 285 93 136 202 152 66 15 253 1 308 123 8 187 269 390
399 199 84 174 179 260 109 106 217 78 70 44 351 170 7 365 210 52 322 264
324 191 309 81 254 42 181 244 23 250 257 380 301 271 263 369 150 393 37 234
127 296 241 334 97 397 306 209 325 363 327 71 178 171 246 357 297 335 159 222
10 386 182 362 387 355 338 189 367 188 314 25 29 262 116 17 224 16 12 329
32 85 102 274 145 219 288 339 293 21 295 28 38 156 279 298 18 287 110 203
344 89 214 168 342 336 226 370 212 94 146 115 133 101 45 63 119 358 321 267
0000000000000000000
0000000000000000000
0000000000000000000
0000000000000000000
0000000000000000000
0000000000000000000
0000000000000000000
0000000000000000000
0000000000000000000
0000000000000000000
0000000010000000000
0000000010000000000
0000000010000000000
0000000010000000000
0000000010000000000
0000000010000000000
0000000010000000000
0000000010000000000
0000000010000000000
0000000010000000000
00000000000000000000
00000000000000000000
00000000000000000000
00000000000000000000
00000000000000000000
00000000000000000000
00000000000000000000
00000000000000000000
00000000000000000000
00000000000000000000
00000000000000000000
00000000000000000000
00000000000000000000
00000000000000000000
00000000000000000000
00000000000000000000
00000000000000000000
00000000000000000000
00000000000000000000
