20
322 138 120 300 204 87 152 175 275 116 286 362 49 211 26 34 220 45 59 94
67 206 109 11 161 41 31 3 13 395 331 160 108 281 39 62 64 36 376 343
210 89 329 178 93 147 92 250 29 80 179 37 82 282 296 382 126 73 216 373
374 293 155 332 184 61 99 242 285 334 379 27 71 380 394 167 205 124 69 249
115 278 137 57 121 268 117 23 200 202 350 102 68 336 154 264 364 361 84 44
77 100 234 110 342 12 260 185 288 218 298 112 399 295 215 246 354 372 318 353
170 231 28 368 304 262 267 196 321 168 307 258 113 292 134 2 6 381 261 197
212 280 51 151 356 14 303 190 225 129 166 375 367 309 330 337 42 390 0 22
1 254 32 347 265 53 251 270 146 383 106 289 156 63 346 388 135 335 244 81
233 341 213 387 76 43 316 150 90 366 290 271 236 391 319 46 7 355 222 313
48 308 224 104 30 169 139 302 174 18 130 111 96 226 103 16 320 157 359 128
232 33 72 305 294 182 243 21 237 125 85 91 386 235 315 273 392 142 95 276
241 306 114 75 214 141 35 338 183 333 325 393 194 363 187 25 284 223 176 162
60 252 122 127 123 299 357 58 310 384 256 97 398 119 203 314 230 255 377 199
143 385 24 365 344 326 98 163 201 86 78 317 136 159 9 349 74 5 88 248
181 274 101 228 54 118 345 164 10 50 360 283 301 195 277 191 65 38 352 158
17 253 148 208 328 171 207 371 19 247 396 140 8 397 83 52 79 279 259 186
66 193 40 291 324 348 172 339 269 153 47 221 55 4 272 165 266 369 257 287
144 239 107 351 217 189 311 297 149 389 370 56 177 219 188 198 133 312 173 180
358 263 105 238 70 15 145 229 340 378 227 209 192 327 20 240 131 323 245 132
0000000000001000000
0000000000001000000
0000000000001000000
0000000000001000000
0000000000001001000
0000000000001001000
0000000000001001000
0000000000001001000
0000000000001001000
0001000000001001000
0001000000001001000
0001000000001001000
0001000000001001000
0000000000001001000
0100000000001001000
0100000000001001000
0100000000000001000
0100000000000001000
0100000000000001000
0100000000000001000
00000000000000000000
00000000000000000000
00000000000000000000
00000000000000000000
11111111100000000000
00000000000000000000
00000000000000000000
00000000000000000000
11111111110000000000
00000000000000000000
00000000000000000011
00000000000000000000
00010000000000000000
00000000000000000000
00000000000000000000
00000000000000000000
00000000000000000000
00000000000000000000
00000000000000000000
