20
104 173 213 172 327 159 295 283 125 189 143 219 210 241 313 315 286 365 61 341
62 77 201 175 146 90 4 31 263 245 93 7 128 323 227 17 187 305 151 79
18 270 363 205 13 358 68 51 118 25 382 174 73 330 264 50 97 386 211 288
336 112 121 28 131 328 335 158 367 276 96 57 80 362 114 190 26 308 392 160
291 238 124 236 209 297 12 377 256 180 388 98 214 177 95 244 287 60 383 157
103 370 140 2 133 184 70 127 29 390 304 248 52 119 266 282 42 49 277 10
399 204 126 108 144 379 154 1 310 279 394 53 217 76 56 141 176 107 293 122
301 216 193 134 39 252 67 156 346 110 257 380 167 198 397 45 340 186 59 303
369 366 161 38 203 396 164 322 385 235 381 368 207 188 360 391 350 30 149 58
139 364 145 218 86 16 117 168 267 220 334 191 298 249 150 34 373 359 333 372
274 130 215 224 163 48 319 347 199 192 197 123 251 111 206 240 43 148 72 348
343 47 152 353 166 33 337 229 40 142 300 233 100 345 99 302 356 87 265 74
281 171 258 221 178 71 196 393 375 113 82 55 169 147 88 326 289 329 228 24
285 41 185 296 46 64 106 179 200 132 183 280 232 225 324 331 66 81 332 306
272 21 15 85 105 138 35 212 162 194 63 19 273 136 8 231 101 290 246 250
376 316 120 155 312 317 237 307 116 230 223 352 222 78 84 5 398 275 170 389
37 135 22 344 54 3 14 0 374 371 109 309 153 129 318 92 23 278 268 234
208 339 262 165 181 65 6 284 349 338 36 253 325 299 321 11 9 395 292 94
259 32 247 83 261 260 255 354 351 202 387 44 269 75 378 314 195 320 89 355
357 254 91 294 182 242 311 20 226 69 361 27 342 239 137 271 115 243 102 384
0000000000001000110
0000000000001000110
0000000000001000110
0000000000001000110
0000000010000000010
0000000010000000010
0001000000000000010
0001000000000100010
0001000000000100010
0001000000000100010
0001000000000100010
0001000000000100110
0001000000000100100
0000000000000100100
0000000000000100100
0000000000000100100
0000000000000100100
0000010000000100100
0000010000000100100
0000010000000100100
00000000000000000000
00000000000000000000
00000000000000000000
00000000000000000000
00000000000000000000
11111111110000000000
00000000000000000000
00000000000000000000
00000000000000000010
10000000000000000000
00000000000000000000
00000000000000000000
00001111111100000000
00000000000000000000
00000000000000000000
00000000000000000000
00000000000000000000
00000000000000000000
00000000000000000000
