20
336 47 122 355 14 145 259 42 189 283 373 350 248 257 2 365 398 44 150 97
268 56 118 241 264 112 77 198 134 280 346 245 180 330 208 389 131 179 58 378
74 292 187 289 163 210 201 370 323 186 60 99 375 243 62 273 96 100 121 207
136 249 90 123 386 129 141 337 329 161 351 287 256 379 72 321 170 213 239 290
146 298 185 168 255 297 120 37 202 324 397 18 148 335 236 39 390 352 229 137
84 262 303 105 247 92 227 157 107 364 385 234 252 220 276 305 83 8 285 57
91 228 224 195 158 50 302 128 191 184 347 387 197 117 54 174 366 132 0 242
89 130 272 388 116 49 6 327 395 169 396 29 345 348 111 223 376 13 127 205
71 344 192 41 356 296 221 354 17 218 143 240 135 28 11 160 320 188 165 19
334 203 270 164 23 68 154 304 24 322 232 159 175 295 342 166 70 271 338 88
300 73 381 314 82 230 399 222 15 217 172 78 380 301 66 308 177 318 316 156
293 87 325 59 183 182 369 237 43 16 328 126 75 139 63 181 284 317 204 312
36 52 48 209 254 291 138 93 377 173 40 4 371 199 142 86 176 333 349 144
61 109 10 299 167 140 81 367 32 33 263 211 147 225 281 104 278 53 64 265
119 55 307 326 279 393 5 162 277 288 251 394 258 261 31 332 80 231 193 51
20 101 294 360 267 374 106 22 244 260 353 275 363 362 219 382 69 45 246 250
25 171 94 286 235 309 149 35 282 196 151 85 133 233 194 113 30 340 216 361
1 306 124 315 253 12 238 343 339 212 368 200 65 341 3 153 214 102 108 269
372 310 313 331 155 319 110 38 21 95 152 266 26 206 76 215 359 98 190 34
27 46 103 114 67 311 384 383 115 178 125 226 79 392 357 7 9 358 391 274
0000000000000000000
0000000000000000000
0001000000000000000
0001000000000000000
0001000100000000000
0000000010000000010
0000000010000000010
0000000000000000000
0000000000000000000
0000000000000000000
0000000000000000000
0000000000000000000
0000000000000000000
0000000000000000000
0000000001000000000
0000000001000000000
0000000001000000000
0000000001000000000
0000000000000000000
0000001000000000000
00000000000000000000
00000011111111111111
11100000000011111111
00000000111100000000
00011111111111111111
00000000000000000000
00000000000000000000
00000000000000000000
00000000000000000000
00000000000000000000
00000000000000000000
00000000000000000000
00000000000000000000
00000011111111111111
00000000000000000111
00000000001100000111
00000111110000000000
00000000000000000000
00000000000000000000
