20
28 358 356 384 342 194 296 355 34 58 125 84 284 86 129 121 50 102 383 352
267 108 66 80 103 363 79 293 150 72 371 331 334 217 83 186 257 133 116 310
60 242 311 307 6 230 55 237 99 187 106 14 19 128 222 273 204 90 170 167
377 118 154 326 228 247 142 140 81 318 346 275 327 31 288 24 15 2 298 368
160 274 266 12 367 39 351 107 196 159 122 250 339 391 78 13 214 229 252 138
319 119 297 22 74 354 314 282 381 82 57 239 97 289 360 113 141 48 226 345
63 8 184 114 165 264 324 279 148 35 258 59 208 76 246 263 151 91 361 260
168 268 93 124 235 325 158 262 333 171 100 335 179 162 132 5 27 180 198 341
193 200 350 153 220 62 120 156 177 369 397 227 47 101 376 259 312 189 278 294
244 225 270 299 243 109 387 0 49 112 11 206 111 68 96 65 332 29 46 378
234 395 139 328 254 343 306 199 399 183 290 67 33 131 51 272 181 348 169 233
366 329 223 232 357 115 285 71 292 212 321 219 362 147 303 393 344 26 92 104
173 178 87 213 195 44 231 305 144 322 21 382 380 42 10 36 359 70 286 373
336 385 75 308 302 277 134 37 163 53 1 309 221 54 304 182 390 392 210 379
291 347 32 185 207 203 152 256 209 117 316 313 4 127 224 136 105 25 389 95
17 38 280 375 174 365 398 52 251 123 175 161 164 9 157 216 315 16 330 301
43 388 353 211 283 137 98 56 73 215 269 317 205 77 146 241 126 149 176 240
396 69 248 20 197 45 202 245 255 64 89 201 340 261 192 40 88 191 41 172
372 61 130 190 394 276 337 281 143 18 349 155 218 3 30 249 85 188 295 287
94 323 166 320 145 271 386 135 338 238 265 364 110 253 300 374 7 370 23 236
1000000001000000000
1000000001000000000
1000000000000000000
1000000000000000000
1000000000000000000
1000000000000110000
1000000000000110000
1000000000000110000
1000000000000100000
1000000000000100000
1000000000000100000
1000000000000100000
1000000010000100000
1000000010000000000
1000000010000000000
1000000010000000000
1000000010000000000
1000000010000000000
0000000010000000000
0000000010000000000
00000000000000000000
00000000000000000000
01111111111110000011
00000000000000000111
00000000001111111111
00000000000000000000
00000000000000000000
00000000000000000000
00000000000000000000
00000000000000000000
00000000000000001111
00000000000000000000
00000000000000000000
00000000000000000000
00000000000000000000
00000000000000000000
00000000000000000000
00000000000000000000
00000000000000000000
