20
9 205 56 168 349 219 102 149 46 31 237 327 245 129 241 68 100 315 359 107
236 370 325 8 128 397 71 396 191 41 5 311 140 230 24 146 242 214 105 57
322 246 123 260 47 385 218 317 231 60 388 190 28 91 171 269 210 99 346 76
254 6 97 225 89 363 318 394 165 26 13 277 328 181 82 375 103 11 106 307
335 282 255 215 86 61 29 306 202 220 42 74 150 297 287 390 352 112 120 143
232 314 389 229 83 137 341 180 185 340 223 319 347 279 65 23 109 364 343 312
19 80 321 271 226 272 85 183 139 134 263 274 376 127 316 70 88 378 64 193
201 338 395 22 174 27 90 208 10 371 351 250 32 399 117 17 227 158 257 238
152 187 391 358 224 122 14 342 331 291 386 288 377 33 154 262 366 84 164 353
261 159 356 345 189 285 169 130 373 270 156 53 79 198 380 212 393 192 354 293
95 69 194 344 379 48 253 256 355 98 222 333 172 18 211 104 204 96 12 281
334 275 55 301 54 309 36 157 330 336 178 114 131 372 296 182 313 141 365 280
184 52 217 332 176 303 153 188 30 302 273 39 369 299 49 34 200 283 244 249
323 72 216 243 44 118 113 15 265 308 197 63 78 67 186 276 320 357 362 368
213 1 132 252 173 148 233 298 392 162 87 35 324 25 121 267 7 179 361 161
329 45 286 133 126 135 268 138 93 43 284 77 266 209 228 304 259 81 170 384
124 160 0 20 38 166 66 251 50 163 142 195 294 175 374 62 360 383 339 144
2 92 73 381 258 247 326 3 4 37 289 125 264 278 75 51 196 177 239 300
119 295 136 337 116 199 221 110 101 248 111 382 234 167 207 16 235 292 206 108
367 59 350 94 348 305 203 115 145 240 58 310 40 147 151 155 387 398 21 290
0000000000000000000
0000000000000100000
0000000000000100000
0000001000000000100
0000001000000000100
0000001000000000101
0000001000100000101
0000001000100000101
0000000000100000101
0000000000100000101
0000000000100000101
0000000000100000101
0000000000100000101
0100000000100000101
0100000000100000101
0100000000100000101
0100000000100000101
0100000000100000001
0100000000100000001
0100000000100000001
00000000000000000000
00000000000000000000
00000111111111111111
00000001111111110000
00000000000000000000
00000000000000000000
00000000000000000000
00000000000000000000
00000000000000000000
00000000000000000000
00000000000000000000
00000000000000000100
00000000000000000000
00000000000000000000
00000000000111100000
00000000000000000000
00000000000000000000
00000000000000000000
00000000000000000000
