20
251 163 356 209 238 228 137 64 95 360 55 172 26 110 200 100 396 41 96 14
371 319 386 348 88 229 33 232 227 45 366 354 72 87 380 54 300 50 327 211
24 84 21 12 278 277 176 121 140 299 203 208 49 16 62 164 341 326 383 4
11 161 213 391 353 51 376 322 6 85 308 273 169 134 335 152 115 218 166 118
19 48 131 103 2 191 178 74 130 294 269 297 114 237 68 268 392 375 174 290
241 179 204 8 199 132 301 263 198 248 372 288 316 254 53 144 393 352 196 345
97 205 246 57 40 136 71 106 171 47 243 309 350 271 224 320 239 387 207 261
162 295 89 364 262 258 336 379 217 266 138 133 142 30 180 384 259 104 184 378
155 116 109 337 185 331 357 338 173 265 363 43 27 219 210 324 61 267 306 92
214 25 385 20 9 370 129 349 279 1 139 374 80 313 249 135 86 255 233 165
81 7 154 189 373 147 342 394 59 158 329 108 159 122 293 75 242 333 223 65
314 289 128 275 351 346 151 247 361 344 126 3 79 186 397 170 52 212 38 70
146 274 5 183 250 91 112 307 315 113 18 60 253 46 292 281 332 66 334 34
194 339 272 101 287 305 76 389 105 0 167 143 347 399 168 32 252 107 343 282
230 148 355 160 225 325 283 215 330 296 42 328 362 39 285 83 245 13 256 63
231 260 303 240 298 206 381 93 82 98 312 359 358 102 90 36 390 369 286 28
192 368 120 323 67 145 276 257 264 377 58 216 222 73 10 182 123 35 280 398
321 22 23 175 31 181 244 234 382 17 188 149 124 125 44 318 156 302 187 15
157 388 395 311 284 150 221 236 340 99 78 235 195 127 202 29 291 94 270 220
365 304 56 367 190 117 111 201 69 141 119 317 193 37 153 226 310 177 77 197
0000000001000000000
0000000001000000000
1000000001000000000
1000000001000000000
1000000001000000000
1000000001000001000
1000000000000001000
1000000000000001000
1000000000000000000
1000000000000000000
1000000000000000000
1000000000000000000
1000000000000000000
1000000000000000000
1000000000000000000
0000000000000000000
0000000000000000000
0000000000000000000
0000000000000000000
0000000000000001000
11111111000000000000
00000000000000000000
00000000000001111111
00000000000000000000
00000000000000000000
00000000000000000000
00000000000000000000
00000000011111111111
00000000000000000000
01111111111111111100
00000000000000000000
11111111111111111110
00000000000111111111
00000000000000000000
00000000000000000000
00000000000000000000
00000000000000000000
00000000000000000000
00011111111111110000
