20
278 55 188 388 216 214 286 230 289 220 353 79 181 12 68 370 144 66 26 257
82 46 166 120 266 239 285 199 263 394 209 33 342 291 246 174 375 94 131 368
179 147 326 28 59 112 345 340 287 148 202 256 25 361 225 157 201 6 20 83
359 282 65 50 365 64 49 268 324 31 107 13 312 275 252 395 398 281 134 86
315 76 317 168 71 231 318 279 298 7 126 109 223 224 56 265 308 92 116 4
155 185 211 18 121 130 108 267 47 193 142 343 356 70 80 271 351 52 99 232
165 354 140 217 128 371 241 360 191 245 95 182 323 73 169 115 72 269 3 2
346 258 255 1 149 336 283 78 40 379 29 163 127 392 62 333 276 295 253 237
173 240 203 89 75 248 344 63 51 183 382 355 139 152 362 194 385 374 372 347
129 207 170 67 17 118 175 284 338 244 186 91 39 9 158 154 221 19 222 61
381 350 329 327 105 288 100 74 300 206 236 198 87 37 10 367 299 93 176 57
296 264 319 132 373 364 380 138 260 41 301 187 321 378 60 242 180 77 45 135
259 210 376 200 396 331 172 270 234 235 226 34 229 11 254 332 334 192 293 369
195 219 54 97 357 30 106 156 8 208 151 302 113 22 249 328 247 110 15 16
227 303 23 43 184 320 153 213 145 215 88 387 114 162 161 304 36 24 150 90
5 307 274 305 311 262 117 167 337 14 349 250 251 397 238 143 330 32 212 384
233 363 196 125 316 44 204 81 178 366 122 53 98 189 21 386 124 69 84 306
228 119 280 292 146 335 313 218 352 339 171 389 272 341 391 141 159 160 177 35
190 102 243 322 164 133 297 205 58 111 136 38 358 261 290 27 277 42 103 137
390 325 309 314 383 123 48 273 101 348 377 197 294 96 393 104 399 85 310 0
0000001000000000000
0000001000000000000
0000001000000000010
0000001000000000000
1010001000000000000
1010001000000000000
1010001010000000000
1010001010000000000
1010001010000000000
1010001010000000000
1010001010000000000
1010000010000000000
1010000000000000000
1010000000000000000
1011000000000000000
1011000000000000000
1011000000000000000
1011000000000000000
1011000000000000010
1011000000000100010
00000000000000000000
00000001111111000000
00000000000000011111
00011100000000000000
00000000000000000000
00000000000000000000
00000000000000000000
00000000000000000000
00000000000000000000
00000000000000000000
00000000010000000000
00000000111111111111
00000000000000000111
00000000000000000000
00000000000000000000
00000000000000000000
00000000000000000000
00000000001111111100
00000000001111000000
