20
319 194 206 164 156 24 33 305 60 25 288 378 349 6 47 158 344 81 241 313
217 46 369 266 99 15 20 103 138 399 312 388 348 276 22 347 322 272 31 18
27 212 135 214 144 71 145 229 137 209 222 76 41 112 356 7 304 89 377 308
234 340 314 269 291 253 247 301 323 381 277 84 366 334 252 357 285 292 231 134
215 149 12 232 75 115 157 368 172 244 133 87 342 169 339 167 236 38 203 374
355 391 200 155 173 13 286 294 327 182 216 8 302 310 80 278 380 49 181 159
293 184 101 186 39 250 64 59 237 141 30 32 264 54 113 358 139 298 29 11
331 317 136 260 148 233 175 287 161 392 394 1 258 56 256 152 178 218 90 396
311 162 372 280 354 228 37 67 341 245 332 28 240 379 295 188 346 243 207 143
4 96 105 326 128 106 227 248 116 171 267 393 94 120 320 268 74 146 343 363
316 65 34 375 66 97 192 367 51 44 321 350 371 202 195 179 147 361 351 130
198 163 153 79 290 68 360 5 140 131 17 324 225 359 299 154 353 230 197 265
189 389 307 219 9 279 107 176 82 255 142 150 183 270 333 385 246 43 263 210
73 303 114 53 220 281 110 262 69 16 370 384 201 325 70 336 48 337 352 208
132 93 177 58 329 57 315 395 386 273 180 117 61 373 190 50 126 309 390 151
98 86 199 125 259 211 174 289 387 191 111 36 249 10 239 383 196 257 40 223
121 166 187 282 296 221 283 19 62 100 95 123 14 261 127 52 168 3 204 275
226 398 364 92 104 102 362 213 274 83 328 376 242 271 382 297 397 238 91 119
2 165 193 45 129 365 306 35 284 0 118 108 78 85 170 318 300 124 26 335
205 235 72 330 345 21 55 122 63 254 109 77 42 88 23 251 160 224 338 185
0000000000000000000
0000000000000000000
0000000000000000000
0000000000000000000
0000000000000000000
0000000000000000000
0000000000000000000
0000000000000000000
0000000000000000000
0000000000000000000
0000000000000000000
0010000000000000000
0010000000000000000
0010000000000000000
0010000000000000000
0010000000000000000
0010000000000000000
0010000000000000000
0010000000000000000
0010000000000000000
10000000000000000000
00000000000000000000
00000000000000000000
00000000000011111111
00000000000000000000
00000000000000000000
11111111111111111110
00000000000000000000
00000000000000000000
00000000000000000000
00000000000000000000
00000000000000000000
00000000000000000000
00011111111111111000
00000000000000000000
00000000000000000000
00000000000000000000
00000000000000000000
00000000000000000000
