20
56 46 289 45 344 223 228 173 310 150 277 249 52 388 339 374 246 100 76 26
116 159 71 214 230 193 273 66 54 101 12 109 7 143 42 163 284 330 333 364
386 266 221 300 298 166 274 167 14 282 268 264 153 252 340 102 17 321 84 122
103 242 192 176 283 106 260 315 286 108 118 43 123 23 85 317 130 297 216 247
90 301 19 313 83 356 69 379 164 77 195 15 357 397 11 236 208 217 22 234
211 53 197 0 267 133 337 395 126 351 24 373 160 285 322 135 202 168 306 385
343 205 199 280 1 346 349 368 244 94 98 30 210 398 308 6 378 326 141 327
121 320 253 203 392 55 377 338 367 335 304 200 375 21 332 137 360 213 87 256
240 272 129 238 279 147 235 60 290 311 41 79 318 296 65 324 89 254 250 287
169 323 61 38 180 359 39 49 275 381 97 276 182 191 225 262 181 82 27 144
294 358 396 93 194 255 172 2 177 131 151 369 334 220 134 207 257 232 347 114
127 299 104 115 265 179 354 352 139 316 362 331 162 281 62 111 231 157 80 303
64 245 86 393 239 309 350 307 224 152 345 288 120 218 170 219 361 190 132 391
142 146 366 365 73 171 270 34 72 99 112 107 187 382 149 50 5 291 3 370
20 175 110 18 222 74 353 47 145 128 25 105 70 37 305 387 8 32 348 165
4 380 117 81 184 399 138 113 63 16 78 336 75 390 119 293 140 261 125 314
363 68 188 212 13 155 161 36 40 96 136 251 48 233 271 248 237 31 389 189
174 88 148 258 329 9 196 376 383 198 58 319 328 156 183 29 92 259 292 178
186 342 384 295 44 51 185 10 67 226 28 243 355 57 209 91 204 263 206 201
312 241 394 33 371 341 35 154 158 229 227 95 124 278 59 269 215 372 302 325
0000000000000000000
0000000000000000000
0000000000000000000
0000000000000000000
0000000000000000000
0000000000100000000
0000000000100000000
0000000000000000000
0000000000000000000
0000000000000000000
0000000000000000000
0000000000000000000
0000000000000000000
0000000000000000000
0000000000000000000
0000000000000000000
0000000000000000000
0000000000000000000
0000000000000000000
0000000000000000000
00000000000000000000
00000000000000000000
00000000000000000000
11111000000000000000
00000111111111111111
00000000000000000000
00000000000000000000
00000000000000000000
00000000000000000000
11111100000000000000
00000000000000000000
00000000000000000000
00000000000000000000
00000000000000000000
00000000000000000000
00000000000000000000
11111111111000000000
00000000000000001111
00000000000000000000
