20
26 308 141 130 251 230 291 287 47 326 28 186 373 278 29 266 166 180 357 96
264 207 219 224 256 294 386 183 332 255 86 49 344 215 292 239 281 2 116 46
303 322 132 221 293 325 285 70 106 274 60 88 216 18 55 329 384 317 44 76
190 319 246 365 121 379 213 345 89 355 124 102 209 391 306 105 64 143 328 350
19 135 71 381 39 198 342 311 376 248 153 324 323 284 87 63 164 41 397 201
321 229 388 392 11 336 111 8 12 320 167 360 331 359 210 157 275 98 188 214
34 31 110 272 163 170 125 241 196 244 38 316 25 247 220 176 233 137 14 27
234 48 372 123 245 50 249 30 339 84 142 109 382 268 395 37 212 69 93 309
97 238 78 101 240 61 269 173 252 396 83 286 211 225 206 169 52 16 253 119
347 237 81 75 370 43 189 77 327 305 145 218 144 51 351 205 117 228 394 7
177 197 282 312 175 378 91 72 243 148 334 36 127 300 313 348 341 254 271 171
399 42 21 315 298 297 67 199 62 128 295 208 191 232 288 296 104 202 192 156
100 265 152 262 352 118 261 158 15 90 363 289 333 250 150 114 162 277 68 154
343 22 259 139 310 17 149 80 129 380 79 340 385 330 1 147 299 273 184 374
203 185 187 4 161 94 354 217 200 383 168 279 280 115 222 307 103 134 33 0
54 92 375 13 364 362 178 181 10 24 231 314 9 390 227 393 358 304 337 267
160 58 159 172 260 133 131 335 146 32 223 276 226 45 195 377 369 353 120 73
258 270 53 349 140 346 85 366 74 302 108 151 194 371 398 95 155 338 57 136
242 6 179 236 122 66 257 389 23 368 5 3 290 56 138 82 59 193 107 174
367 65 318 263 182 204 235 40 283 126 356 165 99 35 20 112 301 387 113 361
0010001000100000100
0010001000100000100
0010001000100000100
0010001000100000000
0010001000100000000
0010001000100000000
0010001000000000000
0010001000000000000
0010001000000000000
0010001000000000000
0010001000000000000
0010000000000000000
0010000000000000000
1000000000000000000
1000000000000000000
0000000000000000000
0000000000000000000
1000000000000000000
1000000000000000000
1000010000000000000
00000000000110000000
00011100000000000000
00000000000000000000
00000000000000111111
00000000000000000000
00000000000000000000
00000000000000000000
10000001111111111110
00000000000000000111
00000001111111111000
00000000000000000000
00000000000011111111
00000000000000000000
01111000000000000000
11111111111111111110
00000000000000000000
00000000000000000000
00000001111111111111
00000000000000000000
