20
340 279 183 0 127 112 187 75 101 175 215 207 395 190 358 360 77 74 28 308
161 128 24 231 60 350 182 217 196 238 326 204 300 301 377 34 82 297 48 294
390 328 332 284 110 32 195 64 155 361 244 311 194 165 9 367 393 272 286 266
81 376 87 14 263 6 312 302 325 317 338 386 15 353 129 108 239 398 144 166
368 4 355 372 274 27 131 103 387 299 164 152 203 381 46 193 285 236 30 309
121 258 38 98 141 363 197 334 119 280 85 111 337 214 171 273 88 365 247 324
241 283 327 248 176 198 125 371 92 366 136 18 296 57 188 352 58 351 139 318
118 143 184 70 354 2 137 267 186 16 269 35 373 37 62 185 109 11 344 392
346 51 399 227 234 177 276 336 282 226 83 47 132 94 191 319 303 394 148 379
235 122 264 200 307 73 107 113 117 54 169 228 268 323 293 364 322 310 114 50
173 233 229 357 250 333 224 270 40 343 95 71 210 237 151 306 147 397 383 179
278 157 140 26 375 378 316 43 220 216 31 86 362 23 396 80 104 116 314 290
261 382 78 287 275 68 160 243 249 292 391 295 240 97 63 245 20 380 162 133
206 13 76 25 42 385 321 230 49 93 174 384 291 134 33 180 178 259 313 167
251 106 208 260 331 36 154 209 91 330 56 219 335 199 72 192 172 146 19 289
67 59 153 44 3 10 145 225 65 135 212 5 369 253 242 124 298 17 262 45
205 374 168 8 221 142 66 257 158 288 138 53 41 189 359 55 345 339 256 223
232 370 320 202 315 150 342 52 281 255 100 222 201 159 102 39 99 126 347 181
22 329 84 305 12 1 388 90 349 348 156 252 130 79 7 304 69 277 211 115
389 170 105 21 341 356 163 271 149 61 89 96 29 120 213 123 265 254 246 218
0000000000000100000
0000000000000100000
0000000000000100000
0000000000000100000
0000000000000100000
0000000000000100000
0000000000000100000
0000000000000000000
0000000000000000000
0000000000000000000
0000000000000000000
0000000000000000000
0000000000000000000
0000000000000000000
0000000000000000000
0000000000000000000
0000000000000000000
0000000000000000000
0000000000000000000
0000000000000000000
00000000000000000000
00000000000000000000
00000000000000000000
00000000000000000000
00000000000000000000
00000000000000000000
00000000000000000000
00000000000000000000
00000000000000000000
00000000000000000000
00000000000000000000
00000000000000000000
00000000000000000000
00000000000000000000
00000000000000000000
00000000000000000000
01111111111111111111
00000000000000000000
00000000000000000000
