20
224 237 264 96 168 1 387 360 24 239 377 193 384 222 381 250 146 268 19 309
331 143 241 329 7 314 352 187 326 209 295 113 373 63 54 299 291 341 82 22
142 93 286 9 171 55 111 236 35 378 307 213 183 90 348 128 68 278 125 186
288 280 44 5 134 292 45 245 170 64 249 118 230 43 231 60 141 3 180 80
297 321 217 112 261 177 20 265 6 137 318 0 342 267 39 197 294 110 240 359
364 293 191 182 83 212 262 276 131 148 179 357 65 67 185 100 14 371 101 392
386 330 216 253 320 225 345 308 99 327 256 23 102 287 71 184 248 98 247 79
27 266 328 234 325 103 120 397 196 283 10 229 4 194 317 57 124 271 50 394
284 221 115 87 398 31 152 123 51 362 149 72 25 26 2 174 153 159 259 121
238 333 254 158 48 17 41 228 351 242 223 18 232 156 324 165 303 270 69 219
116 214 33 366 160 30 94 227 255 29 157 135 350 74 272 205 58 36 15 356
335 210 138 198 76 161 389 310 304 56 349 243 372 251 336 258 42 388 379 62
257 61 104 127 32 361 150 92 181 88 207 126 302 375 340 59 178 190 233 385
338 323 305 11 175 300 188 78 220 167 315 274 172 252 275 202 306 204 311 70
145 117 218 337 316 129 332 13 40 369 358 108 347 277 173 147 374 355 16 122
395 215 86 285 365 354 89 211 298 46 12 399 246 199 28 91 279 73 301 139
176 132 66 208 95 396 52 97 201 195 189 353 226 8 339 53 203 154 151 163
77 21 334 296 319 382 380 106 390 391 38 37 75 105 133 363 313 200 49 282
269 289 144 130 136 192 370 47 383 155 393 263 107 312 140 169 235 81 281 322
206 290 166 344 164 343 260 34 244 162 368 84 273 114 376 109 85 346 119 367
0000000000000000000
0000000000000000000
0000000000000000000
0000000000000000000
0000000000000000000
0000000000000000000
0000000000000000000
0000000000000000000
0000000000000000000
0000000000000000000
0000000000000000000
0000000000000000000
0000000000000000000
0000000000010000000
0000000000010000000
0000000000000000000
0000000000000000000
0000000000000000000
0000000000000000000
0000000000000000000
00000000000000000000
10000000000000000000
00000000000000000000
00000011111111111111
00000000000000000000
00000000000000000000
00011111111111111111
00000000000000000000
00000000000000000000
00000000000000000000
00000000000000000000
00000000000000000000
00000000000000000000
00000000000000000000
11111111111111111000
00000000000000000000
00000000000000000000
00000000000000000000
00000000000000000000
