20
73 386 46 70 197 99 231 174 389 68 4 299 105 217 226 94 262 114 278 215
397 54 310 328 129 222 210 370 351 1 113 272 18 308 245 283 213 295 247 227
60 321 175 244 371 97 155 297 29 182 136 261 96 16 89 134 149 122 329 218
62 354 302 347 173 177 384 344 263 377 156 312 196 108 12 289 186 388 287 246
11 277 69 64 266 0 350 340 362 198 238 91 314 93 124 194 185 169 260 137
30 141 107 106 6 300 38 326 292 21 110 51 85 36 87 274 151 281 352 19
2 205 378 45 230 9 10 88 65 8 53 248 159 234 3 372 359 102 373 153
192 335 265 270 236 399 225 257 232 190 166 35 83 206 79 211 115 387 49 209
31 180 126 128 39 291 48 71 7 183 220 296 176 168 267 366 132 67 135 26
348 92 178 339 23 298 95 63 276 325 294 316 392 32 78 76 47 55 14 315
368 58 157 112 254 307 293 361 306 324 17 27 40 237 242 258 275 391 118 98
109 207 349 243 150 341 61 147 219 303 268 318 200 381 133 148 235 111 204 286
15 280 393 187 333 334 201 66 317 24 239 163 164 130 181 342 249 322 383 74
379 184 336 125 380 165 331 117 143 22 34 279 320 50 139 216 284 170 33 395
327 145 346 332 330 309 355 305 290 127 212 158 345 52 75 5 271 228 358 273
221 189 167 199 171 84 337 360 285 214 59 104 394 81 131 369 160 229 269 313
343 223 44 375 365 304 20 162 338 264 240 116 357 77 202 179 154 101 374 191
42 43 253 251 123 161 398 138 252 41 13 224 390 86 353 319 28 57 152 82
233 195 385 396 323 140 241 203 311 363 367 56 356 376 301 256 172 72 288 255
259 80 25 120 121 282 144 208 193 142 37 382 100 364 103 146 250 188 119 90
0000000000000000000
0000000000000000000
0000000000000000000
0000010000000000000
0000010000000000000
0000010000000000000
0000010000000000000
0000010000000000000
0000010000000000000
0000010000000000000
0000010000000000000
0000010000000000000
0000010000000000000
0000000000000000000
0000000000000000000
0000000000000000000
0000000000000000000
0000000000000000000
0000000000000000000
0000000000000000000
00000000000000000000
00011111111111111111
00000000000000000000
00000000000000000000
00000000000000000000
00000000000000000000
00000000000000000000
00000000000000000000
00000000000000000000
00000000000000000000
11111111111111111100
00000000000000000000
00000000000000000000
00000000000000000000
00000000000000000000
00000000000000000000
00000000000000000000
00000000000000000000
00000000000000000000
