20
250 219 332 125 398 381 226 359 393 346 157 225 24 273 197 240 106 135 190 193
36 208 303 163 40 105 180 154 4 329 217 182 19 283 151 114 173 2 25 124
32 26 118 216 167 13 373 17 60 83 282 201 176 129 321 144 382 258 325 148
121 229 46 156 221 79 146 213 191 34 224 57 368 165 131 177 286 141 210 75
59 20 275 140 327 126 302 188 207 10 383 244 352 268 270 267 276 84 358 35
364 399 331 15 107 347 69 92 47 96 367 261 396 27 220 356 128 183 311 113
9 199 37 11 195 72 233 187 262 377 287 354 149 341 395 87 295 192 85 266
147 110 28 338 5 278 150 265 152 300 101 251 80 369 301 8 228 313 310 91
391 384 334 355 62 111 175 142 88 374 392 316 65 260 252 196 397 1 312 218
385 54 330 254 21 388 67 353 284 340 94 202 14 357 296 29 376 394 138 89
241 38 97 223 194 122 3 172 179 132 253 350 271 198 22 127 103 178 337 292
289 279 306 204 186 365 342 160 12 372 99 136 200 280 315 39 307 153 375 189
291 50 234 169 212 74 304 137 181 323 230 305 269 55 255 243 170 308 134 48
227 370 264 211 66 248 139 277 320 387 117 81 363 95 319 214 294 378 82 56
249 344 171 328 222 231 78 98 242 53 76 104 63 71 145 203 237 133 349 209
42 371 274 123 206 205 288 386 155 23 236 263 64 61 164 238 31 33 293 45
90 52 185 0 366 235 336 7 100 159 348 339 281 309 239 49 143 360 86 168
245 18 73 108 335 318 314 116 30 259 351 246 166 130 390 272 322 389 256 93
58 44 297 232 77 112 380 162 324 290 174 343 215 345 257 184 70 333 51 102
247 317 109 362 16 119 120 361 158 161 299 43 115 68 6 326 379 285 41 298
0000000000000000000
0000000000000000000
0000000000000000000
0000000000000000000
0000000000000000000
0000000000000000000
0000000000000000000
0000000000000000000
0000000000000000000
0000000000000000000
0000000000000000000
0000000000000000000
0000000000000000000
0000000000000000000
0000000000000000000
0000000000000000000
0000000000000000000
0000000000000000000
0000000000000000000
0000000000000000100
00000000000000000000
00000000000000000000
00000000000000000000
00000000000000000000
00000000000000000000
00000000000000000000
00000000000000000000
00000000000000000000
00000000000000000000
00000000000000000000
00000000000000000000
00000000000000000111
00000000000000000000
00000000000000000000
00000000000000000000
00000000000000000000
00000000000000000000
00000000000000000000
00000000000000000000
