20
260 384 64 93 251 18 69 300 319 273 172 7 25 61 174 255 158 184 154 318
350 135 123 41 110 74 75 39 170 390 366 383 20 80 62 50 262 101 293 46
244 91 276 238 72 372 203 345 370 159 206 36 396 107 258 34 33 42 23 181
228 335 119 218 275 126 283 397 19 355 89 241 327 310 295 364 374 317 44 76
342 2 389 363 311 52 298 11 278 357 169 102 153 29 272 145 254 118 32 45
21 290 205 134 303 17 10 261 353 221 270 351 150 302 149 252 177 137 231 274
382 386 200 81 66 282 115 70 331 187 113 337 279 24 269 202 286 22 323 339
316 268 168 214 375 63 87 243 130 240 325 257 328 265 338 297 148 289 204 377
369 120 73 306 55 329 217 54 53 98 292 125 371 267 97 340 312 227 193 307
341 60 291 232 223 37 179 117 14 116 146 94 139 392 194 8 67 96 304 82
385 57 84 399 348 208 380 287 165 68 246 104 321 40 166 301 127 239 6 237
51 85 105 365 128 0 212 314 90 387 332 114 211 112 185 352 288 56 398 122
111 136 210 188 249 207 320 315 229 236 305 161 209 38 299 356 308 182 381 164
15 138 367 196 133 163 395 178 59 190 83 368 230 296 360 199 373 393 4 326
103 346 309 16 1 140 361 13 31 195 277 132 362 79 78 92 129 35 253 354
5 394 201 343 330 226 219 313 71 222 264 9 176 141 109 294 171 27 259 173
124 121 336 12 151 235 106 155 189 388 281 28 280 220 191 359 183 263 86 234
358 334 143 48 167 99 43 225 216 213 157 248 30 224 131 3 180 162 152 256
266 95 284 333 26 49 197 192 160 47 156 344 144 233 175 88 108 58 271 142
322 147 285 245 198 378 65 77 379 376 242 324 215 247 186 250 349 347 100 391
0000000100000000000
0000000100000000000
0000000100000000000
0000000100000000000
0001000100000000000
0001000100000000000
0001000100000000000
0001000100000000000
0001000000000000000
0001000000000000000
0001000000000000000
0001000000000000000
0001000000000000000
0001000000000000000
0001000000000000000
0001000000000000000
0001000000000000000
0001000000000000000
0001000000000000000
0001000000000000000
00000000000000000000
00000000000000000000
00000000000000000000
00000000000001111111
00000000000000000000
00000000000000000000
00000000000000000000
00000000000000000000
00000000000000000000
00000000000000000000
00000000000000000000
00000000000000000000
00000000000000000000
00000000000000000000
00000000000000000000
00000000000000000000
00000000000000000000
00000001111111111111
00000000000000000000
