20
369 143 126 46 48 309 146 218 136 211 361 147 244 101 186 20 197 262 158 208
190 43 115 336 172 355 352 224 312 40 45 293 214 168 139 275 72 261 184 225
124 162 391 21 175 392 76 289 58 267 393 177 388 385 83 379 59 125 283 247
118 268 148 277 314 31 95 52 399 22 77 112 93 152 240 109 345 222 140 137
203 65 8 50 60 150 343 34 300 239 259 272 89 117 246 178 260 84 130 110
238 157 123 36 269 274 383 276 151 210 319 231 341 205 7 29 302 13 359 310
94 206 265 223 367 67 51 295 61 164 102 233 382 114 87 169 57 24 235 384
195 167 357 342 30 378 215 201 257 285 82 398 284 165 192 228 339 325 113 375
179 69 98 243 394 386 90 171 187 92 331 209 202 297 2 380 129 81 53 71
242 132 333 263 376 307 12 221 100 183 374 10 88 180 80 396 255 6 38 120
145 193 133 279 365 305 282 245 323 220 271 166 330 17 217 315 387 73 324 134
104 32 86 358 63 181 337 370 226 144 196 313 288 216 4 70 44 75 328 286
304 344 23 280 227 212 16 39 131 56 230 3 156 54 318 26 232 301 350 241
176 389 35 127 251 348 182 311 91 327 9 154 351 33 105 163 326 335 291 256
170 237 78 329 372 49 368 320 321 194 28 159 204 64 160 142 37 174 55 266
362 281 234 334 270 338 116 200 249 11 287 303 290 141 185 207 248 149 316 273
27 371 340 298 278 191 68 1 360 25 198 122 332 42 79 161 121 390 373 119
264 47 173 213 15 108 41 252 19 294 74 377 14 219 299 366 62 354 153 349
353 103 188 96 128 322 0 229 66 296 189 306 395 381 155 106 250 97 317 99
18 138 346 308 199 135 258 85 397 236 292 111 364 363 5 253 347 254 356 107
0001001000000000000
0000001000000000000
0000001000000000000
0000001000001000000
0000001000001000000
0000001000001000000
0000001000001000000
0000001000001000000
0000001000001000000
0000000000001000000
0000000000001000000
0000000000001000000
0000000000001000000
0000000000001000000
0000000000001000000
0000000000001000000
0000000000001000000
0000000000001000000
0000000000001000000
0000000000001000000
00000000000000000000
00000000000000000000
00000000000000000000
00000000000000000000
00000000000000000000
00000000000000000000
00000000000000000000
00000000000000000000
00000000000001110000
00000000000000000000
00000000111110000000
00000000000000000000
00000000000000000000
00000000000000000000
00000000000000000000
00000000000000000000
00000000000000000000
00000000000000000001
00000000000000000000
