20
256 133 77 105 192 10 123 90 70 81 6 367 167 126 326 51 154 244 95 215
218 53 157 2 50 15 384 390 153 292 120 299 309 296 150 13 1 201 311 252
80 158 125 298 83 52 306 76 64 78 222 169 391 214 277 377 113 229 151 100
197 112 247 288 237 330 291 335 236 23 71 94 343 203 17 41 223 290 99 48
318 202 368 396 259 59 181 255 127 278 20 241 208 138 142 331 323 28 231 19
234 118 187 392 61 155 257 212 254 89 334 139 261 186 67 389 164 220 302 8
46 275 56 7 62 312 386 108 116 365 319 107 159 14 354 345 266 210 297 175
68 22 165 60 264 313 18 279 383 4 360 249 137 294 251 363 129 45 376 179
366 253 382 304 93 207 103 357 352 136 35 204 141 82 205 143 24 200 274 156
130 245 66 111 0 42 26 295 3 96 174 171 370 243 329 101 262 233 286 310
328 36 267 395 74 193 88 84 182 228 149 63 104 73 152 209 324 173 183 224
21 232 315 317 333 16 265 11 38 44 248 348 162 163 39 373 196 240 176 75
160 25 122 211 358 117 394 246 273 134 58 131 263 47 55 98 146 303 337 54
188 282 37 314 79 213 177 268 144 72 31 307 5 147 85 216 185 235 226 338
65 285 33 387 393 321 135 12 300 106 110 115 359 280 225 369 341 230 397 219
168 9 121 190 374 180 399 195 332 221 40 371 161 381 350 398 184 308 86 361
57 194 305 27 344 29 339 388 91 322 355 375 148 206 356 346 109 385 353 281
320 191 379 140 250 316 340 92 43 293 276 124 198 289 128 172 364 145 227 199
362 102 178 32 347 283 166 327 342 269 242 97 287 378 271 284 238 114 351 34
336 49 270 170 258 189 260 372 239 380 301 325 272 349 217 132 87 119 30 69
0100000000000000000
0100000000000000000
0100000000000000000
0100000000000000000
0100000000000000000
0100000000000000000
0100000000000000000
0100000000000000000
0100000000000000000
0100000000000000000
0100000000000000000
0100000000000000000
0100000000000000000
0100000000000000000
0100000000000000000
0000000000000000000
0000000000000000000
0000000000000000000
0000000000000000000
0000000000000000000
00000000000000000000
00000000000000001111
00000000000000000000
00000000000000000000
00000000000000000000
00000000000000000000
00000000000000000000
00000000000000000000
00000000000000000000
00000000000000000000
00000000000000000000
00000000000000000000
00000000000000000000
00000000000000000000
00000000000000000000
00000000000000000000
00000000000000000000
00000000000000000000
00000000000000000000
