20
138 144 190 206 0 221 193 324 203 1 83 126 383 179 335 214 344 90 319 279
351 127 358 97 124 220 280 60 379 318 205 108 135 399 133 155 217 37 387 64
13 44 91 207 278 201 111 161 395 53 27 233 36 30 202 7 88 3 235 310
356 156 180 373 164 152 103 225 84 114 109 301 5 277 251 184 63 262 110 92
228 371 67 137 112 94 396 172 248 269 375 345 307 55 22 368 361 224 348 38
32 246 59 341 132 372 188 299 386 107 256 222 74 365 102 237 208 272 219 118
226 98 242 66 349 129 271 11 362 290 331 182 39 150 136 241 261 18 49 381
291 12 43 274 234 325 268 9 31 194 151 105 17 54 216 285 169 239 173 196
166 2 339 181 24 142 281 121 15 347 213 295 312 244 69 176 394 51 249 186
187 165 388 177 327 4 364 286 223 247 157 276 41 250 52 14 73 68 316 236
320 170 34 293 342 238 87 96 398 76 61 212 153 393 168 6 56 267 260 99
163 304 337 374 149 47 147 329 289 390 72 292 71 148 332 229 323 117 119 363
189 352 70 29 115 334 355 100 210 171 113 257 101 106 159 258 25 146 283 175
20 259 231 377 40 145 204 141 209 360 211 192 245 296 369 302 288 62 23 378
85 116 284 265 359 26 340 16 139 240 392 198 313 330 140 275 370 200 273 158
300 367 75 287 382 93 306 197 353 243 143 380 185 350 35 218 28 120 130 215
317 266 326 322 263 308 195 253 183 333 86 8 174 80 50 384 328 255 160 336
314 154 303 46 354 311 376 45 385 232 10 104 389 391 297 79 315 191 309 81
167 199 42 122 357 338 21 294 128 78 343 123 57 48 125 131 254 298 82 162
227 346 321 230 397 282 270 77 95 19 89 252 58 65 305 134 264 366 33 178
0000000010000000000
0000000010000000000
0000000010000000000
0000000000000000000
0000000000000000000
0000000100000000000
0000000100000000000
0000000100000000000
0000000100000000000
0000000100000000000
0000000100000000000
0000000100000000000
0000000000000000000
0000000000000000000
0000000000000000000
0000000000000000000
0000000000000000000
0000000000000000000
0000000000000000000
0000000000000000000
00000000000000000000
00000000000000000000
00000000000000000000
00000000000000000000
00000000000000000000
00000000000000000000
00000000000000011111
00000000000000000000
00000000000000000000
00000000000000000000
00000000000000000000
11111111110000000000
00000000000000000000
00000000000000000000
00000000000000000000
00000000000000000000
00000000000000000000
00000000000000000000
00000000000000000000
