20
247 111 126 143 224 375 283 105 324 136 98 270 23 52 90 15 356 182 110 191
333 296 21 194 165 58 140 254 158 104 163 107 91 359 398 44 395 205 235 179
75 334 16 157 397 371 168 331 314 134 281 152 391 315 62 69 311 101 115 76
338 12 253 197 183 159 71 227 312 99 363 193 138 288 73 100 80 77 10 48
225 250 380 93 162 337 202 43 345 369 321 226 335 292 195 355 234 298 170 274
97 174 151 238 236 370 244 269 388 366 4 142 180 128 213 27 339 376 34 106
306 8 387 42 277 275 26 167 5 112 185 24 0 63 164 294 230 325 327 187
200 92 87 289 81 351 349 218 33 132 85 118 361 377 82 241 122 67 209 273
153 323 386 72 242 216 385 175 310 59 51 297 291 317 9 382 176 319 49 228
89 86 79 18 125 329 129 11 300 353 352 222 123 78 364 343 133 64 57 262
120 189 37 393 260 268 322 290 54 214 392 368 211 94 304 336 223 394 35 374
255 259 341 326 28 25 282 155 252 217 66 308 116 146 365 287 121 261 20 95
32 22 305 264 50 171 83 96 102 229 303 147 108 206 65 373 68 342 184 344
384 215 161 248 17 266 38 131 309 265 232 246 231 284 285 204 256 221 190 354
130 19 119 156 127 149 148 39 320 271 383 70 1 40 3 172 103 360 29 272
251 150 207 124 47 198 332 181 84 160 109 330 276 144 249 362 113 6 88 293
299 7 346 379 367 141 199 257 114 278 307 31 258 396 154 46 178 45 173 378
55 137 381 313 208 390 237 169 14 263 350 196 301 347 60 399 219 372 316 117
13 245 30 192 280 135 212 201 340 348 177 36 357 318 2 203 188 286 358 295
210 389 243 53 186 166 74 233 302 220 139 145 56 279 240 328 41 239 61 267
0000000000000100010
0000000000000100010
0000000000000100010
0000000000000100010
1000000000000100010
1000000000000100010
1000000000000100010
1000001000000100010
1001001000000000000
1001001000000000000
1001001000000000000
1001000000000000000
1001000000000000100
1001000000000100100
1001000000000100100
1001000000010100100
1001000000010100000
1001000000010100000
1001000000010100000
1001000000010100000
11111111110000000000
00000000000000000000
00000000000000000000
00000000011111000000
00000000000000000000
01111111100000000000
00000000000000000000
00000000000000000000
00000000000000000000
00000000000000000000
00001111111111111000
00000000001111111111
00000000000000000000
00000000000000000000
00000000000000000000
00000000000000000000
00001100000000000000
00000000000000000000
00000000000000000000
