20
341 3 146 186 157 67 244 373 77 185 27 127 289 216 93 105 52 209 45 348
56 29 4 28 375 30 310 121 208 134 282 339 356 139 344 158 227 313 359 35
96 152 334 80 338 89 137 24 247 307 95 109 285 314 224 390 148 274 277 211
1 156 193 118 256 201 90 280 128 386 94 46 92 5 181 184 50 297 222 18
293 340 101 331 281 323 130 81 199 210 301 269 398 83 389 286 41 51 55 168
346 125 140 102 381 333 337 228 234 380 345 315 358 191 16 220 129 229 218 198
111 212 84 62 213 231 273 10 214 13 332 388 2 163 147 57 11 20 291 106
368 108 205 103 322 316 32 132 78 175 82 259 97 329 164 328 17 230 165 179
385 203 237 276 100 318 371 104 321 65 300 233 317 298 167 367 25 303 66 98
349 143 257 260 239 26 154 178 23 135 275 327 226 383 15 362 330 309 365 312
87 353 126 61 299 40 188 363 347 142 304 221 194 48 44 43 124 295 177 384
392 278 174 36 366 183 305 292 34 352 180 73 296 150 270 374 372 264 245 377
0 161 325 72 39 6 195 74 187 279 238 176 342 376 159 360 242 272 116 9
290 396 75 64 393 253 107 355 60 255 391 149 71 225 196 320 215 335 59 240
12 172 79 120 283 99 265 326 86 343 33 122 114 223 170 131 250 294 173 160
153 63 364 311 395 138 350 207 110 144 171 302 351 267 169 397 190 382 69 246
370 8 248 85 252 19 151 262 288 166 14 306 354 49 42 206 271 58 258 119
379 133 162 243 38 235 378 88 387 394 70 155 263 284 308 254 261 31 54 219
357 136 369 192 241 22 217 268 287 197 53 324 123 232 91 68 113 336 76 21
115 37 182 319 266 7 200 141 145 204 399 202 361 236 117 47 251 112 189 249
0000000010000000000
0000000010000000000
0000000000000000000
0000000000000000000
0000000000000000000
0000000000000000000
0000000000000000000
0000000000000000001
0000000000000000001
0000000000000000001
0000000000000000001
0000000000000000001
0000001000000000000
0000001000100100000
0000001000100100010
0000000000100100010
0001000000100100010
0001000000100100010
0001000000100100010
0001000000100100010
00000000000000000000
00000000000000000000
00000000000111111111
00000000000000000000
00000000000000000000
00000000000000000000
00000000000000000000
00000000000000000000
00000000000000000000
11111111111111111000
00000000000000000000
00111111111111111111
00000000000000000000
00000000000000000000
00000000000000000000
00000000000000000000
00000000001000000000
00000000000000000000
00000000000000000000
