20
74 3 97 343 128 189 1 11 166 162 367 251 57 140 29 325 249 201 342 164
135 6 206 165 288 123 7 398 181 153 254 389 119 391 265 196 127 310 372 361
235 86 363 347 108 56 297 198 256 364 358 142 139 226 52 253 382 18 392 15
185 260 171 16 229 22 27 115 236 170 357 218 211 144 131 203 263 59 17 345
232 213 332 110 133 161 395 104 51 107 307 125 379 31 55 302 340 318 87 147
180 365 188 113 387 89 156 296 187 264 143 28 373 111 40 204 244 117 134 304
44 75 397 314 64 114 4 271 241 207 312 43 77 76 390 62 280 61 130 2
158 118 0 308 276 255 174 102 21 150 225 176 237 285 378 396 149 359 252 197
58 352 67 47 49 9 20 291 83 192 384 338 223 13 177 63 374 12 186 195
381 330 85 48 231 266 81 360 98 96 137 45 245 121 101 259 208 287 371 202
248 305 319 292 37 78 366 283 79 240 215 309 228 141 168 199 178 88 279 268
336 182 221 32 159 376 320 375 339 148 41 25 224 286 194 179 227 334 92 60
105 34 172 290 14 277 295 100 219 122 5 313 329 323 278 53 234 209 243 175
154 303 30 333 184 46 65 317 394 33 230 324 315 138 109 369 94 362 267 328
173 275 258 136 246 322 69 282 294 216 335 157 242 353 273 344 50 19 210 68
351 116 386 346 326 183 42 200 39 190 152 370 214 306 38 354 72 331 349 380
10 220 160 301 262 281 247 145 129 274 103 350 126 99 146 35 84 222 71 167
355 90 385 120 272 163 193 191 112 300 270 298 124 91 257 341 212 217 250 321
269 70 106 82 155 24 54 383 284 205 238 169 377 73 316 293 399 36 80 348
393 23 233 368 327 289 66 388 299 261 337 151 239 93 8 132 311 26 95 356
0000000000000000000
0000000000000000000
0000000000000000000
0000000000000000000
0000000000000000000
0000000000000000000
0000000000000000000
0000000000000000000
0000000000000000000
0000000000000000000
0000000000000000000
0000000000000000000
0000000000000000000
0000000000000000000
0000000000000000000
0000000000000000000
0000000000000000000
0000000000000000000
0000000000000000000
0000000000000000000
00000000000000000000
00000000000000000000
00000000000000000000
00000000000000000000
00000000000000000000
00000000000000000000
00000000000000000000
00000000000000000000
00000000000000000000
11111111110000000000
00000000000000000000
00000000000000000000
00000000000000000000
00000000000000000000
00000000000000000000
00000000000000000000
00000000000000000000
00000000000000000000
00000000000000000000
