20
54 299 30 255 109 391 173 194 159 56 389 57 84 197 399 108 183 78 132 304
117 238 338 225 93 101 290 179 318 174 51 240 110 350 331 112 387 177 128 249
3 137 230 122 121 149 215 372 283 210 104 35 171 67 4 62 7 39 6 309
165 340 320 105 355 64 145 12 382 135 22 50 70 147 201 270 176 79 152 220
155 156 192 292 11 99 100 119 244 16 166 120 58 388 323 260 227 347 234 127
82 164 337 286 291 277 47 60 278 258 324 208 243 193 118 138 281 311 361 390
344 386 52 19 76 362 287 385 205 335 103 346 162 282 266 94 167 384 397 107
131 353 73 32 363 359 188 153 187 322 48 98 273 267 265 161 45 72 113 200
146 111 284 316 148 34 97 312 297 302 379 259 315 31 226 328 141 5 349 143
144 172 139 190 63 160 275 224 86 358 247 8 71 348 222 376 392 396 29 236
157 228 195 380 116 398 276 219 69 18 17 44 232 367 321 253 242 300 130 306
125 213 279 364 102 2 211 170 168 151 241 378 354 23 175 163 252 124 202 375
90 49 333 42 393 343 59 317 365 106 250 237 115 310 185 180 150 142 296 13
360 178 75 10 233 235 357 14 189 184 169 374 212 248 377 27 40 221 254 383
381 83 91 298 373 85 245 87 327 96 257 271 41 33 280 77 293 68 351 356
305 262 307 301 314 336 92 26 61 133 196 55 369 37 140 332 36 326 366 261
206 246 294 329 199 28 370 129 352 264 38 74 289 274 0 89 21 217 269 223
204 65 394 182 214 272 126 9 256 339 371 46 319 114 25 285 341 231 330 251
123 134 303 158 308 207 88 24 268 325 216 203 209 181 345 313 66 263 1 368
95 288 20 334 395 295 154 191 229 15 136 81 53 43 186 342 239 218 80 198
0001000010000000000
0001000010000000000
0001000010000000000
0001000010000000000
0001000010000000000
0001000010000000010
0001000010000000010
0001000010000000010
0001000010000000010
0001000010000000010
0001000010000000010
0001000000000000010
0001000000000000010
0001000000000000010
0001000000000000010
0000000000000000010
0000000000000000010
0000000000000000010
0000000000000000010
0000000000000000010
00000000000000000000
00000000000000000000
00000000000000000000
00000000000000000000
00110000000000000000
00000000000000000000
00000000000000000000
00000000000000000000
00000000000000000000
00000000000000011100
00000000000000000000
00000000000000000000
00001110000000000000
00000000000000000000
00000000000000000000
00000000000000000000
00000000000000000000
00000000000000000000
00000000000000000000
