20
284 87 317 49 341 270 268 296 313 193 10 367 105 257 303 53 314 351 43 365
51 93 238 91 182 378 162 62 285 146 132 65 21 384 279 295 299 140 339 308
234 228 57 25 17 240 236 168 175 206 371 269 358 109 82 385 99 119 114 287
55 258 388 302 233 81 153 24 178 158 380 218 237 239 340 112 276 36 379 382
324 293 149 83 366 260 245 26 22 198 60 30 155 217 307 148 89 100 212 136
111 58 208 372 390 180 73 306 294 300 7 54 66 90 309 32 326 297 141 88
166 360 39 373 143 323 283 92 27 336 369 69 50 249 321 301 33 312 37 164
18 290 225 16 213 362 244 325 286 191 75 139 80 231 221 189 327 176 330 376
47 395 185 181 9 202 20 232 311 359 97 242 241 291 144 147 63 142 207 197
96 222 138 23 203 74 281 332 167 42 363 61 116 331 11 248 243 95 272 183
44 113 169 190 364 224 349 250 253 160 247 353 216 262 205 129 15 156 259 123
343 348 230 256 267 102 145 298 310 172 71 76 368 282 159 19 107 322 46 278
215 127 201 177 135 275 344 209 229 386 210 387 121 118 86 397 204 161 84 383
289 103 394 52 273 354 12 264 277 173 266 338 41 280 117 329 188 255 265 337
67 361 14 375 214 179 381 292 192 13 40 374 263 328 186 399 79 377 120 227
72 398 345 342 3 78 68 391 261 199 163 346 4 288 59 45 196 29 352 315
347 305 157 184 350 115 165 200 334 38 35 355 223 104 333 85 0 5 246 131
2 134 318 151 171 56 389 125 219 48 110 220 304 194 31 174 356 195 254 251
370 357 211 6 98 70 124 108 64 77 316 150 34 106 152 335 271 393 170 101
94 137 8 320 128 28 396 133 226 130 154 126 252 235 1 319 274 122 187 392
0000000000000000000
0000000000000000000
0000000000000000000
0000000000000000000
0000000000000000000
0000000000001000000
0000000000001000000
0000000000001000000
0000000000001000000
0000000000001000000
0000000000001000000
0000000000001000000
0000000000001000000
0000000000001000000
0000000000001000000
0000000000001000000
0000000000001000000
0000000000001000000
0000000000001000000
0000000000001000000
11111111111111110000
00000000000000000000
00000000000000000000
00000000000000000000
00000000000000000000
00000000000000000000
00000000000000000000
00000000000000000000
00000000000000000000
00000000000000001111
00000000000000000000
00000000000000000000
00000000000000000000
00000000000000000000
00000000000000000000
00000000000000000000
00000000000000000000
00000000000000000000
00000000000000000000
