20
318 5 121 365 26 93 174 364 186 160 103 301 146 142 84 236 153 196 96 117
252 170 257 380 343 310 18 369 20 113 107 155 2 179 133 373 98 4 367 258
104 392 11 17 359 181 197 337 90 138 30 393 173 313 109 298 209 141 114 75
383 238 205 202 307 314 144 328 78 192 36 349 43 9 8 0 379 309 360 306
195 139 92 316 354 102 129 211 77 62 12 135 53 243 33 357 72 239 322 244
99 193 32 150 232 136 335 390 116 381 51 175 289 315 167 74 230 253 182 73
345 332 260 164 300 323 187 162 302 267 221 266 303 346 233 247 249 56 115 227
368 225 159 68 110 57 242 355 363 27 76 293 377 94 273 171 326 61 228 14
222 394 125 189 81 317 327 165 58 374 219 108 391 34 156 48 272 184 101 23
82 214 212 22 97 290 282 169 206 69 224 105 240 235 366 1 305 264 341 254
166 54 118 384 348 361 86 208 157 398 59 42 112 66 271 299 331 358 226 15
356 353 123 124 126 339 106 220 304 245 28 334 132 294 52 320 65 351 158 325
89 229 217 324 47 79 10 397 255 149 6 352 200 151 178 91 85 188 180 347
119 372 13 122 241 194 344 148 35 321 24 350 295 38 185 385 375 183 251 269
218 395 268 329 176 49 25 234 231 285 80 276 342 88 127 37 168 340 95 270
64 371 190 83 199 60 152 296 215 399 336 311 265 277 67 292 248 362 291 280
286 378 19 262 46 279 256 172 281 389 161 333 213 388 330 312 396 55 338 284
278 137 16 44 198 250 87 50 120 70 128 31 39 145 308 131 204 130 203 143
370 191 40 237 7 283 263 261 387 275 154 216 3 111 297 147 207 163 134 223
29 287 210 274 45 140 376 288 41 21 177 382 386 63 319 246 201 100 71 259
0000000000000000000
0000000000100000000
0000000000100000000
0000000000100000000
0000000000000000000
0000000000000000000
0000001000000000000
0000001000000000000
0000001000000000000
0000001000000000000
0000001000000000000
0000001000000000000
0000001000001000000
0000000000001000000
0000000000001000000
0000000000001000000
0000000000000000000
0000000000000000000
0000000000000000000
0000000000000000000
01111111111111111111
00000000000001111111
00000000000000000000
11111100000000000000
00000111111111111111
00000000000000000000
00000000000000000000
00000000000000000000
11110000000000000000
00000000000000000000
00000000000000000000
00000000000000001111
11111111000000000000
00000000000000000000
11110000000000000000
00000000011111111111
00000000000000000000
00000000000000000000
00000000000000000000
