20
74 393 1 181 351 35 307 28 380 52 192 75 187 209 55 168 335 319 270 172
6 90 37 389 104 66 159 338 227 58 382 184 148 41 225 60 99 244 18 157
84 179 15 293 312 79 372 161 370 285 267 272 255 30 297 62 325 117 223 164
11 14 368 112 81 287 206 118 286 217 160 199 140 24 2 22 71 256 259 396
97 333 253 278 153 72 384 162 251 216 274 239 300 29 215 344 304 4 269 85
43 68 226 375 313 180 301 294 138 129 125 94 394 23 50 264 232 194 141 143
197 210 136 369 144 175 266 173 364 218 263 245 133 115 54 365 260 341 51 193
32 388 330 271 96 236 190 347 280 242 31 45 80 105 377 134 163 196 243 336
360 276 77 98 327 131 101 207 132 86 186 20 309 10 128 65 34 254 63 59
27 178 78 42 82 229 158 282 320 137 363 107 273 100 73 383 188 238 191 302
70 146 378 165 89 170 44 281 231 116 212 379 108 358 174 340 361 95 220 298
328 48 3 126 233 154 185 83 49 315 204 277 200 0 329 182 290 390 262 317
109 397 350 265 139 395 13 202 305 303 324 332 201 362 167 189 349 323 102 314
386 53 354 149 268 221 122 205 275 316 33 334 19 40 7 76 111 67 295 367
248 91 171 247 235 234 17 284 64 176 374 93 219 292 156 398 392 376 92 310
214 357 249 331 25 208 61 150 123 130 387 147 124 110 279 46 318 16 169 121
385 306 38 257 371 359 353 203 352 381 250 348 289 69 224 151 366 258 8 399
252 291 339 142 127 337 299 155 47 283 213 326 21 36 342 228 56 183 373 9
119 230 241 343 177 211 12 195 88 355 240 120 222 113 345 26 356 135 57 296
391 152 237 308 321 145 87 288 39 198 166 106 261 103 246 346 311 114 5 322
0000000000000000000
0000000000000000000
0000000000000000000
0000000000000000000
0000000000000000000
0000000000000000000
0000000000000000000
0000000000000000000
0000000000000000000
0000000000000000000
0000000000000000000
0000000000000000000
0000000000000000000
0000000000000000000
0000000000000000000
0000000000000000000
0000000000000000000
0000000000000000000
0000000000000000000
0000000000000000000
00000000000000000000
00000000000000000000
00000000000000000000
00000000000000000000
00000000000000000000
00000000000000000000
00000000000000000000
00000000000000000000
00000000000000000000
00000000000000000000
00000000000000000000
00000000000000000000
00000000000000000000
00000000000000000000
00000000000000000000
00000000000000000000
00000000000000000000
00000000000000000000
00000000000000000000
