20
76 266 297 65 155 68 381 317 163 110 311 293 357 71 210 205 213 92 278 147
230 149 148 63 222 272 351 23 156 244 316 362 258 51 223 350 75 101 373 66
12 152 38 130 338 153 5 91 217 267 299 54 9 135 88 150 337 392 246 184
366 15 198 344 389 42 19 113 25 291 256 216 157 243 264 141 143 59 60 154
159 108 252 133 48 369 173 49 95 162 176 33 284 320 380 257 310 330 31 383
14 80 121 347 270 170 276 189 322 390 265 186 17 115 326 18 335 345 232 77
160 268 254 116 180 263 363 370 40 321 199 52 106 292 367 386 325 253 32 262
312 67 273 146 250 304 220 235 360 387 96 241 334 202 333 98 187 142 94 285
194 204 375 307 371 99 280 218 313 361 158 309 295 195 58 249 242 346 72 228
7 97 279 138 294 308 275 353 255 359 27 374 177 315 301 197 81 13 70 45
10 1 238 124 122 215 377 114 167 219 378 161 201 22 93 100 393 229 283 185
151 397 55 358 388 30 336 183 175 354 306 57 26 236 399 206 39 305 90 178
376 349 123 348 188 24 396 62 171 120 126 3 4 282 102 46 11 248 364 287
36 6 341 207 368 182 41 221 89 319 200 251 259 286 129 208 298 166 211 78
117 119 103 84 132 127 179 112 212 234 169 342 239 296 144 226 0 395 203 56
237 225 260 191 74 16 164 340 224 50 365 165 193 382 339 44 323 196 209 190
181 245 34 104 73 261 87 328 37 136 391 355 107 145 79 314 303 281 8 269
227 172 289 327 174 385 356 332 21 47 137 398 139 64 131 329 240 233 109 343
83 35 192 379 85 288 140 2 29 128 111 105 69 300 168 290 125 318 247 231
43 274 61 277 118 372 53 384 271 302 28 394 20 324 82 331 352 86 134 214
0000000010000100000
0000000010000100000
0000000010000100000
0000000010000100000
0000000010000100000
0000000010000100000
0000000010000100000
0000000010000100000
0000000010000100000
0000000010000100000
0000000010000100000
0000000010000100000
0000000010000100000
0000000010000100000
0000000010000100000
0000000010000100000
0000000010000100000
0000000000000100000
0000000000000000000
0000000000000000000
00000000000000000000
00000000000000000000
00000000000000000000
00000000000000000000
00000000000000000000
00000000000000011111
00000000000000000000
00000000000000000000
00000000000000000000
00000000000000000000
00000000000000000000
00000000000000000000
00000000000000000000
00000000000000000000
00000000000000000000
00000000000000000111
00000000000000000000
00000000000000000000
00000000000000000001
