20
393 84 46 307 180 281 28 137 182 390 90 395 271 60 11 207 87 233 330 52
62 193 326 156 32 26 394 235 121 282 363 64 183 141 177 298 41 273 113 80
340 158 169 172 107 269 371 398 103 5 270 323 347 111 241 132 358 396 108 338
342 23 101 153 373 380 50 135 89 384 333 198 364 300 205 212 266 104 252 85
213 48 264 133 237 93 35 138 16 279 217 232 321 397 284 355 129 292 61 362
139 195 272 173 99 200 262 4 140 208 289 346 328 168 329 30 95 399 226 130
236 257 242 73 203 8 354 27 295 249 148 66 124 320 123 369 331 165 204 63
38 258 2 293 10 247 388 100 144 25 18 305 167 335 112 206 47 353 157 92
336 67 251 21 370 86 78 102 231 357 349 230 164 119 221 128 39 51 110 286
356 309 368 122 72 306 69 277 187 149 248 334 316 324 159 302 283 178 196 260
312 250 29 359 37 40 171 160 56 71 115 126 42 383 174 278 348 360 134 243
81 381 244 376 142 216 201 223 215 170 254 234 189 386 155 228 96 31 222 255
20 240 310 313 75 268 374 120 151 6 211 109 325 7 190 350 162 9 245 33
361 303 55 94 136 13 296 288 1 34 145 202 351 220 181 53 114 199 337 36
385 192 229 186 239 322 150 175 343 185 366 14 256 68 176 12 375 341 367 246
253 179 188 377 184 118 301 79 275 214 294 19 344 131 161 332 166 274 261 17
317 308 238 267 287 227 77 290 218 387 265 76 143 44 280 365 345 225 379 299
22 88 117 318 259 58 125 97 314 327 91 154 43 391 389 105 276 59 224 191
3 98 392 82 339 127 382 57 263 45 65 352 147 70 146 319 0 209 297 152
304 291 311 106 163 24 74 197 315 49 210 15 83 378 54 372 194 219 116 285
0100000000000000000
0100000000000000100
0000000000000000100
0000000000000000100
1000000100000000000
1000000100000000000
1000000100000000000
1000000100000000000
1000010100000000000
1000010100000000000
1000011100000000000
1000011100000000000
1000011100000000000
1000011100000000000
1000011100000000000
0000011110000000000
0000011110000000000
0000011100000000000
0000011100000000000
0000001000000000000
00000111111111111111
00000000000000000000
00000000000000000000
11111111000000000000
00000000000000000000
00000111000000000000
00000000000000000000
00000000000000000000
00000000111111000000
00000000000000000000
00000000011111111111
00000000000000000000
00000000000000000000
00000000000000000000
00000000000000000000
00000000000000000000
00000000111111000000
00000000000001111111
00111110011111111111
