20
130 343 108 270 350 189 238 68 375 277 11 342 215 339 310 29 391 239 61 119
354 34 9 371 303 311 261 372 151 39 250 336 218 333 198 161 121 42 178 337
162 2 49 103 319 323 188 284 223 229 332 248 66 292 394 387 159 41 172 111
288 258 28 90 109 392 247 269 93 124 210 133 368 234 143 173 148 32 373 219
152 252 149 146 70 293 273 116 20 136 221 227 398 345 100 268 302 55 315 38
246 280 27 272 249 102 5 271 62 237 89 191 77 186 245 35 73 281 91 320
361 52 157 98 183 153 99 340 353 236 197 369 376 163 328 65 362 120 71 3
23 44 48 346 295 7 395 378 140 194 334 97 54 58 94 128 166 187 115 13
117 367 92 344 317 254 203 195 158 338 169 126 348 184 282 87 101 363 294 114
265 30 382 213 22 379 364 286 76 289 233 396 129 205 86 6 180 384 240 299
330 80 137 145 84 96 217 207 50 24 285 60 135 397 167 359 264 81 19 33
212 358 21 0 201 106 17 228 112 325 242 393 263 57 235 18 357 232 318 177
12 297 85 123 118 150 105 144 204 181 139 95 290 257 279 199 206 168 266 79
134 37 349 47 226 175 72 78 202 389 365 211 160 67 352 147 132 296 355 185
214 104 307 138 351 274 267 182 300 255 222 220 53 209 380 243 56 385 200 141
110 386 388 45 165 231 308 171 25 301 31 107 356 377 366 291 374 131 256 360
69 15 251 82 14 241 75 51 83 59 155 230 40 4 10 312 176 46 190 335
125 154 347 283 253 216 275 122 156 313 192 306 390 164 64 381 88 43 329 179
331 305 399 36 174 298 341 225 63 259 316 1 322 224 324 260 314 383 326 127
304 276 74 208 370 142 309 16 262 196 327 8 26 244 321 278 170 193 113 287
0000000000000000000
0000000000000000000
0000000000000000000
0000000000000000000
0000000000000000000
0000000000000000000
0000000000000000000
0000000000000000000
0000000000000000000
0000000000000000000
0000000000000000000
0000000000000000000
0000000000000000000
0000000000000000000
0000000000000000000
0000000000000000000
0000000000000000000
0000000000000000000
0000000000000000000
0000000000000000000
00000000000000000000
00000000000000000000
00000000000000000000
00000000000000000000
00000000000001111111
00000000000000000000
00000000000000000000
00000000000000000000
00000000000000000000
00000000000000000000
00000000000000000000
00000000000000000000
00000000000000000000
00000000000000000000
00000000000000000000
00000000000000000000
00000000000000000000
00000000000000000000
00000000000000000000
