20
243 155 308 165 163 167 140 58 50 14 259 17 180 368 98 373 202 83 278 249
20 75 76 114 277 24 285 141 326 279 314 107 149 6 258 355 170 71 296 272
291 18 184 116 80 117 216 391 156 172 316 269 325 113 233 295 217 91 159 367
357 333 382 253 312 234 164 22 386 11 37 390 280 27 134 88 196 230 35 100
23 38 342 250 351 47 275 346 370 137 26 13 146 3 30 169 77 92 55 268
178 350 41 208 34 244 99 25 193 213 65 238 44 177 337 377 304 392 54 104
374 21 186 398 380 56 372 200 36 161 199 361 69 81 260 85 288 188 281 299
119 160 43 158 187 205 48 28 111 330 89 87 356 175 270 49 102 347 301 151
273 384 110 190 195 124 168 79 10 360 287 53 212 246 375 309 306 223 78 40
96 1 138 236 364 198 371 97 8 227 335 232 74 365 224 313 112 329 311 261
148 336 150 4 381 376 241 42 254 324 57 394 133 62 60 31 86 321 396 395
203 183 297 340 0 204 171 303 255 126 122 247 12 338 5 108 283 276 339 229
9 166 63 210 197 222 332 220 290 16 310 262 131 147 369 353 284 153 174 129
182 144 331 294 292 109 162 271 121 45 328 305 32 349 345 302 84 19 235 82
334 256 225 265 274 219 72 46 293 352 327 366 257 397 286 263 127 266 317 106
139 207 319 221 154 211 267 68 252 231 103 90 135 95 307 237 128 73 67 201
94 323 192 348 181 33 189 315 29 320 118 136 215 226 101 59 2 251 39 52
194 341 152 70 179 214 282 93 322 218 185 61 15 206 383 191 228 64 145 66
362 378 389 387 393 298 300 239 125 245 354 248 176 242 399 388 318 123 51 379
289 343 142 157 209 120 7 240 359 363 132 105 130 385 173 115 344 143 264 358
0010000000000000000
0010001000000000000
0010001000000000000
0010001000000000000
0010001001000000000
0010001001000000000
0010001001000000000
0010001001000000000
0010001001000000000
0010001001000000000
0010001001000000000
0010001001000000000
0010001001000000000
0010001001000000000
0010001001000000000
0010001000000000001
0010001000000000001
0000101000000000001
0000101000000000001
0000101000000000000
00000001111111111000
00000000000000000000
00000000001111111111
00000001111111111100
00000000000000000001
00000000000000000000
11000000000000000000
00000000000000000000
00000000000000000000
00000000000000000000
00000000000000000000
00000000000000000000
00000000000000000000
00000000000000000000
00000000000000011111
00000000000000000000
00000000000000000000
00000000000000000000
00000000000000000000
