20
62 328 115 263 262 288 162 90 86 56 268 144 279 31 367 237 373 266 98 221
187 24 385 389 192 356 116 261 48 163 57 38 322 188 185 181 312 323 129 105
33 329 29 300 77 160 179 202 42 258 330 92 19 161 337 386 73 63 271 370
273 127 45 324 193 296 101 156 175 143 292 260 347 251 392 377 339 227 269 7
298 270 204 365 214 196 381 314 149 344 205 256 239 307 176 49 174 113 141 303
345 248 123 4 88 348 177 22 274 16 308 254 399 47 120 384 118 359 6 35
331 170 382 68 332 172 3 30 111 294 54 139 379 21 20 264 336 375 220 341
151 281 203 398 318 313 240 41 228 180 17 78 67 208 353 316 229 346 119 354
32 226 290 142 95 259 293 133 97 284 357 363 191 124 342 195 25 122 304 305
178 106 267 297 166 315 364 283 9 44 295 140 255 334 14 199 291 28 107 13
282 112 372 343 224 231 51 64 371 59 194 368 233 211 222 216 1 154 76 11
87 286 132 388 75 89 2 380 157 321 169 167 84 171 311 325 280 168 136 117
278 145 55 250 209 299 65 397 247 148 241 186 190 36 287 301 23 272 210 183
218 378 93 396 355 302 5 285 82 369 100 108 85 126 0 46 361 362 335 103
69 338 91 235 277 80 71 350 72 310 189 134 253 10 319 173 317 215 155 83
182 387 40 197 244 138 289 34 94 223 225 109 206 394 43 249 252 60 393 320
81 99 366 395 217 58 121 198 61 128 15 39 230 164 8 391 146 207 27 265
12 333 349 96 234 125 212 66 79 374 201 37 327 158 275 340 165 383 114 257
309 152 70 52 150 236 360 184 238 213 352 376 102 18 153 243 358 53 219 245
74 159 131 26 351 104 306 232 137 200 246 276 110 390 147 130 326 242 135 50
0000000000010000000
0000000100010000000
0000000100010000000
0000000100010000000
0000000100010000000
0000000100010000000
0000000100010000000
1000000100010000000
1000000110010000000
1000000110010000000
0000000110010000000
0101000110010000000
0101000110010000000
0100000110010000000
0100000110010000000
0100000110010000000
0100000110010000000
0100000110000000000
0100000110000000000
0100100110000000000
00000000000000000000
00000000000000000000
00000000000000000000
00000000000000000000
00000000000000000000
00000000000000000000
11100000000000000000
00000000000000000000
00000000000000000000
00000000000000000000
00001111000000000000
00001100000000000000
00000000000000000000
00000000000000000000
00000000000000111111
00000000000000000000
00000000000000000000
00000000000000000000
00000000000000000000
