20
99 135 277 76 230 126 125 7 344 46 66 58 194 345 41 25 329 368 92 222
83 19 235 124 79 373 293 37 16 45 380 379 229 354 226 357 93 399 176 360
192 102 388 180 239 21 81 270 149 151 60 162 244 342 112 306 312 353 275 28
378 297 20 330 90 129 371 252 303 210 267 278 395 13 212 165 243 65 118 251
227 55 369 134 43 186 182 284 280 74 323 367 211 164 105 317 340 146 140 382
295 259 111 289 39 34 214 307 12 36 80 216 231 316 309 207 113 248 156 82
29 187 123 141 110 174 3 347 398 339 153 245 288 5 253 131 173 372 171 24
394 77 283 325 246 9 89 96 336 204 163 127 269 327 148 115 310 391 179 268
350 287 201 70 282 199 219 397 196 98 213 286 161 302 305 85 64 51 233 67
272 351 157 290 334 314 218 318 217 49 232 387 346 208 150 315 392 116 273 27
38 56 384 143 249 144 178 349 335 47 224 389 385 198 364 333 117 172 18 35
73 30 240 139 87 376 108 337 220 106 2 326 264 263 8 71 261 72 147 103
193 160 23 155 191 142 40 266 234 120 6 250 375 276 262 324 355 137 63 294
396 254 209 69 256 177 14 260 358 57 206 343 53 97 181 365 221 320 107 341
311 319 138 91 296 361 271 154 374 215 32 285 152 50 238 119 100 383 308 274
236 241 114 338 200 48 225 170 86 291 94 258 377 101 393 189 381 1 10 52
332 281 366 109 68 15 299 0 175 31 128 242 370 190 167 133 185 247 292 44
33 356 279 62 158 205 26 298 386 390 54 255 121 75 4 202 197 169 22 322
363 304 17 159 78 84 132 257 188 130 300 59 359 88 104 11 362 122 352 237
301 331 145 136 265 348 42 168 61 184 195 321 228 313 203 95 183 166 223 328
0010000000000000000
0010000000000000000
0010000000000000000
0010000000000000000
0010000000000000000
0010010000000000000
0010010000000000000
0010010000000000000
0010010000000000000
0010010000000000000
0010010000000000000
0010010000000000000
0010010000000000000
0000010000000000000
0000010000000000000
0000010000000000000
0000010000000000000
0000010000000000000
0000010000000000000
0000010000000000000
00000000000000000000
00000000000000000000
00000000000000000000
00000000000000000000
00000000000000000000
00000000000000000000
00000000000000000000
00000000000000000000
00000000000000000000
00000000000000000000
00000000000000000000
00000000000000000000
00000000000000000000
00000000000000000000
00000000000000000000
00000000000000000000
00000000000000000000
00000000000000000000
00000000000000000000
