20
139 373 280 306 258 89 365 181 44 199 243 398 304 328 48 158 385 202 17 266
8 174 213 9 144 345 300 251 319 308 184 358 350 83 136 326 253 82 99 390
149 195 381 81 73 391 100 310 141 156 284 211 282 241 386 275 182 216 18 171
70 91 223 88 0 29 204 104 322 71 254 219 133 23 347 46 311 262 232 302
360 200 396 242 76 301 355 7 278 20 379 224 286 108 240 265 78 97 172 39
80 67 376 260 294 285 341 57 145 210 134 64 370 362 293 259 117 189 45 90
212 66 166 137 276 291 176 318 296 249 393 371 131 52 230 303 349 367 123 313
399 261 4 84 354 344 138 353 63 86 132 161 377 1 40 168 169 239 338 2
281 36 387 335 122 279 215 372 130 289 105 15 42 110 272 68 312 13 264 43
26 206 27 140 56 107 192 299 348 147 305 146 382 142 380 256 58 237 160 38
170 101 339 364 222 193 203 263 329 178 366 28 186 51 363 220 270 34 24 314
118 357 154 228 163 330 245 22 336 334 50 378 342 273 10 159 54 187 111 125
47 255 33 361 150 14 62 209 59 397 201 194 384 74 248 167 151 129 173 229
292 332 121 135 179 93 87 41 152 352 37 233 128 155 394 126 164 236 115 98
287 153 177 375 60 185 337 32 383 298 116 315 25 114 327 175 55 388 94 11
3 65 79 85 333 309 297 218 368 323 250 77 208 165 30 72 252 35 283 127
356 143 267 320 227 205 225 374 113 231 343 274 191 61 331 246 269 53 103 221
235 234 247 5 16 317 109 157 214 21 392 226 395 19 340 268 162 96 207 324
196 307 277 124 183 369 180 119 346 197 389 12 325 257 198 359 106 102 351 69
92 217 95 188 31 316 321 112 49 75 290 238 288 295 244 148 271 120 190 6
0000000000000001001
0000000000000001001
0000000000000001001
0010000000000001001
0010000000000001000
0010000000000001000
0010000000000001000
0010000000000001000
0000000000000000000
0000000000000000000
0000000000000000000
0000000000000000000
0000000000000000000
0000000000000000100
0000000000000000100
0000000000000000100
0000000000000000000
0000000000000000000
0000000000000000000
0000000000000000000
00000000000000000000
00000001111111111100
00000000000000000000
00000000000000000000
00000000000000000000
00000000000000000000
00000000000000000000
11111000000000000000
00000000000000000000
00000000000000000000
11111111111111000000
00000000000000000000
00000000000000011111
00000000000000000001
00000000000000000000
00000000000000000000
00000000000000000000
00000000000000000000
00000000000000000000
