20
13 129 323 294 190 55 124 364 186 266 245 101 289 174 28 293 331 329 264 159
62 310 372 116 47 200 3 218 383 157 291 48 390 0 192 207 170 273 117 114
119 374 303 122 353 27 261 297 96 283 393 17 395 142 265 103 54 2 222 322
257 302 288 40 171 391 98 216 197 287 179 134 25 100 344 203 173 147 278 208
20 146 255 135 236 51 249 365 306 177 349 336 137 232 41 11 110 300 84 316
189 233 313 318 267 18 85 326 72 213 120 339 160 274 328 260 69 107 19 105
188 44 202 269 286 4 108 109 118 22 226 184 168 76 162 92 138 317 139 32
195 356 183 52 295 130 89 150 201 71 7 397 163 398 126 70 284 77 102 229
296 194 50 371 347 325 33 176 354 80 275 292 125 31 350 290 29 91 388 169
212 360 382 238 165 16 57 178 308 262 367 299 280 298 42 225 63 68 223 164
180 380 204 330 258 237 53 45 224 148 175 254 5 361 93 75 155 73 82 263
334 359 206 396 1 185 357 272 279 136 345 210 26 86 319 343 338 9 78 244
362 59 199 271 370 327 235 259 79 335 252 375 337 234 304 87 166 128 205 15
277 312 83 191 90 149 198 352 64 230 373 99 219 256 341 151 281 363 241 187
315 253 112 153 140 320 132 24 333 97 231 95 60 386 143 217 46 21 227 348
8 358 366 389 181 209 37 154 321 49 305 127 30 324 355 14 243 182 301 158
172 215 167 81 152 342 74 196 376 314 346 131 381 228 309 106 6 394 385 377
276 141 123 340 161 399 38 368 332 34 65 66 36 248 392 268 211 156 285 56
378 145 270 246 250 379 311 67 221 39 43 94 384 12 351 35 193 247 387 58
113 88 369 23 251 10 133 144 104 61 111 282 240 214 242 220 307 115 121 239
0000111000000000000
0000111000000000000
0000111000000000000
0000110000000000000
0000100000000000000
0000100000000000000
0000100000000000000
0000100000000000000
0000000000000000000
0000000000000000000
0000000000000000000
0000000000000000000
0000000000000000000
0000000000000000000
0000000000000000000
0000000000000000000
0000000000000000000
0000000000000000000
0000000000000000000
0000000000000000000
00000000000000000000
00000000000000000000
00000000000000000000
00000000000000000000
00000000000000000000
00000000000000000000
00000000000000000000
00000000000000000000
11111111111000000000
11100000000000000000
00000000000000011111
11111111111111111110
00000000000000000000
00000000000000000000
00000000000000000000
00000000000000000000
00000000000000000000
00000000000000000000
00000000000000000000
