20
131 10 270 4 56 238 66 241 141 296 123 230 14 272 18 98 333 319 380 283
387 159 243 355 154 211 307 155 177 234 63 121 200 152 111 169 184 110 392 118
5 320 160 9 338 314 316 350 79 55 146 321 208 64 125 203 311 76 305 287
194 215 97 149 164 292 60 82 196 336 115 179 106 161 377 285 45 227 57 7
144 300 186 282 13 137 277 386 328 50 275 54 352 43 38 158 0 21 229 364
297 351 396 61 16 22 185 370 68 139 78 366 46 37 6 254 246 133 181 25
132 250 42 302 281 75 51 375 67 225 337 206 12 325 354 143 124 353 109 343
207 142 41 148 94 284 174 89 266 205 365 116 35 231 81 204 374 36 74 217
278 237 167 69 345 53 150 90 199 210 214 363 219 3 291 232 11 312 216 332
361 342 24 317 264 313 255 39 397 349 88 130 92 391 104 304 356 309 126 2
228 245 170 393 249 322 213 371 236 218 310 99 95 240 26 383 224 44 166 369
85 201 100 330 103 308 263 286 223 172 247 190 221 346 49 162 276 303 188 127
279 105 191 290 329 395 29 197 8 262 299 261 156 52 84 171 335 117 15 385
274 212 248 235 258 31 378 128 268 226 244 175 298 151 267 114 357 176 280 239
20 251 202 182 372 83 334 384 358 91 113 382 59 289 252 129 71 265 96 19
340 17 93 173 344 178 180 120 347 40 269 324 107 295 28 73 30 362 72 70
360 381 163 339 390 398 331 193 376 112 260 33 348 198 367 1 135 326 47 220
242 48 165 306 108 34 259 288 187 183 134 257 58 315 32 136 101 323 253 388
168 368 293 256 138 327 318 102 147 389 80 140 119 145 65 23 153 379 87 86
233 271 209 157 27 373 62 77 399 394 195 294 273 359 341 122 222 301 189 192
0010000000000000000
0010000000000000000
0010000000000000000
0010000000000000000
0000000000000000000
0000000000000000000
0000000000000000000
0000000000000000000
0000000000000000000
0000000000000000000
0000000000000000000
0000000001000000000
0000000001000000000
0000000001000000000
0000000001000000000
0000000001000000000
0000000001000000000
0000000001000000001
0000000001000000001
0000000001000000001
00000001111111111111
00000000000000000000
00000000000000000000
00000000000000000000
00000000000000000000
00000000000000000000
00000000000000000000
00000000011111111111
11111111111111111000
00000000000000000000
00000000000000000000
00011111110000000000
00000000000000000000
10000000000000000000
00000000000000000000
00000000000000000000
00000000000000000000
00000000000000000000
00000000000000000000
