20
316 290 215 381 295 78 131 307 84 371 96 279 249 176 293 95 42 394 163 94
354 326 333 22 357 291 138 165 34 104 71 331 80 56 211 112 335 272 187 195
344 287 52 305 67 59 311 367 101 365 368 379 197 175 233 14 243 120 191 274
45 168 157 204 213 105 39 140 46 193 216 24 182 40 376 364 254 203 363 125
389 119 347 383 352 109 232 159 55 248 391 19 238 11 194 115 270 57 318 36
33 54 102 332 108 160 136 242 304 132 322 145 186 177 267 230 38 300 151 37
64 253 106 226 92 387 74 29 23 395 103 235 309 294 32 377 334 374 171 158
263 370 10 113 313 63 51 258 65 239 143 273 265 399 185 81 9 212 236 361
110 68 75 214 244 61 4 209 122 85 278 141 50 353 266 83 225 18 229 247
206 201 147 8 308 310 355 118 231 62 382 224 153 303 222 251 134 146 167 255
99 261 302 223 221 28 369 356 298 351 44 350 362 277 30 49 60 172 289 90
341 281 262 2 237 6 339 301 15 124 321 181 82 284 154 245 276 98 5 127
196 79 220 133 388 114 234 252 121 184 218 320 200 25 126 210 192 198 17 70
189 129 174 319 283 89 269 306 366 0 208 219 217 337 296 358 93 16 315 13
150 149 317 397 170 292 152 328 27 117 346 169 35 257 183 392 155 205 173 323
86 87 336 3 330 360 260 348 135 148 88 396 58 41 338 73 327 100 20 47
162 161 256 275 228 359 285 180 156 137 111 297 386 240 271 1 130 373 280 66
179 259 53 384 378 227 314 199 343 390 139 340 264 69 190 144 91 299 48 31
116 375 393 325 7 128 398 166 123 72 76 380 246 288 372 178 97 345 241 77
43 342 142 324 12 329 349 107 202 385 164 282 268 188 312 250 26 207 21 286
0100000000000000000
0000000000000010000
0000000000001010000
0000000000001010100
0000000000001010100
0000000000001010100
0000000000001010100
0000000000001010100
0000000000001010100
0000000000001000100
0000000000001000100
0000000000001000100
0000000000001000100
0000000000000000100
0000000000000000100
0000000000000000100
0000000000000000100
0000000000000000100
0000000000000000000
0000000000000000000
00000000000001111111
00000000000000000000
00000000000000000000
00000000000000000000
00000000000000000000
00000000000000000000
00000000000000000000
00000000000000000000
00000000000000000000
11100000000000000000
00000000000000000000
00000000000000000000
11111111111110000000
00000000000000000000
11110000000000000000
00000000000000000000
00000000000000000000
00000000000000000111
00000000000000000000
