20
221 130 93 249 134 184 74 55 144 41 62 236 220 168 255 318 96 82 198 337
113 352 234 354 397 86 121 106 13 270 362 217 295 185 398 46 17 124 79 18
22 186 33 382 296 183 161 369 292 365 199 320 283 85 222 142 323 237 48 385
246 67 80 172 36 196 14 68 139 11 391 245 302 73 346 176 395 280 244 396
75 111 359 175 47 146 6 207 148 216 228 298 357 205 72 366 326 263 181 5
50 235 88 170 87 117 25 89 374 224 66 122 145 188 125 102 268 253 288 57
399 192 281 92 26 151 277 94 40 84 141 171 370 351 388 174 276 258 376 314
1 282 101 49 189 317 285 69 136 239 149 147 103 390 191 206 301 269 118 173
231 65 261 187 64 167 143 60 211 213 28 156 355 164 347 159 204 392 71 303
240 131 335 218 54 378 387 393 287 29 297 99 35 100 313 266 10 225 4 334
24 386 248 97 190 257 0 108 104 120 233 200 316 53 350 30 349 327 16 324
150 344 252 319 193 133 356 126 254 37 169 380 140 339 58 114 166 358 289 112
345 331 194 43 137 341 153 132 182 135 90 61 212 163 208 127 279 23 34 259
278 59 251 2 76 154 375 363 232 203 115 81 52 197 20 273 201 338 45 51
44 309 379 91 152 160 242 128 214 325 27 105 238 116 12 157 210 333 32 195
286 284 315 3 304 340 179 38 178 202 19 215 110 209 63 383 305 107 368 308
342 256 247 322 260 119 77 291 361 138 158 381 329 312 250 348 109 265 241 332
98 229 129 372 56 336 310 223 39 162 275 306 230 267 321 42 343 299 7 31
364 367 307 226 78 290 311 243 377 123 353 8 219 83 271 95 294 177 155 394
360 371 328 180 274 70 373 384 9 264 227 272 330 262 165 389 21 293 15 300
0000000000000000000
0000000000000000000
0000000000000000000
0000000000000000000
0000000000000000000
0000000000000000000
0000000000000000000
0000000000000000100
0000000000000000100
0000000000000000100
0000000000000000100
0000000000000000100
0000000000000000100
0000000000000000100
0000000000000000100
0000000000000000100
0000000000000000100
0000000000000000100
0000000000000000100
0000000000000000100
11111000000000000000
00000000000000000000
00000000000000000000
00000000000000000000
00000000000000000000
00000000000000000000
00000000000000000000
00000000000000000000
00000000000000000000
00000000000000000000
00000000000000000000
11111111000000000000
00000000000000000000
00000000000000000000
00000000000000000000
00000000000000000000
00000000000000000000
00000000000000000000
00000000000000000000
