20
272 120 60 186 340 325 294 371 304 22 133 143 309 361 21 35 194 307 230 26
136 205 131 398 147 13 14 283 200 122 259 31 253 64 50 263 261 254 121 156
206 180 154 370 96 387 51 375 266 155 158 171 353 47 313 367 332 214 197 392
111 3 338 201 348 223 110 362 232 81 98 149 42 9 255 116 105 386 216 211
334 320 80 54 270 37 311 267 298 172 83 4 178 209 174 23 198 141 333 203
175 123 190 380 92 113 114 274 382 328 38 179 246 0 347 49 319 2 146 215
159 11 252 65 73 74 115 152 78 15 148 297 357 363 318 19 281 241 262 354
89 188 101 163 127 29 118 238 268 185 376 157 383 48 41 52 317 67 138 279
394 335 181 53 191 173 217 346 109 366 106 134 365 330 237 43 257 142 184 240
373 168 8 282 329 358 162 315 61 57 300 93 193 202 99 10 207 299 1 256
208 85 195 222 33 234 137 104 258 341 125 276 27 176 166 355 129 59 72 323
69 273 336 17 302 224 290 177 242 160 248 165 260 144 395 385 7 286 66 291
128 229 87 187 20 289 288 76 350 306 40 227 68 377 167 56 275 389 388 280
337 126 393 189 265 88 322 153 296 364 63 331 204 390 124 345 351 344 164 130
352 170 285 117 103 36 250 396 107 218 399 295 139 271 94 192 228 312 251 225
135 119 369 301 97 62 235 30 18 132 379 219 384 5 327 220 245 150 95 46
284 169 372 86 221 6 287 239 368 391 339 360 182 112 102 44 305 108 321 292
151 326 75 210 226 100 293 77 90 161 183 310 277 342 397 82 12 356 71 58
381 231 196 34 244 316 213 236 212 91 84 378 32 233 303 28 79 278 349 25
314 324 16 243 343 45 39 24 145 55 264 359 249 374 247 140 269 308 199 70
0000000000001010001
0000000000001010001
1000000000001010001
1000000000001010000
1000000000001010000
1000000000001010000
1000000000001010000
1000000000001010000
1000000000001010000
1000000000001000000
1000000000001000000
1000001000001000000
1000001000001000000
1000001000001000000
1000001000000000000
1000001000000000000
1000000000000000000
1000000000000000000
1000000000001000000
1000000000001000010
00000000000000000000
00000000000000000000
00000000000000000000
00000000000000000000
00000000000000000000
00000000000000000000
00000000000000000000
00000000000000000000
00000000000000000000
00000000111110000000
01100001111110000000
00000000000000000000
00000000000000000000
00000000000000000001
00000000000000000000
00000000000000000000
00000000000000000000
00000000000000001111
00000000000000000000
