20
50 239 76 152 384 343 91 182 289 66 162 151 321 217 377 26 290 109 13 55
365 187 372 252 68 134 48 101 229 212 249 232 87 315 20 279 77 131 338 37
150 286 245 167 333 124 184 57 360 70 81 317 108 257 335 246 198 89 323 52
219 133 12 138 3 157 125 285 23 208 278 280 272 71 378 46 316 180 69 344
140 220 356 253 236 120 216 324 38 370 277 181 314 128 261 222 163 287 22 142
228 40 202 351 376 225 51 103 397 242 238 159 122 100 130 259 177 358 368 197
164 53 325 171 269 258 72 373 332 44 25 248 339 395 382 218 398 80 5 270
15 146 137 352 237 327 385 227 67 389 320 383 79 234 205 387 223 310 102 74
117 329 149 24 337 347 88 179 93 33 265 8 266 82 96 192 331 340 186 336
39 47 14 1 83 144 303 359 207 264 193 354 231 305 334 247 309 176 165 98
262 7 341 123 169 255 319 226 115 183 10 399 318 330 300 135 156 188 274 127
215 95 273 32 16 295 136 30 313 110 349 213 296 294 268 11 367 155 256 106
42 369 19 302 185 65 0 121 311 114 271 73 251 348 390 281 29 45 240 139
194 147 78 97 291 375 64 36 107 306 206 355 391 4 297 56 221 173 104 250
230 86 166 244 92 112 195 392 85 357 75 60 143 361 345 90 393 350 282 145
301 199 61 346 18 298 63 154 170 158 43 284 62 126 371 54 17 28 27 132
118 116 308 293 35 191 254 224 214 312 2 99 105 196 203 381 260 267 299 386
233 307 304 243 6 394 190 283 204 200 168 160 210 129 288 380 326 388 119 275
34 292 211 374 175 161 263 201 322 31 235 21 49 353 364 111 189 241 379 363
141 172 396 178 328 209 59 174 276 94 84 362 41 113 342 366 58 153 9 148
0010000000000000010
0010000000000000010
0010000000000000010
0010000000000000010
0000000000000000000
0000000000000000000
0000000000010000000
0000000000010000000
0000000000010000000
0000000000010000000
0000000000010000000
0100000100010000000
0000000100000000000
0000000000000000000
0000000000000001000
0000000000000001000
0000000000000101000
0000000000000101000
0000000000000001000
0000000000000000000
00011111110000111100
00000000000000000000
00000111111111111100
00000000000000000000
00000000000000000000
00000000000000000000
00000000000001111111
00000000000000000000
00000000000000000000
00000000000000000000
11111111100000000000
00000000000111111111
00000000000000000000
00000000000000000000
11111111111111100000
00000000000000000000
00000000000000000000
11111111111111000000
00111111111111111111
