20
100 61 366 4 67 84 235 233 312 379 368 38 227 340 13 351 320 273 92 107
313 80 353 238 386 14 127 222 36 314 318 41 129 98 185 65 364 220 369 174
300 91 197 15 183 187 338 333 1 328 131 40 210 52 200 150 358 399 16 47
321 270 292 123 45 9 389 277 290 221 21 160 133 151 299 226 296 147 384 219
214 265 188 111 257 311 126 103 349 6 356 301 71 360 302 310 329 195 355 66
276 249 50 144 298 118 113 279 49 42 173 342 184 206 392 263 239 286 336 215
55 146 0 228 331 317 196 309 101 246 68 28 122 83 365 391 29 56 248 209
3 223 32 74 339 204 70 237 97 59 24 287 7 27 141 390 378 152 343 95
69 198 51 60 266 181 363 177 350 191 44 108 93 244 2 20 284 57 112 282
377 324 373 361 79 164 88 315 280 180 194 23 190 293 348 170 115 231 179 10
77 207 132 255 205 303 319 96 136 75 241 182 395 271 252 72 268 264 17 362
39 145 203 166 199 159 326 81 202 245 305 37 176 352 388 139 135 82 294 169
387 359 242 334 155 162 243 106 48 254 109 291 86 393 230 78 189 124 380 335
168 354 154 307 172 337 148 99 345 281 158 232 269 278 192 323 5 212 117 304
26 62 371 171 105 295 90 87 344 130 374 19 262 31 140 43 247 261 104 25
251 156 308 73 134 54 225 236 85 332 397 330 216 381 138 63 260 372 322 376
306 370 316 217 11 46 325 167 165 396 33 12 274 394 224 193 153 178 250 289
119 208 125 211 53 267 256 253 137 76 94 258 149 283 34 385 89 22 213 201
382 240 116 234 398 341 367 285 375 346 297 143 142 114 161 357 259 175 110 128
288 58 186 102 163 347 272 121 8 35 18 275 327 157 218 64 383 120 30 229
0000000000000000000
0000000000000000000
0000000000000000000
0000000000000000000
0000000000000000000
0000000000000000000
0000000000000000000
0000000000000000000
0000000000000000000
0000000000000000000
0000000000000000000
0000000000000000000
0000000000000000000
0000000000000000000
0000000000000000000
0000000000000000000
0000000000000000000
0000000000000000000
0000000000000000000
0000000000000000000
00000000000000000000
00000111111111111111
00000000000000000000
11111111111111100000
00000000000000111111
00000000000000000000
00000000000000000000
00000000000000011111
00000000000000000000
00000000000000000000
00000000000000000000
00000000000000000000
00000000000000000000
00000000000000000000
00000000000000000000
00000000000000000000
00000000000000000000
00000000000000000000
00000000000000000000
