20
133 135 305 123 277 364 78 213 45 152 200 247 293 157 16 163 231 262 320 223
260 63 383 232 170 66 171 218 270 167 242 137 196 388 246 111 279 392 303 342
124 390 241 159 114 347 148 44 164 371 233 2 255 332 306 251 337 33 155 51
374 221 308 326 57 324 92 343 323 365 96 368 95 145 146 335 182 48 274 254
252 93 97 127 398 229 219 328 286 62 198 56 259 240 266 363 204 168 120 83
131 224 350 375 189 50 366 191 101 382 150 290 381 76 236 396 72 144 41 139
118 351 282 310 73 394 217 27 59 23 312 47 105 14 300 169 132 299 179 275
13 285 359 22 272 183 226 206 345 356 297 84 210 181 39 362 309 58 194 353
318 128 193 235 276 117 317 121 304 31 338 17 295 209 11 49 327 3 186 178
32 349 185 46 85 53 339 319 89 341 21 199 215 393 70 358 175 378 142 346
10 156 322 162 284 79 245 292 202 91 311 207 29 395 389 90 301 110 265 281
287 288 129 197 321 176 220 160 74 250 313 122 314 264 67 126 208 253 81 201
75 360 225 87 249 43 331 69 107 30 307 154 140 386 7 172 385 192 136 158
112 258 283 355 195 330 216 1 149 151 354 234 325 5 42 377 134 173 269 115
6 211 35 125 227 68 28 161 8 188 248 315 61 239 203 238 372 18 340 82
280 344 54 40 100 273 60 24 298 88 94 261 65 52 165 391 222 116 174 15
243 166 333 71 109 130 190 26 237 289 0 397 336 86 25 244 108 180 357 296
214 102 373 205 387 55 19 20 64 370 348 399 177 147 104 99 12 36 294 37
187 103 212 379 184 113 291 257 334 143 34 369 230 267 9 380 4 106 98 80
138 361 77 38 141 263 302 256 153 384 352 119 376 367 228 268 329 316 278 271
0000000001001000000
0000000001011000000
0000000001011000000
0000000001010000000
0000000001010101000
0000000001010101000
0001000001010100000
0001000001010100000
0001000001010100000
0001001001010100000
0001001001010100000
0001001001010100000
0010000001010110000
0010000001010110000
0010000001010110000
0010000001010110000
0010000000010110000
0010000000010110000
1010000000010110000
1000000000010110000
00000000000000000000
00000000000000000000
00000000000000000000
00000000000000110000
00000000000000000000
00000000000000000000
00000000000000000000
00000000000000000000
00000000000000000000
00000000000000000000
00000000000000000000
11111111000000000001
00000000000000000000
00000000000000000000
00000000000000000000
00000000000000000000
00000000000000000000
00000000000000000000
00000000000000000000
