20
213 159 289 343 231 202 144 242 329 339 306 334 10 66 161 87 122 158 399 198
79 141 80 93 225 6 17 108 285 241 163 1 46 392 211 160 349 212 348 221
84 240 7 376 290 226 358 166 196 169 365 151 300 73 74 25 112 71 42 368
197 15 110 55 384 51 97 378 279 39 40 357 131 102 53 88 353 380 238 304
328 297 374 340 61 218 338 200 54 172 57 375 14 190 139 234 286 187 117 167
174 157 12 201 177 89 58 284 385 69 259 332 235 63 244 216 230 291 248 350
48 310 327 333 330 154 140 173 383 130 59 134 342 303 50 362 220 214 115 267
387 125 335 250 183 138 371 94 64 325 205 170 104 153 288 60 210 308 345 193
206 85 370 276 56 156 171 36 246 266 28 326 145 265 237 232 331 254 113 318
186 281 44 239 121 37 354 207 2 18 184 229 367 95 70 164 369 317 274 247
127 114 120 132 366 24 228 298 359 344 98 320 262 35 295 4 352 233 261 142
62 155 264 77 398 395 109 215 133 52 194 49 31 255 315 99 373 208 305 41
372 123 270 103 223 168 324 341 203 394 75 360 8 32 294 260 20 388 129 381
38 195 377 227 27 11 22 178 204 34 277 393 107 269 337 346 397 363 5 137
272 219 118 90 162 23 283 188 105 347 273 258 275 189 209 355 245 313 100 302
319 146 217 191 296 3 76 181 45 47 293 253 72 180 152 256 16 280 111 21
43 148 13 150 86 379 321 301 292 78 222 185 30 351 299 143 83 149 243 307
26 33 81 282 67 135 391 309 68 356 91 252 287 179 249 396 199 251 311 336
65 147 322 165 389 92 390 119 323 361 175 126 128 224 176 19 382 182 96 268
278 101 116 316 386 82 236 29 106 192 9 312 364 263 124 136 314 257 271 0
0000000000000000000
0000000000000000000
0000000000000000000
0000000000000000000
0000000000000000000
0000000000000000000
0000000100000010000
0000000100000010000
0000000100000000000
0000000100000000000
0001000100000000000
0001000100000000000
0001000100000000000
0001000100000000000
0001000100000000000
0001000110000000000
0001000110000000000
0001000110000000000
0001000110000000000
0001000110000000000
00000000000000000000
00000000000000000000
00000000000000000000
00000000000111111111
00000000000000000000
00000000000000000000
00000000000000000000
00000000111111111100
00000000000000000000
00000000000000000000
00000000000000000000
00000000000000000000
00000000000000000000
00000000000000000000
00000000000000000000
00000000000000000000
00000000011100000000
00000000000000000000
00000000000000000000
