20
108 237 171 317 130 69 120 109 80 30 271 66 127 233 244 59 274 68 88 273
100 270 396 98 361 180 263 382 272 19 45 178 62 217 140 229 112 315 265 150
312 309 50 72 310 326 330 40 328 198 70 113 343 371 184 117 186 304 185 262
379 114 125 204 36 42 353 216 10 364 375 284 189 308 337 37 335 226 352 374
89 83 124 294 174 188 384 387 373 71 138 99 122 65 323 52 300 334 269 209
169 250 341 196 105 163 383 107 3 390 242 172 44 115 389 295 35 275 266 177
106 199 38 64 103 347 251 307 385 96 13 135 218 325 230 173 5 277 363 221
291 320 256 236 136 240 94 15 377 344 141 351 4 257 81 29 87 303 25 91
222 93 200 215 85 1 302 202 153 391 259 211 210 314 47 235 39 220 318 7
92 165 281 158 288 397 131 74 31 175 399 208 57 26 104 255 227 238 243 331
232 152 356 129 311 357 157 146 292 285 144 110 359 24 219 168 205 41 368 349
76 228 345 6 53 252 246 370 224 213 46 176 9 151 366 20 305 191 276 128
166 372 327 149 322 197 148 378 362 90 234 313 8 268 332 195 394 33 51 116
95 319 154 60 254 367 67 203 358 321 0 187 398 183 301 329 293 340 111 18
342 388 167 16 289 147 143 181 287 350 365 212 214 360 201 32 97 126 206 283
248 253 280 207 159 338 23 279 316 11 286 54 239 192 393 101 170 386 164 118
376 395 84 21 231 123 82 380 381 369 249 155 78 14 17 324 12 160 354 22
27 225 156 278 43 73 333 245 48 267 298 162 194 86 190 137 179 247 49 299
58 392 77 355 34 282 296 28 132 336 63 102 346 55 223 2 260 56 261 133
79 145 264 119 134 348 290 121 297 75 142 306 241 182 193 61 161 258 139 339
1001000000000000000
1101000000000000000
1101000000000000000
1101000000000000000
1101000000000000000
0100000000000000000
0100000000000000000
0100001000000000000
0100001000000000000
0100001000000000000
0100001000000000000
0101001000000000000
0101001010000000000
0101001010000000000
0101001010000000000
0101001010000000000
0101001010000000000
0101001010000000000
0101001010000000000
0100001010000000000
00000000000000000000
00000000000000000000
00000000000000000000
00000000000000000000
00000000000000000000
00011111111111111111
00000000000000000000
00000000000000000000
00000000000000000000
10000000000000000000
00011110000000000000
00000000000000000000
00000000011111000000
00000000000000000000
00000000000000001111
00000000000000000000
00000000000000000111
00000000000000000000
00000000000000000000
