20
341 68 291 111 125 161 108 355 322 250 117 271 32 356 137 101 17 316 198 25
382 195 223 138 197 2 222 100 169 338 320 212 244 114 150 4 153 340 71 67
21 216 82 363 181 237 185 142 377 323 186 72 113 60 383 87 203 217 359 11
43 268 47 210 78 380 345 109 170 218 240 159 280 58 263 311 277 385 388 285
234 386 231 372 284 278 286 130 394 89 229 395 208 65 306 173 15 190 264 207
258 37 391 362 253 303 289 135 235 1 99 349 0 192 187 16 243 329 22 310
131 122 45 69 51 188 246 194 211 75 77 296 358 282 13 333 76 334 196 343
339 346 381 397 54 335 273 274 326 52 398 307 297 107 393 276 228 158 81 29
378 166 189 337 146 92 304 309 351 152 70 162 312 199 7 392 23 19 140 24
149 59 148 74 26 134 254 86 301 147 288 239 262 136 357 206 370 375 205 344
119 259 160 214 261 300 57 6 283 367 179 331 110 224 49 281 266 128 265 260
154 127 98 305 116 389 384 374 336 14 255 112 46 328 317 270 292 279 364 83
102 12 20 302 399 272 257 180 215 347 61 193 290 298 41 353 40 230 202 172
157 209 200 376 53 165 120 90 132 294 123 361 118 225 201 220 184 318 79 124
39 96 31 241 9 324 18 28 293 325 299 66 354 106 62 38 227 93 221 97
330 103 3 133 213 379 295 236 396 313 366 308 141 191 204 269 63 164 238 226
42 360 155 368 145 369 176 256 5 85 27 10 327 342 126 156 233 50 350 352
94 267 129 168 121 249 30 104 390 332 245 91 387 35 348 55 232 177 115 247
8 84 175 315 143 183 174 373 365 319 252 178 314 44 171 151 163 88 56 80
321 144 242 48 248 139 105 182 275 34 33 36 219 73 64 95 251 167 287 371
0000000010000000000
0000000010000000000
0000000010000000000
0000000010000000000
0000000010000000000
0000000010010000000
0000000010010000000
0000000010010000000
0000000010010000000
0000000010011000000
0000000010011000000
0000000000011000000
0000000000011000000
0000000000011000000
0000000000011000000
0000000000011010000
0000000000011010000
0000000000011010000
0000000000001010000
0000000000001010001
00000000000000000000
00000000000000000000
00000000000000000000
00000000000000000000
00000000000111111111
00000000000000000000
00000000000000000000
00000000000000000000
11110000000000000000
00000000000000000000
00000000000000000000
00000000000000000000
11111111000000000000
00000000000000000000
00000000000000000000
00000000000000000000
00000000000000000000
00000000000000000000
00000000000000000000
