20
136 254 284 194 237 320 291 40 173 85 119 325 307 224 100 275 75 70 265 150
77 202 278 279 222 181 44 172 341 160 399 347 223 210 322 5 65 235 164 47
383 184 97 132 206 364 208 321 310 382 83 62 354 285 245 214 87 148 261 276
336 78 116 161 369 270 104 134 345 114 169 59 266 311 58 358 367 303 192 27
293 363 381 68 165 220 253 324 72 219 141 213 112 80 39 177 137 35 252 304
128 395 315 0 297 57 357 326 333 10 283 23 135 155 339 163 131 330 327 79
162 41 209 143 126 154 109 375 373 337 233 353 259 201 153 103 329 370 298 216
187 20 93 248 379 305 377 46 127 389 17 317 179 120 28 263 371 159 56 342
25 390 14 52 269 391 149 90 234 272 199 247 368 211 60 32 175 19 123 51
392 256 176 296 394 186 200 138 94 140 4 106 361 110 378 7 343 42 316 29
115 139 118 236 3 335 313 264 267 111 340 96 386 117 171 372 309 207 195 71
125 290 351 360 92 31 189 393 243 180 16 241 89 287 144 142 362 338 124 45
13 48 24 274 146 11 43 280 86 231 174 262 147 299 308 63 221 6 319 74
130 331 9 157 18 129 188 251 218 355 99 365 226 37 302 121 67 396 232 133
238 356 158 105 170 166 230 217 185 277 22 349 288 66 197 151 387 55 61 359
182 366 49 314 240 76 145 225 229 348 384 82 289 102 268 242 152 81 282 301
239 323 167 84 306 205 294 64 228 258 191 273 376 300 53 281 352 2 34 244
350 212 227 255 260 246 156 397 107 374 193 286 113 15 215 88 36 12 346 249
292 318 388 122 198 398 196 204 8 33 344 312 30 69 73 183 50 380 257 203
38 168 108 101 385 190 332 54 334 178 271 295 21 91 98 1 95 250 26 328
0000000001100000001
0000000001100000001
0000000001100000001
0000000001100000001
0000000001100000001
0010000001100000000
0000000001000000000
0000000001000000000
0000000001000000000
0000000001000000000
0001000001000000000
0001000001000000000
0001000001000000000
0001000001000000000
0001000001000000000
0001000001000000000
0001000001000000000
0001000001000000000
0000000001100000000
0000000000100000000
00000000000000000000
00000000000000000000
00000000000000000000
00000000000000000000
00000000000000000000
01111111110000000000
00000000000000000000
00000000000000000000
00000000000000000001
00000000000000000000
00000000000000000000
00000000001111111110
00000000000000000000
00000000001111100111
00000000001111110000
00000000000000000000
00000000001111110000
00001111110000000000
00000000000000000000
