20
272 319 14 193 277 191 366 152 164 294 58 28 181 377 306 78 76 346 81 158
52 169 250 156 282 301 107 182 168 117 120 25 190 153 291 266 235 50 186 149
67 74 166 224 113 320 248 354 26 209 20 94 177 230 87 134 246 325 275 163
195 170 307 310 220 51 172 247 395 202 372 48 3 228 398 213 128 129 2 12
180 221 122 389 351 146 17 336 43 392 391 382 187 359 255 293 7 85 97 270
399 47 347 388 219 143 333 160 115 335 350 288 295 138 104 390 18 179 274 340
90 397 329 100 95 299 305 342 4 75 145 234 130 206 269 19 147 167 378 244
273 233 204 341 217 15 42 65 339 157 332 315 56 223 70 215 183 331 281 258
356 210 24 109 259 116 60 66 21 1 280 13 265 311 290 214 249 34 16 99
88 123 227 222 80 144 229 393 132 137 38 321 112 194 185 71 92 35 364 242
279 118 159 175 240 285 396 365 59 148 316 53 386 251 208 41 5 271 37 6
101 360 126 348 226 108 225 362 309 33 343 79 370 324 238 44 314 150 106 29
173 176 261 387 326 83 136 49 86 264 205 36 322 68 374 287 61 308 338 171
105 358 27 211 154 239 260 111 313 198 30 268 72 349 345 98 69 263 337 334
245 207 327 330 394 304 54 114 216 253 89 131 23 40 381 380 267 283 379 46
344 203 212 357 174 383 0 241 82 243 178 189 55 367 200 151 317 127 384 303
196 302 236 297 110 192 361 256 252 162 232 254 385 8 22 102 355 103 231 39
96 284 165 93 373 276 57 142 328 9 286 368 32 312 121 237 91 262 141 298
139 184 10 45 257 155 353 375 125 161 31 62 124 363 352 64 63 292 296 371
278 135 201 218 318 84 199 323 188 133 369 289 77 119 300 11 376 73 197 140
0000000000100000000
0000000000100000000
0000000000100000000
0000000000100000010
0000000000100000010
0000001100100000010
0000001100100000010
0000001100100000010
0000001100100000010
0000001100100000010
0000001100100000010
0000001100100000010
0000001100100000010
0000001100100000010
0000000000100000010
0000000000000000010
0000000000000000010
0000000000000010010
0000000000000010010
0000000000000010010
00000000000000000000
00000000000000000000
00000000000000000000
00000000000000000000
11111111100000000000
00000110000011111100
00000000000000000000
00000000000000000000
00000110000000000000
00000000000000000000
11111100000000000000
00000000000000000000
00000000000000000000
00000000000000000000
00000000000000000000
00000000000000000000
11110000000000000000
00000000000000000000
00000000000000000000
