20
320 18 89 76 15 314 297 23 98 253 355 154 51 394 134 258 175 111 376 331
30 125 161 317 116 82 128 26 200 20 74 245 112 5 343 162 384 204 197 148
303 201 110 129 4 165 157 222 274 65 341 77 255 94 0 382 83 281 224 36
139 340 289 377 306 153 174 308 272 109 79 362 181 64 261 123 251 330 315 96
72 322 21 167 203 353 68 244 218 374 183 172 233 14 155 282 336 85 226 106
108 378 298 24 2 232 176 192 63 335 120 309 348 327 346 136 223 147 179 56
386 70 87 198 230 345 196 210 241 240 293 100 66 142 287 263 166 59 264 12
43 231 337 301 149 334 28 239 351 395 39 235 294 209 195 313 105 321 7 38
257 102 366 158 164 276 249 34 269 220 219 3 170 13 115 307 273 151 290 326
40 11 358 44 186 342 339 247 229 193 246 350 50 131 383 390 122 1 31 35
53 188 371 146 58 81 97 138 363 199 124 318 323 280 71 312 260 217 214 278
130 135 283 145 152 126 95 90 178 365 268 295 171 16 215 325 364 373 275 212
333 10 385 117 190 372 387 22 357 296 242 49 25 285 194 37 206 104 143 119
360 211 375 163 266 379 107 238 324 27 367 252 225 41 45 17 205 398 156 227
141 311 393 114 292 140 103 121 61 256 91 396 329 304 370 354 52 42 388 288
380 352 92 84 270 159 347 184 133 344 207 29 144 99 9 101 305 236 160 150
67 216 57 259 191 271 19 182 213 168 368 254 332 189 228 55 187 291 32 132
169 86 397 262 202 265 369 310 118 302 221 399 48 359 73 279 316 243 127 389
113 93 277 356 33 62 46 8 69 248 299 349 361 391 237 173 54 381 300 75
338 180 60 234 328 185 88 80 319 78 208 137 177 267 284 392 250 286 47 6
0001000010100100000
0001000000100100000
0001000000100100000
0001000000100100000
0001000000100100000
0000000000100000000
0000000000100000100
0000000000000000100
0000000000000000100
0000000001000000100
0000000000000000000
0000000000000000000
0000000000000000000
0000000000000000000
0000000000000000000
0000000000000000000
0000000000000000000
0000000000000001000
0000000000000001000
0000000000000001000
00000000000000000000
00000000000000000000
00000001111000000000
00000000000001000000
00001100000000000000
00000000000000000000
00000000000000000000
00000000000000000000
00000000000000000000
00001111111111111111
11111111111100000000
11100000000000000000
00001111111111111111
00000000000000000000
00000000000000000000
00000000000000000000
00000000000000000000
00000000000000000000
00000000000000000000
