20
388 211 183 253 121 18 46 307 148 319 57 123 270 79 363 35 215 51 212 358
157 290 362 28 120 309 382 220 350 87 370 106 195 12 180 318 25 50 201 341
227 383 364 310 298 100 137 161 327 171 162 166 104 76 366 53 82 5 6 339
282 357 301 257 158 372 85 224 26 67 342 136 252 184 322 96 240 39 38 61
109 47 219 239 312 395 285 323 380 206 108 231 235 98 103 144 345 242 306 373
326 237 13 130 83 314 44 371 315 9 278 343 368 321 217 179 365 20 244 91
337 168 214 84 203 73 287 241 49 248 280 334 250 292 205 294 377 176 116 385
125 272 1 264 311 7 173 389 133 62 381 222 356 230 303 29 156 182 15 375
384 177 317 360 140 245 367 36 353 63 172 187 249 149 113 117 255 333 289 305
291 23 143 37 86 348 93 376 329 165 89 101 151 147 190 32 124 204 97 174
261 396 181 142 324 42 338 33 288 340 14 223 31 266 269 243 127 94 296 302
234 197 160 316 355 196 225 281 102 141 347 185 263 325 41 58 107 361 233 391
262 216 236 394 114 80 274 138 52 295 191 208 283 346 81 189 10 112 393 139
152 30 72 213 21 164 60 111 351 299 247 277 75 90 11 17 95 135 77 300
259 226 27 24 397 332 275 68 2 352 188 330 193 48 16 349 284 265 66 192
399 153 313 199 210 55 45 378 207 131 218 369 69 43 8 229 209 129 54 200
258 70 279 374 4 163 238 150 155 88 78 71 354 379 293 246 336 328 74 297
146 271 145 169 105 286 99 320 128 387 198 115 194 186 40 386 59 276 110 390
92 126 228 159 202 175 331 3 34 119 335 256 167 221 251 178 268 122 56 398
273 118 232 304 359 19 64 254 22 0 260 65 344 132 154 134 170 267 392 308
0000010100000000000
0000010100000000000
0000010100000010000
0000010100000010100
0000010100000010100
0000010100000010100
0000010100000000100
0000000100000000100
0000000100000000100
0000000100000000100
0000000100000000100
0000000100000000100
0000000100000000100
0000000100000000000
0000000100000000000
0000000100000000000
0000000100000000000
0000000000000000000
0000000000010000000
0000000000010000000
00000000000000000000
00000000111111111100
00000000000000000000
00000000000000000000
00000000000000000000
00000000000000000000
00000000000000000000
00000000000000000100
11111000000000000000
00000000000000000000
00000000000000000000
00000000000000000000
11110000000000011111
11110000000000000000
00000000000000000000
00000001000000000000
00000000000000000000
00000000000000000000
11111111100000000000
