20
95 76 146 263 4 348 105 202 10 177 74 235 139 115 238 86 133 344 150 166
100 194 41 83 78 38 9 354 337 392 53 141 274 245 327 96 160 270 311 75
399 110 293 57 291 257 152 70 394 180 215 380 126 113 271 151 350 334 324 294
69 54 27 162 369 386 32 187 149 227 225 44 361 43 366 60 289 196 204 351
195 381 39 325 277 119 367 234 182 15 310 148 272 34 80 250 383 5 159 13
29 197 46 214 58 87 331 188 305 231 280 1 220 103 352 90 192 390 389 107
79 138 56 120 164 264 230 278 222 382 206 229 283 355 387 307 186 171 65 93
84 183 276 211 157 314 237 284 66 172 91 308 165 398 228 191 77 175 208 300
309 358 11 6 144 312 243 368 62 323 170 256 216 205 48 259 302 298 269 108
360 47 343 252 207 345 335 124 339 169 33 190 19 241 155 145 25 273 81 364
375 184 296 129 189 14 121 371 370 22 359 143 200 131 30 209 223 158 104 135
242 378 132 36 385 142 114 258 373 377 221 153 288 217 173 42 255 316 163 244
72 356 23 97 317 260 303 185 18 341 213 210 61 299 346 384 167 127 92 397
193 51 101 59 21 112 178 20 251 12 265 268 31 35 176 248 201 232 68 111
26 391 85 249 67 117 395 116 275 262 73 174 279 55 122 326 203 318 45 306
342 388 226 301 396 319 290 3 28 128 125 179 349 286 233 304 0 315 109 136
313 247 372 49 94 321 362 376 16 218 266 328 8 52 347 329 219 239 130 340
64 285 261 254 168 198 99 123 89 199 357 181 336 363 7 295 118 322 374 50
134 40 393 140 282 37 102 246 379 267 98 24 297 330 2 88 106 71 287 154
292 147 63 156 338 137 236 253 17 320 161 224 353 333 240 82 332 212 365 281
0000000100000000100
0000000000000000100
0000000000000000100
0000000000000000100
1000000000000000000
1000000000000000000
1000000000000000000
1000000000000000000
1000000000000000000
1000000000000000000
1000000000000000000
1000000000000000000
1000000000000000001
1000000000000000001
1000000000000000001
1000000000000000001
1000000000000000001
1000000000000000001
1000000000000000001
1000000000000000001
00000000000000000000
00000000000000000000
00000000000000000000
00000000000000000000
00000000000000000000
00000000000000000000
00000000000000000000
00000000000000000000
00000000000000000000
00000000000000000000
00000000000000000000
00000000000000000000
00000000000000000000
00000000000000000000
00000000000000000000
00000000000000000000
01111111111111000000
00000000000000000000
00000000000000000000
