20
261 152 191 373 9 160 228 314 205 349 307 61 264 28 159 218 281 284 310 184
89 131 233 212 48 132 299 291 27 88 360 13 153 188 57 62 172 112 55 342
78 347 338 388 220 331 260 317 31 151 7 194 196 343 387 391 150 79 144 275
223 240 21 104 146 53 293 252 371 214 263 378 162 119 389 289 365 101 377 64
394 182 269 393 148 276 149 171 129 200 24 298 47 247 364 26 92 189 244 262
102 165 370 344 321 128 114 273 10 354 15 209 161 337 359 395 249 323 17 141
183 319 362 23 272 121 46 332 193 65 345 0 335 292 398 25 38 376 340 110
207 300 6 270 113 192 14 333 155 4 390 80 103 37 30 303 268 181 35 86
382 245 334 166 288 295 74 206 137 280 136 84 236 258 19 83 81 108 123 313
224 198 77 173 156 52 271 174 330 71 215 254 5 178 109 339 140 122 54 135
285 70 100 170 361 356 180 222 176 201 51 97 36 43 246 124 187 41 396 237
232 352 290 311 238 42 386 29 351 204 380 385 91 301 197 279 118 346 85 18
116 96 177 294 33 372 73 67 11 243 208 56 384 58 259 229 16 341 277 397
219 320 143 350 95 186 169 44 179 185 336 383 195 68 274 138 168 120 348 251
39 250 199 63 87 49 374 239 154 111 278 167 353 130 357 1 375 133 381 107
210 90 105 202 127 203 253 106 60 98 286 256 309 125 369 147 22 213 283 231
190 358 399 175 367 257 255 302 306 326 226 12 225 221 363 40 142 318 115 329
20 305 235 327 266 69 296 355 82 308 139 45 216 368 234 163 164 50 241 145
315 99 75 158 211 324 287 134 265 117 66 8 312 32 59 392 157 267 227 230
304 34 328 94 282 93 325 297 126 242 248 316 322 217 2 379 366 3 76 72
0000000000011000000
0000000000011000000
0000000000011000000
0000000000011000000
0000000000001000000
0000000000001000000
0000000000001000000
0000000000001000000
0000000000001000000
0000000000001000000
0000000000001000000
0000000000001000000
0000000000001000000
0000000000001000000
0100000000000000000
0000000000000000100
0000000000000000100
0000000000000000000
0000000000000000000
0000000000000000000
00000000000000000000
00000000000000000000
00000000000000000000
00000000000000000000
11111111110000000001
00000000000000000011
00000000000000000000
00000000000000000000
00000000000001111110
00000000000000000000
00000000000000000000
11111110000000000000
00000000000000011111
11110000000000000000
00000000000000000000
00000000000000000000
00000000000000000111
00000000000000000000
00000000000000000000
