20
327 208 130 277 294 25 36 278 73 259 345 26 349 116 35 107 1 342 150 190
325 312 121 134 156 171 7 78 122 83 91 371 11 160 214 387 320 148 359 194
28 339 245 380 41 390 357 104 57 226 340 103 50 102 244 94 267 13 72 55
233 17 85 207 274 65 389 313 197 38 141 279 289 260 31 87 153 221 19 295
232 341 366 343 350 29 222 297 199 33 363 80 137 231 193 142 111 337 136 271
69 124 90 323 127 346 198 356 113 261 353 206 126 99 355 161 185 293 223 120
129 215 322 252 367 147 172 61 290 152 210 32 292 328 125 181 249 241 239 319
398 44 296 203 377 299 332 173 301 27 291 257 225 361 285 269 98 145 204 58
187 394 234 247 20 372 140 95 376 335 159 70 304 75 382 154 101 248 180 37
315 348 59 284 184 266 326 308 224 286 93 132 306 46 310 386 0 243 3 4
163 397 162 219 302 63 146 67 177 64 385 364 396 360 362 21 189 92 368 157
183 139 314 333 321 238 22 352 229 14 2 170 24 176 354 149 253 195 392 379
74 34 188 264 255 273 242 228 43 8 186 393 174 53 82 305 384 381 97 303
30 167 330 66 9 118 358 338 12 133 336 117 209 399 10 205 318 175 300 287
16 250 200 254 365 236 263 317 316 230 391 369 281 40 51 15 192 105 191 60
115 112 77 211 307 213 217 201 84 54 169 375 256 334 246 164 86 395 220 182
179 106 216 166 282 110 288 276 155 196 178 109 240 18 344 262 114 48 158 280
265 370 151 331 275 218 373 351 374 56 62 143 298 235 128 5 383 329 42 138
119 268 68 45 251 79 347 227 135 165 100 144 309 23 47 258 96 378 202 272
283 108 388 324 49 168 89 76 131 123 212 311 71 52 6 237 81 39 270 88
0000000000000000000
0000100000000000000
0000100000000000000
0000100000000000000
0000100000000000000
0000100000000000000
0000100001000000000
0000100001000000000
0000100001000000000
0000100001000000000
0000100001000000000
0000100001000000000
0000100000000000000
0000100000000000000
0000100000000000000
0000100000000000000
0000100000000000001
0000100000000001001
0000100000000001001
0000100000000001001
00000000000000000000
01111000000000000000
00000000000000000000
00001000000000000000
00000000000000000000
00000000000000011111
00000000000000000000
00000000000000000000
00000000000000000000
00000000000000000000
00000000000000000000
00000111111111111100
00000000000000000000
00000000000000001111
00000000000000000000
00000000000000000000
00000000000000000000
00000000000000000000
00000000000000000000
