20
325 14 269 391 200 277 149 221 330 170 331 231 378 76 69 138 120 57 215 256
74 125 37 102 165 147 236 214 205 309 15 281 230 163 385 273 143 155 232 289
16 380 95 77 347 253 318 103 157 181 148 235 101 345 346 212 65 314 257 154
207 116 79 284 344 128 295 58 80 368 124 370 186 18 341 333 321 133 271 185
126 67 363 296 175 263 19 201 164 280 293 208 88 381 171 283 180 41 104 255
209 31 213 179 203 335 10 43 243 169 397 291 174 392 204 326 311 51 32 193
100 336 389 241 386 198 6 234 394 275 189 48 110 46 49 245 84 246 328 188
206 267 137 249 78 83 72 87 111 39 210 317 56 40 53 388 60 26 327 90
329 161 112 384 98 287 270 334 82 4 182 382 123 127 107 113 96 219 1 299
44 320 33 278 34 308 220 348 131 70 202 191 376 372 92 393 217 358 301 54
59 36 114 13 350 364 105 71 398 162 47 337 190 274 150 22 310 360 307 144
361 12 64 106 85 306 11 8 109 305 399 121 356 99 27 247 351 194 240 216
86 42 93 254 118 248 159 140 342 352 24 259 197 89 97 373 151 63 294 177
322 172 73 366 390 146 178 238 343 81 29 229 122 20 28 227 332 338 383 156
285 196 340 139 62 396 242 292 282 349 21 375 55 297 258 183 91 272 252 250
266 145 2 30 251 168 211 66 187 218 222 61 135 319 199 357 45 315 9 152
173 323 264 228 134 265 262 129 279 166 260 313 160 38 339 3 286 239 117 304
377 379 7 225 119 237 141 312 192 353 35 302 130 167 158 195 226 298 395 223
115 136 354 290 371 94 233 17 355 75 153 276 387 367 184 261 0 5 374 300
52 316 268 224 365 108 23 176 303 132 50 142 68 369 25 362 324 244 359 288
0000000100000000000
0000000100000000000
0000000100000000000
0000000100000000000
0000000100000000000
0000000100000000000
0000000100000000000
0000000100000000000
0000000100000000000
0000000100000000000
0000000100000000000
0000000000000000000
0000000000000000000
0000000000000000000
0000000000000000000
0000000000000000000
0000000000000000000
0000000000000000000
0000000000000000000
0000000000000000000
00000000000000000000
00000000000000000000
00000000000000000000
00000000000000000000
00000000000000000000
00000000000111111111
00000000000000000000
00000000000000000000
00000000000000000000
00000000111111000000
00000000000000000000
01111111111111111111
00000000000000000000
00000000000000000000
11111111111111111000
00000011111111111111
11111111111111110000
00000000000000000000
00000000000111111111
