20
15 141 167 112 279 380 152 267 246 35 8 3 16 138 250 312 37 145 164 262
175 158 36 351 242 388 60 190 18 314 9 358 2 211 212 17 196 197 244 169
275 28 166 157 170 113 278 257 193 296 47 151 234 191 345 252 289 161 205 98
367 396 316 391 331 326 271 240 147 140 92 52 163 39 237 94 82 352 355 40
71 90 77 284 231 19 108 232 229 265 208 110 282 135 195 176 269 79 360 362
286 12 74 204 126 38 368 384 30 5 253 31 225 363 101 1 117 387 188 43
303 93 7 156 127 324 83 125 122 174 393 124 361 214 266 293 335 104 184 254
338 146 48 97 339 333 180 22 130 194 32 177 227 103 386 222 399 365 116 302
364 228 332 390 318 218 219 70 45 297 301 142 337 115 62 20 87 63 143 202
201 397 27 0 106 111 100 182 385 220 310 42 26 379 66 295 213 203 178 53
354 398 132 206 394 258 105 294 287 153 270 307 251 255 33 395 210 55 134 306
327 181 248 217 238 85 75 373 23 378 128 76 154 372 91 129 226 280 273 298
272 346 268 256 84 311 371 186 198 309 375 249 319 349 80 343 215 305 356 51
382 102 241 344 192 336 13 81 216 366 350 342 73 95 118 221 290 323 308 245
320 300 370 357 6 133 224 131 49 96 235 29 58 21 123 325 10 25 374 61
347 383 24 285 159 11 56 247 233 162 260 223 109 288 34 65 121 283 139 4
341 54 261 348 114 171 50 274 173 183 276 14 291 86 67 392 144 150 187 322
46 389 165 313 185 68 376 315 330 292 41 321 189 148 179 69 329 304 136 369
281 277 119 377 299 137 155 57 359 199 263 243 353 107 99 78 264 149 230 317
328 64 160 259 72 236 381 172 209 239 340 168 59 334 88 207 200 120 89 44
0000000000010000000
0000000000010000000
0000000001000000000
0000000000000000000
0000000000000000000
0000000000000000000
0000000000000000000
0000000000000000000
0000000000000000000
0000000000000000100
0000000000000000100
0011000000000000000
0011000000000000000
0011000000000000000
0011000000000000000
0011000000000000000
0011000000000000000
0011000000000000000
0011000000000000000
0011000000000000000
00000000000000000000
00000000000000000000
11111111111111111000
00000000000000000000
00000000000000011111
00000000000000000000
00000000000000000000
00000000000000000000
00000000000000000000
00111111111111111000
00000011111111111111
00000000111111111111
00000000000000000000
00000000000000000000
00001111111111000000
00000000000111111111
00000001111111111111
00000000000000000000
00001111111111111110
