20
174 189 354 85 298 266 234 46 163 246 114 19 81 228 356 239 125 348 72 96
67 215 294 53 297 182 153 269 220 364 58 183 374 140 207 123 349 308 64 302
119 68 150 212 177 305 376 235 6 16 65 389 256 100 390 310 187 30 242 289
131 368 194 332 277 70 358 334 42 133 387 77 82 299 157 362 251 138 97 184
111 240 66 162 159 57 267 252 213 192 166 222 141 13 78 227 8 327 375 231
303 196 83 353 178 392 359 144 340 257 54 372 291 355 155 86 186 270 43 377
325 25 4 290 199 20 17 219 118 284 115 193 331 39 369 91 175 9 398 139
55 317 117 7 202 197 34 26 146 319 318 32 15 259 324 385 249 278 56 396
5 378 214 128 328 335 18 107 380 254 209 188 36 158 31 371 106 69 98 11
216 103 287 293 360 160 217 230 262 312 295 50 49 164 273 95 323 21 236 281
88 48 238 386 181 381 200 38 44 286 288 363 73 258 271 296 113 268 135 102
250 260 127 373 29 149 225 391 320 108 137 321 132 185 382 179 243 247 206 63
92 156 198 90 304 116 136 264 361 130 171 384 126 203 134 122 237 365 345 60
307 276 397 47 351 229 99 2 74 263 272 248 40 301 233 170 101 124 35 37
275 370 346 221 245 339 399 316 165 93 27 379 10 211 180 309 201 75 109 261
33 347 344 3 329 110 89 367 23 24 388 274 357 326 172 59 241 143 393 190
210 87 51 151 176 226 342 352 253 145 224 168 84 28 244 45 121 104 173 167
80 105 71 350 120 366 161 341 315 232 12 330 322 337 205 292 313 282 0 147
142 279 14 61 265 154 223 395 208 1 94 306 218 52 255 112 333 300 383 79
311 169 283 336 62 22 338 204 343 76 280 152 195 394 314 285 191 148 41 129
0000000000000000000
0000000000000000000
0000000000001001001
0000000000001001001
0000000000001001001
0000000000001001001
0000000000001001001
0000000000001001001
0000000000001001001
0000000000001001001
0000000000001001000
0000000000001001000
1010000000001001000
1010000000001001000
1010000000000011000
0010000000000010000
0000000000100010000
0000000000100010000
0000000000110010000
0000000000110010000
00000000000000000000
00000000000011111111
00000000000000000000
00000000000000000000
00000000000000000000
00000000000000000000
00000000000000000000
11111000000000000000
00000000000000000000
00000000000000000000
00000000000000000000
11111111100000000000
00000000000000000000
00000000000000001110
00000000000000000000
00000000000000000000
00000000000000000000
00000000000000000000
00000000000000000000
