20
31 371 188 94 242 245 90 37 22 365 165 339 260 207 261 26 72 256 76 114
195 153 264 323 169 139 378 159 300 17 324 81 295 128 30 223 83 113 41 134
314 73 177 234 265 160 82 33 56 129 97 172 237 285 317 221 131 51 70 373
145 291 254 296 271 12 78 20 313 277 49 24 398 381 146 61 201 290 286 42
202 189 273 205 252 3 292 110 154 341 203 394 320 306 366 225 161 14 370 156
206 115 6 224 204 330 377 217 21 316 391 251 199 257 212 361 298 126 372 384
170 171 86 65 190 7 117 2 179 80 327 218 229 263 135 104 215 379 288 15
293 11 197 305 334 393 125 356 333 62 91 389 200 259 240 397 338 345 152 244
392 219 136 275 302 348 328 23 307 141 262 5 109 111 321 278 272 354 122 347
214 269 68 210 282 29 27 71 194 89 92 227 140 319 127 63 236 380 209 399
382 279 243 211 167 303 294 310 130 147 164 222 118 150 385 193 387 87 116 192
396 352 75 246 79 123 46 248 284 174 233 368 8 9 149 138 13 48 363 238
304 247 289 168 39 103 84 112 342 105 325 175 107 148 216 255 376 230 137 270
232 47 180 124 74 55 346 311 54 340 309 182 186 359 119 176 99 375 318 178
196 1 349 155 35 281 228 67 362 98 45 102 187 173 28 96 312 326 101 18
25 213 60 157 16 344 374 100 4 250 66 358 132 336 198 386 249 226 57 241
38 388 322 297 220 329 143 64 43 162 53 88 383 287 357 308 268 390 364 351
331 50 58 231 106 239 19 266 301 144 276 181 283 95 163 108 34 337 191 280
36 367 343 332 142 77 40 10 208 299 158 44 355 369 120 166 274 335 85 253
185 395 235 315 350 151 184 258 0 133 360 267 183 353 121 32 69 93 59 52
0001000000000000100
0001000000000100100
0000000000000100100
0000000000000000100
0000000000000000100
0000000000000000100
0000000000000010100
0001000000000010100
0001000000000010000
0001000000000010000
0001000000000010000
0001000000001010000
0001000000001010000
0001000000001010000
0001000000001010000
0001000000001010000
0000000000000000000
0000000000000000000
0000000000000000000
0000000000000000000
00001111111000000000
00000000000000000000
00000011111111111000
00000000000000000000
00000000000000000000
00000000000000000000
00000000000000000000
00000000000000000000
00000000000000000000
00000000000000000000
00010000000000000000
00000000000000000000
00000000000000000000
00000000000000000000
00000000000000000000
00001111111111111111
00000000000000000000
00000000000000000000
00000000000000000000
