20
37 384 314 279 303 266 13 202 249 391 123 310 190 318 365 304 368 329 189 36
386 346 141 51 227 143 115 83 339 326 38 34 7 335 297 67 161 364 267 2
245 359 134 122 138 390 239 92 393 277 186 104 174 324 97 387 8 240 301 347
352 98 389 89 82 159 198 366 354 0 258 286 217 132 184 112 14 140 59 176
107 233 29 88 191 307 225 221 177 126 154 282 293 167 79 131 369 203 374 281
294 116 12 299 74 246 247 327 336 42 125 171 45 30 70 305 147 135 178 152
158 84 28 232 311 330 243 199 46 139 54 114 11 383 33 201 388 148 21 87
208 196 315 242 58 213 291 111 272 149 206 44 317 136 10 262 55 195 337 334
320 341 290 344 278 308 296 357 133 86 298 65 215 48 332 118 80 185 254 180
168 228 252 271 321 61 117 226 340 75 331 204 57 108 96 234 109 100 182 285
124 287 396 325 381 300 270 23 353 99 235 238 355 373 151 62 256 192 163 356
395 153 229 209 377 102 216 280 187 306 183 343 150 251 22 236 274 31 322 53
3 32 349 399 40 160 73 155 194 382 261 371 244 342 27 47 120 338 35 398
248 205 113 394 157 255 72 316 378 264 119 350 103 197 20 295 376 90 56 164
328 309 93 6 4 16 78 220 121 68 63 162 170 66 110 362 224 91 188 370
367 333 76 275 379 25 372 241 43 250 165 145 276 257 50 218 1 253 292 52
19 41 288 319 39 214 18 81 351 95 166 223 181 146 128 397 94 24 129 179
211 360 172 269 361 222 230 137 212 273 127 101 60 144 375 26 283 358 173 156
312 193 17 200 5 15 263 348 130 392 71 363 69 380 85 231 175 323 106 105
268 9 237 259 64 77 265 345 302 207 210 260 313 169 284 385 289 49 219 142
0001100000000000100
0001100000000000000
0001100000000000000
0001100000000000000
0001100000100000000
0001100000100000000
0001100000100000010
0001100000100000010
0001100000100000010
0001100000100000010
0001100000100000000
0001000000100000000
0001000000100000000
0000000000000000000
0000000000000000000
0000000000000000000
0000000000000000000
0000000000000000000
0000000000000000000
0000000000000000000
00000000000000000000
00000000000000000000
00000000000000000000
00000000000001111111
00000000000000000000
00000000000000000011
00000000000000000000
00010000000000000000
00000000000000000000
11100000000000000000
00000000000000000000
00000000000000000000
00000000001111111111
00000000000000000000
01111111111111111111
00000000000000000000
11111111111111111100
11110000001111111111
00000000000000000000
