20
35 327 52 160 74 211 292 219 287 30 324 363 129 306 301 80 313 26 266 132
68 89 42 222 368 40 164 84 216 51 238 258 398 190 358 239 265 210 245 162
53 374 260 291 376 394 165 99 158 75 218 320 67 383 312 171 78 127 161 25
29 290 390 212 6 384 126 22 205 395 174 283 244 334 341 27 18 213 14 137
261 133 335 294 110 227 275 321 24 345 186 357 44 362 378 148 47 387 142 37
123 201 319 8 369 72 77 235 240 305 337 208 105 189 372 393 339 176 242 95
38 233 325 73 315 154 91 346 15 120 350 206 241 279 356 119 391 382 153 100
195 196 149 295 249 94 155 16 370 256 326 92 175 307 289 251 263 167 96 194
135 147 143 269 138 130 184 28 140 303 253 191 168 111 202 349 277 262 268 304
280 177 344 230 343 338 124 3 381 360 87 146 93 293 98 65 243 166 21 331
88 58 86 39 396 103 316 131 11 234 112 365 255 48 163 353 12 342 388 248
116 69 128 361 397 61 352 310 20 259 108 36 204 101 150 226 57 285 302 272
354 281 299 169 284 223 250 237 79 5 209 179 385 187 0 373 197 19 172 90
45 377 33 220 70 81 386 115 329 229 257 181 311 159 106 4 298 247 267 2
82 278 340 102 63 46 152 348 271 151 183 182 252 300 113 336 13 371 270 347
114 330 76 141 246 399 228 286 273 297 308 54 59 173 254 217 107 1 121 97
41 355 83 333 136 215 318 122 50 192 9 144 170 232 221 64 199 71 236 23
224 185 351 323 203 282 379 367 332 66 56 389 188 296 180 85 276 322 60 178
366 314 157 156 317 62 139 328 31 200 125 198 104 55 364 193 32 49 264 392
43 207 231 34 274 375 145 288 7 117 10 359 380 214 17 309 118 225 134 109
0001000000000000000
0001000000000000000
0001000000000000000
0001000000000000000
0001000000000000000
0001000000000000000
0101100000000000000
0001100000000000000
0001100001000000000
0001100001000001000
0001100001000001000
0001100001000001000
0000100000000000000
0000100000000000000
0000100000000000000
0000100000000000000
0000100000000000000
0000000000000000000
0000000000000000000
0000000000000000000
11100000000000000000
00000000000000000000
00000000000000000000
00000000000000000000
00000000000000000000
11000000000000000000
00000000000000000000
00000000000000000000
00000000000000000000
00000000000000000000
00000000000000000000
00000000111111111111
00000000000000000000
00000000000000000000
00000000000000000000
00000000000000000000
11111111111111110000
00000000000000000000
00000000000000000000
