20
227 127 174 380 356 386 66 117 104 275 290 63 119 12 269 231 179 92 262 309
387 347 339 192 99 392 338 149 171 385 1 288 139 201 384 208 23 397 0 314
68 195 324 270 287 94 304 312 341 264 200 138 57 252 218 69 306 147 366 176
205 30 158 268 154 118 45 360 11 186 40 286 284 88 91 28 239 135 346 375
359 102 7 116 249 396 129 142 14 381 256 255 178 343 33 250 365 141 42 283
296 56 199 371 182 184 325 87 345 123 307 350 121 137 76 238 113 336 72 318
114 198 376 80 78 130 308 319 151 398 282 331 257 372 17 163 31 267 202 263
25 395 328 297 226 241 333 351 97 388 313 332 191 193 48 352 220 36 16 279
6 41 228 124 145 95 311 212 390 61 54 152 367 236 342 214 107 232 120 65
90 258 248 369 326 53 378 322 24 340 230 344 323 204 211 59 62 235 103 393
379 274 300 20 161 215 46 47 96 207 253 167 216 133 368 281 111 260 246 32
122 348 203 58 64 293 278 254 19 247 273 374 74 109 217 197 60 294 196 292
337 156 128 26 180 165 112 148 362 170 209 301 146 265 172 363 187 50 291 106
110 100 377 225 159 70 353 320 224 83 38 303 173 229 131 125 136 298 132 317
364 126 73 177 39 237 305 242 391 244 77 3 233 101 86 82 188 223 394 140
150 289 51 181 5 349 373 219 194 164 210 189 4 166 276 35 144 266 382 27
335 98 75 2 115 157 383 49 22 357 361 29 44 310 206 355 272 37 334 315
34 160 71 251 302 67 84 330 389 93 240 143 243 370 81 222 327 52 18 295
85 108 89 168 285 162 185 183 358 13 190 153 105 15 169 213 175 10 134 234
261 9 221 259 321 354 277 316 79 21 55 155 280 8 399 329 43 271 245 299
1000000000000000100
1000000000000000000
1000000010000000000
1000000010000000000
1000000010000000000
1000000010000000000
1000000010000000000
1000000010000000000
1000000010000000000
0000000010000000000
0100001010000000000
0100001010000000000
0100001010000000000
0100001010000000000
0100001010000000000
0100001010000000000
0100001010000000000
0100001010000000000
0100001010000000001
0100001010000000000
00000000000000000000
00000000000000000011
00000000000000000000
00000000011111100000
00000000000000000000
00000000000000000000
00000000011111111100
00000000000000000000
00000000000000000000
00000000000000000000
00000000111111111100
00000000000000000000
00000000000000000000
00000000000000000000
00000000000000000000
00011110000000000000
00000000000000000000
00000000000000000000
00110000000000000011
