20
67 6 297 354 330 291 380 398 20 391 213 358 251 15 399 112 155 151 332 384
43 375 232 205 214 347 288 328 160 124 71 329 310 109 183 319 95 7 243 390
294 362 16 336 75 70 311 395 2 52 50 254 26 56 246 58 53 99 317 177
145 338 286 82 237 221 122 79 148 150 371 269 388 312 273 308 32 22 225 356
143 28 327 222 138 110 130 255 113 364 119 199 72 144 270 253 40 163 374 182
305 195 55 68 117 264 77 342 386 91 0 376 331 1 299 247 73 370 76 231
106 228 378 313 88 244 104 207 343 172 275 348 59 98 69 80 17 316 298 226
202 25 190 100 241 129 3 283 42 257 57 107 350 357 276 209 303 265 108 248
272 216 196 111 186 230 267 387 203 29 44 285 238 223 47 326 337 325 114 92
240 38 164 156 83 259 355 290 128 46 64 65 36 192 37 287 102 8 139 323
33 152 383 127 250 219 365 262 340 235 176 167 74 14 206 292 227 135 236 141
314 116 24 256 136 27 198 263 339 140 18 10 9 4 344 249 35 62 153 333
217 293 229 178 393 252 382 174 224 377 280 282 301 289 158 165 126 351 157 149
397 239 359 335 12 324 175 89 51 279 281 162 268 266 369 39 85 396 184 189
309 78 315 93 245 271 142 242 30 154 211 86 318 173 385 366 23 295 341 234
146 204 185 159 345 372 103 161 101 133 123 363 320 90 233 353 392 137 13 200
115 94 169 260 120 63 368 54 361 302 373 96 394 170 278 49 360 296 105 97
193 346 381 134 132 34 274 284 11 352 45 306 166 84 191 212 81 210 277 261
334 121 171 66 349 41 389 48 21 321 194 125 179 379 60 168 131 258 215 31
188 220 300 147 322 5 180 304 307 19 197 208 187 218 201 367 87 61 118 181
1000000000000000000
1001000000000000000
1100000100000010000
1100000100000010000
1100000100100110000
1100000000100100000
1000000000100100000
1000000000100100000
1000000000100100000
1000000000100100000
1000000000110100000
1000000000110100000
0000000000110100000
0000000000110100000
0000000100110000000
0000000100110000000
0000000100110000000
0000000100110000000
0000100100000000000
0000100100000000000
00000000000000000000
00111111111111111111
00000000111100000000
00000000000111000000
00000000000000000000
00000000000000000000
00000000000000000000
00000000000000000000
00000000000000000000
00000000000000000000
00000000000000000000
00000000000000000000
00000000000000000000
00000000011000000000
11000000000000000000
00000000000000011111
00000000000000000000
00000000011111111111
00000000000000000000
