20
227 370 14 173 23 48 218 288 25 236 211 277 222 153 383 183 161 62 317 94
190 191 4 160 321 202 337 192 291 7 154 240 133 136 37 141 89 125 34 303
270 176 392 135 97 177 112 65 11 13 209 40 334 46 359 38 88 235 373 259
231 151 181 228 119 252 16 265 328 35 162 108 107 257 116 47 102 280 104 220
50 178 292 238 363 251 249 376 179 301 15 103 158 184 28 216 131 269 86 379
85 98 187 124 349 336 27 101 201 323 87 290 367 152 312 318 229 105 223 120
207 59 55 365 10 84 283 92 294 163 315 305 258 79 268 106 293 78 206 144
271 165 203 362 394 244 371 129 150 386 170 389 341 195 354 254 304 247 273 352
395 356 297 188 31 74 295 32 241 175 281 263 77 210 43 226 73 168 58 45
12 83 172 393 224 397 398 1 300 361 81 90 139 375 307 3 5 262 350 387
61 33 343 385 142 366 69 351 186 237 121 134 309 313 137 255 193 149 338 396
311 217 233 286 246 21 41 230 20 342 302 253 145 330 6 380 332 51 67 325
214 39 298 243 8 219 377 215 140 234 0 199 333 75 327 388 316 57 250 245
213 285 52 19 272 357 346 113 278 261 391 148 114 275 169 64 156 17 390 200
96 146 256 284 384 54 331 248 322 266 63 126 22 132 360 166 358 110 29 115
130 71 2 208 381 100 326 329 189 239 49 42 232 364 287 60 91 308 378 196
164 159 319 205 157 260 128 111 347 56 109 372 221 314 123 306 76 167 355 310
225 117 197 185 180 369 174 348 382 296 212 340 18 374 122 138 24 289 53 66
353 99 335 324 26 155 242 68 194 182 274 282 368 264 299 127 344 320 279 36
339 80 118 72 93 399 82 30 147 198 9 95 345 44 204 70 267 276 143 171
0010000000000000100
0010000000000000100
0010100000000000000
0110100000000000000
0110100000000000000
0110100000000000000
0110100000000000000
0110100000000001000
0110100000000001000
0000100000000001000
0100100000000001000
0100000000000001000
0100000000000001000
0100000000000001000
0100000000000001000
0100000000000001000
0000000000000000000
0000000000000000000
0000000000001000000
0000000000001000000
00000000000000000110
00000000000000000000
00000000000000000000
00000100000000000000
00000000000000111111
00010000000000000000
00000000011111111111
00000000000000000000
11000000000000000000
00000000000000000000
11111111111100000000
00000000000000000000
00000000000000000000
10000000000000000000
00000000000000000000
00000000000000000000
00000000000000000000
00000000000000000000
11111111110001111001
