20
248 209 246 338 105 77 97 231 22 340 136 15 187 273 62 180 84 214 169 317
61 281 224 51 49 39 287 156 137 54 333 24 268 349 261 134 52 382 86 196
182 298 311 85 129 142 67 128 14 397 148 297 172 223 331 226 217 316 53 41
212 70 233 152 7 157 12 95 296 213 118 189 154 141 334 387 300 8 347 284
283 200 111 396 13 101 362 9 370 346 108 140 342 386 376 170 106 147 225 50
228 185 313 285 238 164 80 181 92 18 166 304 303 104 109 21 11 4 87 195
75 341 35 395 146 46 47 83 320 192 58 306 17 130 115 28 155 2 377 393
204 369 114 357 158 276 48 336 374 138 290 399 68 178 205 66 207 255 360 73
179 269 305 236 274 119 72 32 121 259 272 43 125 211 88 81 94 245 232 391
120 1 63 168 10 174 249 71 171 161 57 100 107 33 183 127 367 203 302 356
242 280 310 288 308 132 144 366 221 202 383 126 264 364 123 263 359 267 368 291
301 266 190 363 379 216 173 99 135 375 345 384 309 153 293 241 247 56 243 373
150 122 358 385 378 145 332 389 79 222 235 254 398 98 282 352 325 91 295 143
29 229 110 64 324 327 27 186 307 38 42 348 215 34 208 237 230 354 25 31
339 371 177 314 162 239 219 167 117 240 323 124 131 163 252 361 258 133 251 116
250 112 93 265 365 44 65 278 372 322 253 184 16 294 227 19 76 220 193 388
337 159 0 257 210 292 102 191 78 329 343 30 380 319 286 96 271 312 351 165
149 59 139 289 381 74 277 335 151 6 392 55 394 89 90 326 40 20 350 244
36 299 199 103 390 344 275 194 26 355 23 206 69 328 218 234 321 256 330 82
198 318 45 60 175 5 353 197 37 262 160 201 113 176 188 3 260 270 315 279
0001000000000000000
0001000000000000000
0001000000000000000
0001000000000000000
0011000000000000000
0011000000000000000
0011000000000000000
0011000000000000000
0010000000000000000
0010000000000000000
0010000000000000000
0010000000000000000
0010000000000000000
0010000000000000000
0010000000000000000
0010000000000000000
0010000000000000000
0010000000000000000
0010000000000000000
0010000000000000000
00000000000000000000
00000000000000000000
00000000000000000000
00000000000000000000
00000000000000000000
00000000000000000000
00000000000000001111
00000000000000000000
00000000000000000000
00000000000000000000
00000000000000000000
00011111111111111110
00000000000000000000
00000000000000000000
00011111111111111110
00000000000000000000
00000000000000000000
00011111111111111110
00000000000000000000
