20
124 339 159 371 231 233 220 187 203 71 15 68 31 61 356 91 290 169 105 344
200 258 190 244 56 17 191 389 118 362 315 280 24 133 168 209 386 173 135 321
380 179 111 259 346 352 117 268 171 138 278 115 396 381 84 140 271 176 212 357
226 170 215 48 207 285 16 178 41 167 211 21 18 305 323 224 32 384 369 6
254 53 63 261 65 363 134 238 375 95 81 75 139 239 377 27 106 25 164 275
107 270 186 147 320 343 162 263 221 40 282 34 100 151 192 197 394 266 281 77
2 296 70 132 286 130 341 232 90 114 307 52 391 235 30 43 387 8 393 155
183 46 110 353 383 185 4 269 245 304 225 397 23 327 331 201 367 129 319 66
165 345 213 241 240 112 148 202 227 388 157 308 314 311 89 193 355 83 146 26
67 166 161 172 242 99 92 144 390 373 145 196 87 72 297 328 382 276 385 299
189 154 80 51 103 237 74 208 216 5 116 149 69 364 86 294 7 180 316 76
54 291 219 340 153 361 264 260 73 152 42 122 88 332 349 274 131 293 98 182
3 11 137 324 330 312 142 94 120 57 262 333 79 309 247 33 243 214 78 128
97 248 273 82 236 12 175 347 158 250 370 306 143 348 102 288 204 301 123 283
156 378 255 300 60 37 59 338 85 121 230 295 96 45 376 398 35 125 354 267
368 257 234 181 195 359 50 113 136 9 252 194 287 246 13 55 163 150 108 198
1 336 392 58 399 101 317 249 350 379 298 374 127 228 29 272 206 256 253 335
64 365 229 265 62 218 326 284 19 302 217 126 36 177 360 38 289 337 22 277
351 329 310 104 210 141 47 342 223 10 119 318 109 199 0 14 292 44 366 222
174 325 160 184 20 28 279 49 39 93 322 313 395 334 188 303 358 372 251 205
0010000000000000010
0010000000000000010
0010000000000000010
0010000000000000010
0010000000000000010
0010000000000000010
0000000000000000010
0000000000000000010
0000000000000000010
0000000000000000010
0000000000000000010
0000000000000000010
0000000000000000010
0000000000000000010
0000000000000000010
0000000000000000000
0000000000000000000
0001000000000000000
0000000000000000000
0000000000000000000
00000000000000000000
00000000000000000000
00000000000000000000
00000000000000000000
00000000000000000000
00000000000000000000
11000000000000000000
00000000000000000000
00000000000000000000
00000000000000000001
00000000000000000000
11111111111111000000
00000000000000000000
00000000000000000000
00000000000000000000
00000000000001111111
00000000000000000000
11111111111111000000
00000000000000000000
