20
399 2 374 392 165 395 86 364 310 194 293 396 240 159 309 298 143 337 27 171
295 98 336 372 390 127 23 238 132 112 296 376 97 247 67 288 41 61 72 239
292 226 177 134 187 11 222 269 57 291 263 221 244 96 154 125 311 254 52 156
118 46 316 186 66 1 74 147 335 328 129 48 179 161 111 30 89 113 137 370
69 117 331 166 220 199 36 100 77 155 5 243 120 211 107 278 123 280 93 338
153 49 300 232 241 283 182 71 103 233 108 264 208 301 262 148 384 99 306 251
382 299 189 162 35 223 245 200 314 209 101 303 205 83 26 7 56 92 58 275
157 216 346 389 17 126 144 110 85 358 266 289 188 201 33 286 84 3 276 130
51 277 255 260 256 70 366 167 169 90 341 207 168 320 37 6 31 142 332 174
313 217 176 196 362 141 284 9 342 252 394 131 387 350 371 68 149 172 183 4
197 326 181 45 234 344 388 206 367 79 91 224 339 173 139 102 257 210 315 124
345 271 287 38 235 281 347 19 135 246 138 163 21 15 272 65 397 175 274 24
10 28 319 151 237 43 304 62 343 73 158 198 393 361 20 0 227 290 383 329
259 307 214 273 312 150 279 53 285 385 193 59 360 145 204 95 302 87 44 146
324 236 191 202 351 170 318 22 357 268 60 105 55 88 333 330 218 119 308 152
180 18 297 94 294 29 258 122 249 380 353 114 368 349 128 248 8 184 160 42
359 327 363 228 354 121 242 378 115 230 375 321 305 215 140 225 75 116 64 39
34 369 348 270 136 13 82 76 40 63 203 54 282 14 109 250 104 267 213 365
317 379 164 192 391 80 190 229 212 352 32 133 377 106 47 386 398 78 325 178
373 265 381 253 356 25 50 219 231 334 195 261 16 12 355 81 340 323 322 185
0000000000000000000
0000000000000000000
0000000000000000000
0000000000000000000
0000000000000000000
0000000000000000000
0000000000000000000
0000000000000000000
0000000000000000000
0000000000000000000
0000000000000000000
0000000000000000000
0000000000000000000
0000000000000000000
0000000000000000000
0000000000000000000
0000000000000000000
0000000000000000000
0000000000000000000
0000000000000000000
00000000000000000000
00000000000000000000
00000000000000000000
00000000000000000000
00000000000000000000
00000000000000000000
00000000000000000000
00000000000000000000
00000000000000000000
00000000000000000000
00000000000000000000
00000000000000000000
00000000000000000000
00000000000000000000
00000000000000000000
00000000000000000000
00000000000000000000
00000000000000000000
00000000000000000000
