20
102 328 131 325 109 200 378 129 303 219 291 86 202 389 188 36 231 53 220 30
244 336 308 306 338 1 399 151 166 189 80 40 35 352 209 398 133 18 358 167
39 276 392 204 37 122 94 365 164 163 270 361 124 384 117 51 286 269 57 68
261 155 304 376 240 234 27 38 130 201 41 89 104 370 110 105 162 158 107 268
258 191 213 8 12 62 161 390 324 182 98 302 254 348 332 260 52 140 297 236
345 11 127 288 364 99 132 143 173 91 165 90 395 66 93 50 239 55 103 190
183 2 293 250 119 170 23 265 84 280 63 139 217 275 71 205 259 72 374 192
312 29 203 238 377 371 248 296 386 283 353 230 108 385 321 221 174 279 337 87
245 74 322 45 301 349 138 184 211 47 194 290 359 388 367 33 120 141 13 243
335 113 178 354 75 343 169 65 56 342 5 271 96 180 329 101 137 299 281 351
21 277 323 153 185 79 396 366 222 121 341 241 382 391 24 309 142 32 17 266
58 73 10 311 4 172 43 229 356 176 368 156 181 44 340 339 282 305 20 232
171 228 347 31 136 375 278 310 224 97 60 83 128 144 214 307 225 318 246 208
256 159 195 362 315 168 77 154 34 106 206 187 88 289 25 313 76 369 380 237
262 298 372 264 135 48 42 242 16 179 3 292 46 61 346 9 59 216 397 82
355 116 331 146 92 319 22 0 334 14 198 326 145 148 6 186 28 255 123 330
118 26 134 272 247 218 215 284 387 199 64 360 67 373 300 252 381 69 115 210
150 263 126 193 149 81 249 320 207 15 212 251 112 49 287 285 273 152 314 54
274 357 333 19 85 257 95 327 7 379 125 175 78 363 393 196 160 197 394 100
383 344 316 70 317 147 294 114 157 267 295 177 235 253 226 227 233 350 111 223
0000000001000010110
0000000001000010110
0000000001000010110
0000000001000010110
0000000001000000110
0000000001000000110
0100000000000000110
0100000000000000110
0100000000000000110
0100000000000000110
0100000001000000100
0100000001000000100
0100000001000000100
0100000001000000100
0100000001000000100
0100000001000000100
0100000001000000100
0100000001000000100
0100000001000000001
0100000001000000001
00000000000000000000
00000000000000000000
00000000000000000001
00000000000000000000
00000000000000000000
00000000000000000000
00111111111111000000
00111111100000000000
00000000000000000000
00000000000000000000
00000000000000000000
00000001111000000000
00000000000000000000
00000000000000000000
00000000000000000000
00000000000000000000
00000000000000000000
00000000000000000000
00000000000000000000
