20
166 96 217 295 45 80 15 345 157 147 18 162 285 132 251 276 266 111 8 151
275 305 209 293 171 330 57 69 20 27 152 350 233 4 48 125 356 348 189 126
236 340 272 66 179 79 248 279 52 385 376 167 323 267 210 95 343 169 103 192
93 78 368 30 339 223 160 369 163 156 0 61 290 234 89 180 175 304 139 211
65 198 353 70 196 254 135 59 208 54 334 3 107 256 227 41 11 44 205 122
119 72 311 237 161 298 374 213 269 354 106 36 186 105 383 306 370 42 265 363
2 341 317 320 207 113 158 154 199 148 389 168 212 283 262 315 296 392 294 110
83 226 271 395 197 86 229 5 193 287 76 34 91 222 178 88 299 29 397 127
10 242 74 116 318 228 118 364 63 310 115 292 1 352 232 284 100 219 81 393
308 49 367 280 71 333 277 37 31 259 241 257 379 270 46 263 200 325 238 19
220 273 23 314 355 338 357 399 185 150 204 253 246 173 134 56 26 14 313 390
398 68 176 67 129 159 120 214 35 231 174 365 289 43 39 380 373 6 381 215
183 187 202 136 387 40 75 362 131 143 90 124 336 128 278 342 224 182 327 394
282 360 366 84 371 130 188 144 300 249 335 307 170 7 87 172 329 117 309 312
50 388 181 85 321 349 316 206 384 331 235 297 240 252 33 326 94 322 155 382
149 351 141 261 201 77 328 358 92 73 58 53 184 164 396 391 177 258 165 82
319 55 12 243 21 288 109 64 140 195 47 303 114 225 98 25 32 286 138 260
9 97 221 203 378 302 51 194 145 13 324 17 291 137 24 245 268 102 337 239
372 133 332 190 121 264 247 244 60 112 359 101 347 108 255 123 386 22 230 216
250 346 301 62 377 191 218 104 375 361 38 99 16 344 281 153 142 274 28 146
0000000010000000100
0000000010000000100
0000000010000000100
0000000010000000110
0000000000000000110
0000000000000000110
0000000000000000110
0000000000000000110
0000000000000000110
0000000000000001110
0000000000000001110
0000000000000001110
0000000000000001110
0000000001000001110
0000000001000001010
0000000001000001010
0000000001000001010
0000000001000001010
0000000001000001010
0000000001000001010
00000000000011111000
00000000000000000000
00000000000000000000
11111111000000000000
00000000000000000000
00000000000000000000
00000000000000000000
00000000000000000000
00000000000000000000
00000000000000000000
00000000000000000000
00000000000000000000
00000000000000000000
00000000000000000000
00000000000000000000
00000000000000000000
00000000000000000000
00000000000000000000
00000000000000001000
