20
1 29 35 0 312 307 390 56 31 233 60 190 379 294 123 144 289 179 160 229
235 209 260 34 391 151 287 398 330 325 247 145 256 53 86 375 98 323 348 47
244 356 305 334 382 25 258 205 114 343 150 130 208 292 221 135 37 335 99 245
374 199 20 337 12 352 328 62 115 206 319 313 302 44 4 94 367 306 252 26
165 82 167 84 340 22 314 90 321 189 97 122 191 237 51 176 162 204 132 219
338 380 228 361 366 45 184 23 368 155 269 357 364 215 192 93 395 106 389 149
250 19 241 124 32 377 224 284 254 158 272 242 96 320 346 353 18 61 100 28
174 8 138 113 112 40 95 177 69 347 143 251 186 195 142 120 227 264 121 15
196 147 175 157 161 63 101 83 52 109 24 299 278 281 27 173 185 342 30 280
301 49 139 234 58 64 104 3 291 166 392 218 127 152 102 43 183 246 74 383
9 92 91 21 169 73 148 76 373 285 111 259 137 349 5 279 324 81 315 255
136 232 36 263 14 350 231 85 103 171 372 329 316 217 371 362 268 238 309 243
394 187 116 283 39 110 239 225 197 55 79 88 200 38 59 211 48 193 363 388
188 261 66 129 275 178 236 393 216 339 17 396 376 341 159 134 54 198 11 7
57 210 304 369 154 156 351 202 80 153 146 359 10 207 163 89 326 226 273 16
6 78 265 108 317 257 128 42 72 194 270 33 168 133 310 117 354 230 201 286
172 333 322 300 332 131 240 397 212 274 180 360 336 331 119 277 386 70 308 220
107 105 248 327 75 87 282 303 345 262 170 249 71 118 293 181 222 13 387 298
223 141 182 318 266 399 370 68 67 297 344 126 125 385 77 65 296 203 365 378
164 2 355 214 295 358 381 50 41 253 311 288 46 290 140 213 267 276 271 384
0000000000000000000
0000000000000000000
0000000000000000000
0000000000000000000
0000000000000000000
0001100000000100000
0001100000000100000
1001100000000100000
1001100000000100000
1001100000000100000
1001100000000100000
1101100000000100000
1101100000000100000
1101100000001000000
1101100000001000000
1101100000001000000
1101100000001000000
1101000000001000000
1100000000001000000
1100000000001000000
00000000000000000000
00000000000000000000
00000000000000000000
00000000000000000000
01111111111111111111
00000000000000000000
00000000000000000000
00000000000000000000
00000000000000000000
00000000000000111110
00000000000000000000
00000000000000110000
00000000000000000000
00000000000000000000
00000000000000000000
00000000000000000000
00000000000000000000
00000000111110000000
00000000000001100000
