20
187 384 255 90 15 35 242 179 92 354 315 76 183 196 72 42 366 320 89 182
329 297 17 125 207 49 357 88 198 340 337 54 226 356 24 134 288 293 376 371
59 181 109 191 367 69 383 84 213 270 166 123 148 284 335 302 392 286 279 287
283 41 381 61 159 209 360 282 264 190 113 52 345 106 193 262 5 251 180 132
278 217 388 155 174 194 46 150 338 117 77 147 154 289 63 160 55 151 162 341
386 201 319 343 290 47 164 176 305 79 107 368 219 188 306 334 81 308 114 347
87 382 309 266 351 304 156 260 311 36 101 313 391 276 140 398 243 82 314 31
108 269 153 362 298 379 73 307 244 222 45 14 26 275 342 228 124 331 145 102
387 192 353 369 139 238 67 296 4 323 241 165 11 86 352 127 53 44 43 257
64 318 172 254 239 91 71 195 247 363 385 300 66 233 374 7 152 317 167 56
224 291 10 292 157 136 230 263 390 80 68 50 359 274 330 161 332 38 1 95
208 16 23 158 138 333 48 268 111 12 135 206 120 178 225 19 184 129 3 216
143 13 229 112 378 232 249 29 227 22 100 267 116 146 163 128 310 380 236 115
39 70 103 105 170 197 303 97 234 285 149 271 118 299 200 214 9 237 273 350
8 65 58 277 358 144 246 25 211 245 389 252 126 142 301 348 336 397 6 130
316 272 324 395 215 261 361 204 295 256 280 40 21 30 393 96 189 173 75 27
220 372 32 137 346 131 203 328 93 396 122 218 377 62 94 294 322 370 33 205
327 221 85 186 312 37 223 57 373 240 28 0 169 365 98 258 119 177 185 20
339 171 231 202 121 281 175 235 326 321 259 399 355 60 325 110 349 133 168 375
51 248 83 78 210 34 74 104 250 2 18 344 265 141 364 199 253 99 394 212
0001000100000001001
0001000100000000000
0001000100010010000
0001000100010010000
0001000100010010000
0001000100010010000
0001000100010010000
0001000100010010000
0001000000010000000
0001000000010000000
0001000000010000000
0001000000010000000
0000000000010000000
0000000000010000000
0000000000010000000
0000000100010000000
0000000000000000000
0000001000000000000
0000001000000000000
0000001000000000000
00000000000000000000
00000000000000000000
00000000000000000000
00000000000000000000
00000000000000000000
00000000000000000000
00000000000000000000
00000000000000011111
00000000000000000000
00000000000000000011
00000000000000000000
00000000000000000000
00000000000000000000
00000000000000000000
00000000000000000000
00000011111111111111
00000000000000000000
00000000000000000000
00000000000000000000
