20
344 332 10 47 212 144 244 107 286 113 276 133 73 72 65 36 75 387 126 331
253 58 247 124 272 25 290 95 160 109 171 84 140 213 80 159 37 345 174 6
248 283 187 292 226 256 336 250 308 390 314 91 285 379 198 329 139 232 149 333
76 141 398 343 2 317 188 122 297 182 351 176 307 298 319 94 275 166 177 179
338 150 49 242 320 236 161 7 377 148 261 393 342 162 43 217 38 178 312 173
23 268 294 326 90 64 363 289 157 227 146 293 26 93 135 296 371 327 196 18
169 214 231 349 271 66 260 243 211 15 239 130 252 358 19 200 315 14 28 60
229 175 246 384 127 152 158 29 189 318 77 284 205 20 361 269 202 316 50 155
143 366 328 5 110 54 85 288 137 235 147 83 4 396 128 215 180 369 138 12
111 303 277 195 224 311 67 218 210 368 92 119 97 45 24 120 129 51 355 71
265 191 153 222 267 209 31 263 264 194 185 39 118 302 89 8 270 172 241 304
57 347 125 181 258 279 266 399 372 321 101 115 220 52 30 339 16 278 0 69
145 362 168 48 32 207 392 234 323 306 249 221 117 197 259 230 41 245 376 374
154 350 121 378 99 34 96 82 59 389 324 116 364 190 357 352 27 373 219 167
305 134 68 233 341 280 201 88 381 204 383 46 348 282 360 359 86 156 385 106
255 112 193 114 356 375 287 142 53 367 42 170 353 63 98 337 388 203 13 380
301 70 81 397 225 354 74 370 163 131 78 254 56 240 102 395 40 62 123 237
79 334 386 61 35 100 108 192 216 330 208 325 105 262 165 335 22 291 183 44
136 313 55 206 21 151 382 394 300 365 391 9 346 309 186 223 199 251 164 274
281 257 33 17 103 238 273 11 228 132 295 340 104 299 87 310 3 184 322 1
0000100011000100000
0000100011000100000
0000100011000100000
0000100011000100000
0000100011000100000
0000100011000100000
0000100011000100000
0000100001000100000
0000100001000110000
0000100001000110000
1000100001000110100
1000100001000110100
1000100001000110100
1000000001000110100
1000000001000110100
1000000000000110100
1000000000000110100
1000000000000010100
1000000000000010100
1000000000000010100
00000000000000000000
00000000000000000000
00000000000000000000
00000000000000000000
00000000000000000000
00000000000000000000
00000000000000000001
00000000000000000000
11000000000000000000
00000000000000000000
00000000000000000000
00000000000000000000
01000000000000000000
00000000000000000001
00000000000000000000
00000000000000000000
00000000000000000000
00000000000000000000
00000000000000000001
