20
115 298 128 339 25 20 42 332 287 194 314 388 192 276 123 35 311 145 146 134
300 322 44 261 296 21 37 41 28 269 107 137 54 147 179 317 392 253 231 372
142 280 362 11 254 342 212 196 132 306 359 277 193 256 220 12 64 238 92 273
247 65 353 200 308 278 391 80 219 236 169 183 2 108 176 232 170 206 105 288
397 346 139 251 6 8 86 102 244 74 315 208 316 85 36 59 252 329 18 13
249 281 389 320 49 32 250 268 242 131 61 394 94 304 158 201 181 263 156 348
96 343 217 163 319 168 279 50 87 366 340 259 283 237 349 356 164 270 377 149
294 135 4 309 380 271 240 333 45 374 215 213 71 375 354 73 248 66 265 124
153 38 347 97 101 22 267 245 116 323 141 182 328 226 246 326 266 337 99 138
40 26 120 127 56 1 140 48 144 321 0 293 286 331 118 47 243 230 189 165
299 303 126 190 19 228 384 210 83 172 235 318 98 27 274 112 361 117 166 39
148 150 211 129 272 31 14 178 89 370 223 180 379 199 227 88 373 78 381 301
358 399 51 398 185 188 187 103 195 136 29 68 104 91 297 282 75 52 161 198
241 386 239 385 229 364 350 330 264 368 93 76 335 53 63 143 257 285 58 171
197 290 334 352 191 16 393 378 218 395 55 396 151 70 275 160 387 312 357 204
307 369 338 23 367 216 5 355 313 72 376 69 175 122 62 82 152 184 154 258
255 79 209 157 177 95 109 113 371 111 222 205 233 351 17 221 344 365 224 9
341 114 289 305 24 110 43 30 327 3 133 202 225 121 46 302 60 100 295 382
360 15 77 186 10 207 203 214 324 33 119 284 7 162 234 155 363 174 310 84
34 167 57 260 81 106 383 325 291 262 90 336 345 173 125 130 390 67 159 292
1010000100000000000
1010000100000001000
1010000100000000000
1000000100000000000
1000000100100000000
1000000100100000000
1000000100100000000
1000000100100000000
1000000100000000000
1000000100000000100
1000000100000000100
1000000100000000100
1000000100000000100
0000000000000000000
0000000000000000000
0000000000000000000
0000000000000000000
0000000000000000000
0000000000000000000
0000000000000000000
00000000000000000000
00000000111111111000
00000000111111111100
00000111000000000000
00000000000011111111
00000000000111111110
00000000000000000000
00000000111100000000
00000011000001111111
00000000000000000000
00000000000000000000
00000000000000000000
00000000000000000000
00000111111111111111
00000000000000000000
00000000000000000000
00000001111111111111
00000000000000000000
00000000000000000000
