20
127 52 110 294 49 394 60 39 155 181 0 260 100 84 220 102 374 304 298 104
288 191 169 150 176 29 95 322 221 57 333 237 86 138 290 119 270 377 206 32
269 285 241 243 173 145 208 347 111 334 390 130 112 335 87 103 23 369 54 18
108 35 98 11 350 395 210 360 152 246 225 378 180 388 386 79 256 187 117 230
339 397 218 40 264 231 320 286 275 346 136 278 305 33 166 122 21 326 344 207
371 73 164 325 255 252 358 190 19 223 75 175 80 229 392 55 239 251 244 321
330 13 291 193 323 74 215 14 81 216 382 185 212 113 72 178 319 351 158 227
284 265 232 317 233 242 91 90 101 258 226 26 120 25 331 1 99 161 133 253
387 353 132 28 162 62 245 50 171 71 38 389 363 182 167 37 70 27 97 58
129 303 307 142 139 20 135 192 153 12 283 349 268 262 34 266 94 51 8 238
273 64 43 301 48 121 348 183 373 31 391 76 5 96 188 211 82 228 125 340
396 315 259 137 267 16 274 313 149 196 151 332 115 384 168 224 53 59 300 77
148 36 381 172 355 45 116 310 202 234 143 235 85 362 47 327 205 338 279 343
109 248 66 204 9 157 341 200 368 357 376 93 92 22 134 201 30 306 213 146
214 309 287 219 292 124 78 329 199 345 222 63 316 44 144 105 41 88 280 299
154 6 359 114 156 140 159 380 17 174 177 297 118 240 254 354 170 195 141 67
277 364 147 342 379 89 352 295 65 247 83 261 281 179 126 165 272 337 393 123
308 282 385 365 197 236 318 257 311 370 68 314 302 203 198 366 293 3 42 2
356 209 324 128 383 194 61 276 184 10 7 372 131 189 367 263 361 399 107 163
336 217 4 24 15 289 271 56 296 69 375 312 249 186 160 106 250 398 328 46
0000010000000000110
0000010000000000110
0000000000000000110
0000000000000000110
0000000000000000110
0000000000000000110
0000000000000000110
0000000000000000010
0000000100100000010
0000000100100000010
0000000100100000000
0000000100100000000
0000000100100000000
0000000100100000000
0000000100100000000
0000000100000100000
0000000100000100000
0001000100000100000
0001000100000100000
0001000100000100000
00000000000000000000
00000000000000000000
00000000000000000000
00000000000000000000
00000000000000000000
00000000000000000000
00000000000000000000
00000000000111111100
00000000000000000000
00000000000000000000
11111100000000000000
00000000000000000011
00000000000000000000
00000000000000000000
00000000000000000000
11000000000000000000
00000000000000000000
00000000000000000000
00000000000000000011
