20
251 372 378 357 167 25 214 203 396 283 232 16 227 244 2 59 189 237 224 26
22 41 61 342 302 222 96 270 395 134 275 323 332 324 289 133 235 93 120 263
330 384 392 157 190 246 92 228 359 320 185 219 169 374 373 386 111 313 253 0
141 367 83 247 143 86 122 121 297 194 17 269 205 358 103 21 325 188 198 327
240 142 267 294 99 102 76 333 202 40 137 116 71 135 239 154 335 113 54 7
68 180 124 389 360 280 94 6 170 238 274 13 387 352 346 144 319 23 118 339
365 164 368 206 252 46 245 192 51 379 272 174 131 82 64 119 33 331 78 106
12 273 277 268 107 126 88 160 53 162 145 338 91 89 152 284 18 128 209 187
249 334 163 390 304 177 117 326 399 336 195 100 155 200 264 204 236 254 317 234
173 266 140 291 308 250 153 158 104 382 186 30 73 296 114 312 298 62 70 136
183 286 288 165 125 311 314 63 139 182 8 79 225 355 3 87 28 47 77 344
371 362 293 4 276 69 369 398 248 376 328 216 241 66 303 226 243 1 56 105
301 45 171 377 175 201 353 32 48 300 24 127 260 340 123 34 43 292 212 394
101 282 230 223 85 279 156 380 397 98 278 351 348 210 178 383 211 256 356 391
259 361 97 115 27 65 290 345 10 310 305 75 95 287 130 381 318 337 168 370
15 19 55 129 315 341 109 90 354 184 11 233 37 208 38 9 347 257 349 281
176 191 193 58 299 29 307 81 20 146 350 138 207 364 151 221 306 265 229 262
147 363 84 343 295 14 74 36 309 181 231 112 31 50 166 108 80 385 179 42
242 220 329 258 215 150 149 271 197 110 44 366 375 39 316 60 5 196 217 172
72 213 52 285 49 159 35 393 218 148 199 132 388 67 57 321 161 255 322 261
0000000000000000000
0000000000000000000
0000000000000000000
0000000000000000000
0000000000000000000
0001000000000000100
0001000000000000100
0001000000100000000
0001000000100000000
0001000000100000000
0001000000000000000
0001000000000000000
0001000000000000000
0001000000000000000
0001000000000000000
0001000000000000000
0001000000000000000
0001000001000000000
0001000001000000000
0001000001100000000
00000000000000000000
00000000000000000000
00000000000000000000
00000000000000000000
00000000000000000000
00000000000000000000
00000000000111111111
00000000000000000000
00000000000000000000
00000000000000000000
00000000000000000000
00000000000000000000
00000000000000000000
00000000000000000000
00000000000000000000
00000000000000000000
00000000000000000000
00000000000000000000
00000000000000000000
