20
175 47 163 48 262 266 166 227 293 185 152 51 303 212 89 275 56 339 211 10
88 9 312 210 135 63 6 349 17 81 254 397 39 369 260 144 61 147 259 70
193 255 362 350 277 234 91 226 321 373 99 182 104 364 347 370 243 318 216 109
29 305 187 289 79 242 92 307 224 292 249 228 333 298 115 7 366 205 270 30
176 76 94 74 346 237 97 126 363 156 286 276 320 236 128 149 52 330 389 24
106 372 49 188 348 353 302 198 368 323 179 322 107 130 383 235 220 223 352 25
170 357 214 150 295 131 133 138 250 342 301 27 177 310 67 306 280 102 125 184
199 316 118 137 62 57 256 331 43 238 55 157 382 59 46 69 121 219 167 19
31 65 380 325 77 200 343 233 148 36 218 290 398 95 288 374 127 341 385 87
82 154 246 345 263 64 194 124 319 208 192 291 391 78 141 98 229 355 287 5
247 253 143 340 274 268 324 365 116 267 189 20 151 140 35 83 273 377 337 174
164 304 206 329 361 168 351 378 394 183 327 221 202 335 190 388 232 15 386 334
11 93 112 1 222 8 356 326 252 336 134 387 172 269 123 122 181 272 245 111
72 332 85 23 32 28 132 155 225 379 54 60 390 18 161 53 105 371 58 248
393 136 178 90 278 114 241 162 0 240 376 145 358 265 328 50 171 338 381 300
395 354 309 38 261 359 42 360 279 22 231 110 204 108 120 314 3 209 396 180
173 14 282 244 299 101 207 73 284 45 384 308 317 159 315 41 213 203 165 195
344 196 75 129 21 40 12 399 34 66 44 13 283 158 68 230 258 96 197 2
215 16 297 33 281 26 113 103 367 117 139 271 160 296 86 119 84 392 186 201
375 264 294 100 285 37 217 169 80 142 257 313 4 311 191 71 251 239 146 153
0000000000000100000
0000000000000100000
0000000000000000000
0000000000000000000
0000000000000000000
0000000000000000000
0000000000000000000
0000000000000000000
0000000000000000000
0000000000000000000
0000000000000000000
0000000000101000000
1010000000001000000
1010000000000000000
1010000000000000000
1010000000000000000
1010000000000000000
1010000000000000000
1110000000000010000
1110000000000010000
00000000000000000000
00000000000011000000
00000000000000000000
11110000000000000000
00000000000000000000
00000000000000000000
00000000000000000000
00000000000000000000
00000000000000111111
00000000000000000000
11111111111111000000
00000000000000000000
00000000000000000000
00000000000000000000
00000000000000000000
00000000000000000000
00000000000000000000
00000000000000000000
00000000000000000000
