20
179 309 99 236 278 338 223 270 240 5 334 19 132 40 191 120 306 232 15 95
355 156 109 256 243 188 22 107 327 385 302 39 67 56 249 24 43 105 26 292
255 349 245 16 34 180 294 77 321 295 124 237 266 391 238 234 204 314 340 370
133 106 378 383 382 167 85 379 88 271 322 318 17 130 160 323 82 14 62 259
117 304 284 272 151 353 7 305 50 135 176 335 362 196 197 203 303 250 286 157
299 170 118 31 345 199 1 72 74 93 354 219 152 47 267 229 258 252 80 70
146 369 213 36 201 242 57 108 308 290 53 150 373 283 268 291 287 143 100 129
71 210 276 4 333 366 78 361 86 148 317 29 194 257 224 30 91 253 248 200
390 45 387 377 397 325 172 84 368 214 125 220 280 357 168 9 263 66 90 123
147 177 260 104 181 33 247 347 20 346 13 332 296 98 209 329 215 265 48 44
392 221 251 52 261 359 171 27 313 79 198 341 192 137 343 395 356 164 233 316
81 189 351 396 35 358 298 337 375 206 328 228 193 55 155 42 58 83 11 18
185 184 386 246 281 127 144 365 68 111 115 25 350 161 128 374 119 388 376 364
324 227 136 145 38 372 174 23 348 307 59 301 126 60 277 275 202 226 97 208
231 32 163 92 12 182 331 312 28 94 131 274 297 195 244 216 205 293 75 320
64 166 65 51 288 122 96 273 140 225 336 269 360 175 282 285 394 101 87 241
134 21 399 363 330 178 183 6 73 10 169 116 37 63 113 289 49 217 158 8
367 149 342 235 230 254 61 339 218 154 153 315 138 41 279 384 344 162 89 239
262 393 190 69 311 319 389 112 46 139 76 186 326 141 381 398 103 352 165 380
159 173 121 2 310 142 207 54 187 264 212 3 102 222 0 211 110 300 114 371
0000000000000000001
0000000000000000000
0000000000000000000
0000000000000000000
0000000000000000000
0000000000000000000
0000000000000000000
0000000000000000100
0000000000000010100
0000000000000010100
0000000000000000000
0000000000000000000
0000000000000000001
0000000000000000001
0000000000000000000
0000000000000000000
0000000000000000000
0000000000000000000
0000000000100000000
0000000000100000000
00111111111111111110
00000000000000000000
00000000000000000000
00000000000000000000
11111111111000000000
00000000000000000000
00000000000000000000
11111111111110000000
00000000000000000000
11111111111111111110
00000000000000000000
00000000111111111111
11111111111111110000
00000000000000000000
11111111000000000111
00000000000000000000
00000000000011111111
11100000000000000000
00000000000000001111
