20
80 390 83 21 62 133 53 84 244 90 30 363 340 356 170 379 145 353 105 373
268 88 141 160 195 380 368 14 86 327 385 362 72 106 312 178 74 295 259 350
201 227 191 255 387 166 341 139 266 113 165 388 100 349 318 376 27 102 357 218
302 123 87 111 181 197 108 391 271 48 396 321 386 19 339 238 200 216 57 131
296 11 121 360 32 225 38 275 203 359 44 173 63 276 306 190 17 152 262 109
0 287 67 344 392 338 37 56 213 81 263 297 231 208 34 215 85 343 217 228
159 364 393 2 319 95 107 71 298 351 198 116 311 185 245 101 118 246 308 7
224 97 253 49 331 222 284 148 281 29 126 279 10 180 26 130 320 15 186 307
272 240 289 39 301 58 207 237 77 33 293 50 345 230 314 78 381 367 174 13
324 399 247 31 146 229 114 42 305 8 104 300 169 103 280 270 176 99 46 65
150 18 12 317 168 138 1 156 144 241 347 257 205 219 269 309 348 92 182 9
291 285 137 323 277 286 93 23 117 352 326 36 149 382 274 66 251 239 110 243
288 371 267 96 64 322 89 154 226 264 162 25 249 4 151 127 346 256 303 172
59 76 112 366 232 329 265 183 41 164 335 220 161 82 355 155 397 242 283 20
153 187 369 211 35 282 28 47 52 140 384 394 234 330 94 179 389 163 79 299
184 294 177 334 61 204 60 167 143 91 361 375 313 223 54 55 210 115 134 3
370 342 16 24 51 129 73 395 157 132 171 304 278 158 377 142 354 336 147 135
209 236 193 316 68 310 248 325 6 235 175 70 125 383 261 273 290 337 5 372
199 124 43 233 45 374 292 315 120 69 214 378 258 196 221 398 252 122 206 260
192 136 250 328 194 202 358 333 189 128 98 365 332 254 119 22 75 40 212 188
0000000000000000000
0000000000000000000
0100000000000000000
0010000000000000000
0010000000000000000
0010000000000000000
0000000000000000000
0000000000000000000
0000000000000000000
0000000000000000000
0000000000000000000
0000000000000000000
0000000000000000000
0000000000000000000
0000000000000000000
0000000000000000000
0000000000000000000
0000000000000000000
0000000000000000000
0000000000000000000
00000000000000000000
11111111111000000000
00000000000000000000
00000000000000000111
10000000000000000000
11111111111111111110
00000000000000000000
00000000000000000000
00000000000000000000
00000000000000000000
00000000000000000000
00000000000000000000
00000000000000000000
00000000000000000000
00000000000000000000
00000000000000000000
00000000000000000000
00000000000000000000
00000000000000000000
