20
335 311 330 202 18 318 386 394 334 28 183 232 147 134 157 198 192 266 10 4
321 33 254 113 2 149 21 141 142 155 115 43 296 140 395 214 193 284 124 99
5 156 32 8 167 56 194 268 138 65 171 143 274 331 109 91 218 272 191 0
338 309 223 72 270 22 255 184 378 102 320 341 366 372 361 126 200 148 20 364
52 240 117 230 371 225 322 213 38 287 302 245 288 248 79 160 373 362 90 45
365 384 144 76 78 19 82 209 332 282 61 314 105 369 239 14 310 97 307 337
201 13 392 154 346 199 73 301 243 312 231 159 58 250 357 55 94 393 130 46
163 53 179 348 127 333 169 224 211 9 352 234 299 315 305 80 244 175 251 39
23 265 387 294 49 89 222 35 137 103 132 347 196 185 57 69 246 210 297 324
292 300 30 51 328 267 125 290 168 95 262 208 340 368 316 189 12 6 271 391
203 62 319 278 120 139 344 349 116 221 93 217 83 165 220 233 114 131 264 212
180 81 60 41 100 101 67 37 293 135 219 197 85 178 336 15 247 176 162 34
74 304 263 389 44 380 17 229 326 237 31 339 111 50 363 123 151 77 121 215
276 317 188 383 227 59 358 216 252 122 26 68 379 370 133 350 88 275 397 48
286 375 106 29 313 374 261 153 158 16 323 71 86 343 40 166 355 186 235 207
174 327 256 376 329 360 356 27 129 24 92 236 205 150 295 47 283 253 161 195
145 303 112 206 279 382 42 172 1 173 107 281 119 66 228 190 204 3 342 36
257 306 351 367 108 54 388 177 87 187 104 7 258 260 84 164 146 118 181 249
64 354 385 25 273 277 298 381 238 289 170 353 345 390 182 396 285 269 242 75
259 325 377 110 226 152 11 398 399 98 128 280 96 308 291 63 359 241 136 70
0000000000000000000
0000000000000000000
0000000000000000000
0000000000000000000
0000000000000000000
0000000000000000000
0000000000000000000
0000000000000000000
0000000000000000000
0000000000000000000
0000000000000000000
0000000000000000000
0000000000000000000
0000000000000000000
0000000000000000000
0000000000000000000
0000000000000000000
0000000000000000000
0000000000000000000
0000000000000000000
00000000000000000000
00000000000000000000
00000000000000000000
00000000000000000000
00000000000000000000
00000000000000000000
00000000000000000000
00000000000000000000
00000000000000000000
00000000000000000000
00000000000000000000
00000000000000000000
00000000000000000000
00000000000000000000
00000000000000000000
00000000000000000000
00000000000000000000
00000000000000000000
00000000000000000000
