20
24 363 112 113 314 160 364 360 137 100 97 376 88 324 276 80 189 130 125 315
385 368 7 279 52 144 300 69 209 41 83 256 140 121 372 33 21 248 143 38
111 266 240 16 207 212 270 222 54 186 384 317 57 228 0 382 278 346 193 145
352 218 134 323 55 81 67 56 220 325 123 390 190 259 354 34 284 60 258 146
158 388 82 321 8 184 399 91 332 68 245 159 114 262 173 30 257 305 92 251
277 53 182 224 141 172 216 319 119 183 292 37 194 147 344 348 239 115 366 386
98 25 287 299 150 391 201 110 36 86 306 246 374 213 327 127 205 174 40 93
78 392 135 244 378 154 195 377 99 178 371 214 236 335 353 29 328 233 79 122
303 380 294 282 379 9 312 357 162 252 169 117 329 126 206 336 350 96 264 394
3 289 151 343 191 35 84 43 131 389 17 14 296 153 31 75 157 95 330 45
116 48 261 227 129 71 337 105 349 272 177 290 229 26 393 166 202 334 247 44
347 311 176 124 204 87 133 310 339 230 102 66 242 163 241 46 76 165 18 19
333 219 15 77 304 309 271 70 225 280 10 90 250 269 136 268 313 28 108 293
283 13 118 168 23 373 63 308 362 291 355 20 396 94 61 237 188 275 249 235
318 370 149 361 170 39 1 281 180 32 138 395 6 274 338 156 342 175 351 221
223 167 152 181 73 260 47 253 263 89 345 104 331 128 267 358 179 120 199 203
383 340 286 65 255 234 302 211 217 187 51 185 155 58 192 50 232 74 359 197
215 254 398 85 132 22 369 72 356 107 142 367 198 285 307 62 64 109 326 316
210 365 295 297 106 397 273 196 265 27 320 101 298 301 288 42 375 208 381 4
243 11 231 5 226 49 200 103 322 387 238 139 12 161 171 148 59 164 341 2
0000000000000000000
0000000000000000000
0000001000000000000
0000001000000000000
0000100000000000000
0000110001000000000
0000110001000000100
0000110000000000100
0010110000000000100
0010110000000000100
0010110000000000100
0010111000000000100
0010101000000000100
0010101000000000100
0010101000001001100
0010101000001001100
0010101000001001100
0010101000001001100
0010101000001001000
0010101000001001000
00000000000000000000
11111110000000000000
00000000000000111111
00000000000000000000
00000111111111111000
00000000000000000000
00000000000000000000
00000000000000000000
00000001111111111000
00000000000000000000
00000000000000000000
00000000000000000000
00000000000000000000
00000000000000000000
00000000000000000000
00000000000000000000
00000001111100000000
00000000000000001100
00000000000000000000
