20
337 62 334 307 46 144 383 112 350 91 226 197 234 17 278 299 283 30 276 180
305 81 163 241 395 281 255 275 293 47 106 126 40 136 154 58 114 394 202 229
270 265 297 239 351 84 268 333 236 338 303 43 221 343 48 28 301 111 295 59
165 147 252 213 0 172 366 244 353 183 116 70 88 115 157 50 57 99 131 86
322 127 379 300 185 14 313 193 74 137 16 296 39 374 153 262 308 342 335 316
237 95 93 363 188 44 200 325 340 242 266 189 288 326 286 378 274 380 294 34
10 263 339 90 122 219 258 201 328 224 7 323 155 83 45 260 184 146 138 76
187 79 119 248 388 21 284 279 82 387 292 107 384 25 390 329 75 392 176 192
49 306 72 113 290 142 222 22 312 271 32 158 109 349 169 4 177 223 361 269
174 377 298 29 98 199 310 225 141 8 33 117 382 162 282 331 66 27 13 139
173 23 179 150 206 181 73 132 389 230 133 370 348 369 345 210 371 125 5 166
53 319 97 36 175 396 123 195 41 302 254 324 130 259 368 346 220 330 376 364
256 134 149 61 253 341 372 393 3 78 65 373 51 151 214 311 212 71 245 87
182 6 232 120 35 64 143 317 314 247 196 178 355 291 31 171 391 156 198 208
68 280 251 19 235 37 287 240 354 375 209 397 228 145 367 152 167 191 261 194
399 101 69 2 121 358 249 140 63 24 89 9 285 77 207 362 52 148 332 11
38 56 227 128 218 92 160 15 102 205 250 20 54 118 85 211 327 42 398 336
103 100 105 67 215 170 55 124 18 168 204 94 80 159 129 264 186 135 96 60
357 110 381 267 257 309 320 164 315 277 289 321 359 217 385 1 190 356 203 347
386 26 360 304 104 108 243 12 216 273 161 352 238 246 365 344 272 318 231 233
0000000000000100000
0000000000000100000
0000000000100100000
0000000000100000000
0000000000100000000
0000000000100000000
0000000000100000000
0000000000100000000
0000000000100000000
0000000000100000000
0000000000100000000
0000000000100000000
0000000000100000000
0000000000100000000
0000000000100000000
0000000000100000000
0000000000100000000
0000000000100000000
0000000000100000000
0000000000100000000
00000000000111000000
00000000000000000000
00000000000110000000
11111111110000000000
00000000000111000000
00000000000000000000
00000000000000000000
00000000000001111111
00000000000011111111
00000000000000000000
00000000000000000000
00000000000000000000
01111111111000000000
00000000001000000000
00000011111011111111
00000000000000000000
00000000000000000000
00000000000000000000
00000000000000000000
