20
322 223 35 204 176 299 294 70 366 159 357 7 37 165 105 362 329 337 98 92
82 334 367 53 230 240 232 238 154 59 153 130 212 324 122 256 349 166 270 24
104 190 117 282 263 219 373 8 243 81 80 25 225 341 259 173 31 313 244 285
141 261 3 217 6 399 19 46 307 140 62 41 395 200 309 182 4 137 229 311
114 265 210 360 74 312 248 330 87 42 191 375 377 269 398 88 208 101 95 160
284 226 197 356 287 51 107 193 292 102 14 276 131 246 364 78 289 103 317 258
370 86 331 389 336 303 247 262 393 379 77 391 283 84 181 209 216 205 231 44
64 27 17 384 184 363 381 340 234 69 72 290 228 55 199 236 278 214 94 202
318 198 250 239 189 390 274 386 300 85 213 67 314 218 20 125 132 112 163 378
156 71 170 396 150 203 272 28 196 293 129 180 355 97 108 89 16 83 253 339
215 201 57 30 120 242 249 301 22 56 60 66 358 134 179 319 227 297 79 1
162 40 352 149 252 383 123 280 315 90 233 50 111 115 382 145 152 32 376 326
342 245 323 397 167 116 124 23 296 45 13 359 96 178 275 305 36 187 211 271
281 257 241 255 353 106 392 372 9 127 273 371 54 343 158 34 351 338 58 93
333 388 100 206 10 118 279 345 298 186 65 148 49 73 302 194 380 99 251 61
39 286 288 109 75 320 222 310 328 192 155 188 119 144 347 354 76 43 185 175
21 235 365 161 254 33 325 361 11 221 143 138 128 374 121 133 172 267 177 26
332 316 38 387 164 306 18 183 304 321 171 237 277 169 0 63 113 68 147 5
195 266 344 268 12 260 52 151 394 136 139 291 385 264 335 91 126 174 146 295
142 350 48 327 110 47 308 135 29 368 224 207 15 157 348 369 168 346 2 220
0000000000000000000
0000000000000000000
0000000000000000000
0000000000000000000
0000000000000000000
0000000000000000000
0000000000000000000
0000000000000000000
0000000000000000000
0000000000000000000
0000000000000000000
0000000000000000000
0000000000000000000
0000000000000000000
0000000000000000000
0000000000000000000
0000000000000000000
0000000000000000000
0000000000000000000
0000000000000000000
00000000000000000000
00000000000000000000
00000000000000000000
00000000000000000000
00000000000000000000
00000000000000000000
00000000000000000000
11111110000000000000
00000000000000000000
00000000000000000000
00000000000000000000
00000001111111111111
00000000000000000000
00000000000000000000
00000000000000000000
00000000000000000000
00000000000000000000
00000000001111111111
00000000000000000000
