20
347 365 44 133 330 155 295 192 284 217 164 37 227 180 136 353 360 3 286 148
89 187 0 327 379 313 14 54 29 282 260 17 346 109 123 21 294 85 397 315
107 163 218 317 319 91 367 190 186 251 308 146 11 1 281 101 197 79 204 75
108 355 244 135 228 18 226 393 322 120 221 312 129 366 232 381 270 161 82 291
310 137 100 377 399 373 110 149 349 122 255 4 341 371 34 115 268 259 236 378
231 19 193 229 280 348 25 114 328 292 343 116 96 153 314 81 206 390 264 134
103 40 87 80 303 263 12 342 202 152 93 358 376 350 181 182 38 271 300 235
15 73 334 283 47 128 35 370 241 208 76 175 84 262 143 50 99 71 309 267
290 363 6 131 105 170 104 55 302 159 297 213 16 42 386 24 10 58 382 78
288 274 28 383 273 43 30 340 247 67 198 92 77 224 118 214 167 49 395 324
88 278 252 169 238 150 396 13 237 72 323 185 254 265 36 392 306 145 64 184
269 216 83 41 245 9 90 200 344 27 279 39 318 168 316 121 222 329 127 201
52 356 248 8 162 298 387 119 369 233 354 26 212 337 333 321 46 287 33 171
195 7 98 95 48 174 111 176 215 285 331 210 165 336 352 113 5 70 293 45
258 388 320 375 253 276 250 2 207 362 68 151 338 345 394 196 69 277 124 56
368 60 59 142 239 57 209 65 385 157 261 23 86 31 102 178 130 257 272 203
256 243 66 138 357 223 380 364 240 179 173 219 301 141 154 156 391 125 304 325
374 53 51 351 106 140 126 246 339 97 20 311 249 160 144 389 158 359 177 326
266 332 275 225 112 117 242 307 361 188 139 211 205 199 147 63 384 22 299 194
94 230 234 305 220 172 191 289 372 74 132 189 335 183 61 32 62 296 166 398
0000000000000010001
0000000000000010001
0000000000000010001
0000010000000010001
1000010000100010000
1001010100100010000
1001010100100011000
1001010100100011000
1001010100100011000
1001010100000011000
1001010100000011000
0001010100000001000
0001010100000001000
0001010100000000000
0001010100000000000
0001010100000000000
0001010100000000010
0001000100000000010
0001000100000010010
0001000100000010010
00000011111111100000
00000000000000000000
11111111111100000000
11100000000000000000
00000000000000000000
00000000000000000000
00000000110000000000
00000000000000000000
00000000111000000000
00000000000000000000
00000000000000000000
00000000000000000000
00000000111111111100
00000000000000000000
00000000000000000000
00000000000000000000
00000000111100000000
00001100000000000000
00000000000000000000
