20
275 236 373 327 247 201 304 12 248 343 387 342 391 230 136 198 211 390 362 141
217 196 18 379 153 291 224 155 240 64 396 197 299 15 215 110 238 24 265 243
54 263 360 313 127 106 237 152 68 97 381 103 76 22 251 119 250 302 178 315
190 1 146 108 271 298 261 46 120 162 33 85 195 29 0 32 83 348 44 310
42 339 286 94 255 371 213 284 376 34 167 289 2 96 39 77 90 317 320 56
394 89 187 147 67 111 30 92 176 123 204 114 182 31 202 288 296 88 212 395
309 349 235 388 293 279 322 321 392 351 256 143 200 260 3 48 330 25 385 266
156 283 328 389 384 7 128 161 372 168 357 86 336 169 166 285 305 225 144 316
270 397 292 303 377 367 245 216 382 133 249 252 65 117 312 331 170 55 233 16
399 206 180 374 294 129 353 378 234 137 63 160 226 163 107 324 134 157 135 40
257 219 175 23 112 81 101 45 273 26 337 164 150 380 179 191 151 186 131 84
20 8 105 338 346 6 340 80 209 58 297 274 69 354 148 210 269 79 59 383
356 253 363 335 171 365 158 61 254 229 203 329 220 267 258 4 359 116 375 242
341 278 276 73 222 43 71 183 82 139 28 75 35 91 174 347 118 113 366 205
232 102 78 264 318 368 70 98 74 295 132 352 355 52 239 246 214 138 57 115
121 361 172 244 125 189 9 53 306 188 241 272 300 218 370 319 281 93 142 282
199 72 344 181 208 194 149 287 95 154 268 62 325 301 358 345 19 36 393 122
49 50 173 227 314 290 159 41 307 51 323 193 262 47 126 60 364 332 5 17
280 11 130 21 192 38 37 207 10 177 104 369 100 228 333 99 145 350 311 140
221 87 185 326 398 334 184 27 223 14 259 165 277 308 109 231 13 124 386 66
0000000000000010000
0000000000000010000
0000000000000010000
0000000000000010000
0000000000000110000
0000000000000110000
0000000000000110000
0000000000000000000
0000000000000000000
0000000000000000000
0000000000000000000
0000000000000000000
0000000000000000000
0000000000000000000
0000000000000000001
0010000000000000001
0010000000000000001
0010000000000000001
0010000001000000001
0010000001000000001
11111111111100000000
11100000000000001111
00000000000000000000
11111111111111000000
00001111111111000000
00000000000000000000
00001111111111000000
00000000000000000000
00000000000000000000
00000000000000000000
11111111111111000000
00000000000000000000
11111111111111111100
00000000000000001110
00000000000000000000
00000000000000000000
00000000000000000000
00000000000000000000
00000000000000000000
