20
164 132 134 391 256 119 325 177 319 59 300 255 277 239 117 97 179 17 174 45
79 384 377 54 324 374 305 40 302 166 90 349 258 287 120 205 135 48 126 185
6 369 339 67 251 329 61 58 375 343 330 154 248 354 212 355 86 242 273 238
165 320 10 107 141 175 373 171 115 223 127 235 228 328 52 72 44 42 74 156
356 390 161 133 29 218 331 399 111 109 172 350 286 267 323 181 293 144 199 0
312 274 341 348 272 167 195 101 253 264 116 281 73 12 194 321 88 193 370 137
230 208 246 147 131 125 15 393 265 211 11 13 183 362 310 396 309 28 340 82
358 36 270 295 150 360 84 190 317 283 87 2 16 191 237 157 56 392 276 308
70 92 378 275 236 163 35 234 68 140 121 152 398 114 311 8 24 336 280 60
69 353 91 365 285 332 347 304 303 192 259 231 380 139 268 27 363 298 220 9
335 81 250 222 316 43 359 142 51 216 25 224 38 200 351 123 146 394 31 108
232 313 371 395 62 288 158 186 41 389 32 229 397 85 372 128 168 1 159 196
46 182 64 113 314 71 148 357 103 252 204 226 387 279 382 170 55 257 50 352
136 151 301 4 124 99 346 53 376 263 206 385 188 388 76 366 326 245 34 3
247 66 318 284 379 162 278 297 207 106 244 37 307 21 112 197 271 241 327 100
289 102 198 315 383 155 26 19 153 77 221 203 322 176 145 292 333 33 368 217
381 105 291 254 98 130 296 160 5 143 47 215 39 364 18 22 261 294 7 30
386 20 65 214 269 337 118 178 290 344 80 282 122 184 169 209 361 334 75 219
180 49 345 262 210 14 225 83 94 299 89 227 23 213 342 110 260 201 249 149
202 367 63 93 57 138 306 187 266 78 104 129 233 189 173 338 96 95 240 243
0000000000000100000
0000000000000100000
0000010000000100000
0000010000000100000
0000010000100100000
0000010000100100000
0000010000100100000
0000010000100000000
0000010000100000000
0000010000100000000
0000010000100000000
0000010000100000000
0000010000100000000
0000010000100000000
0000010000100000000
0000010000100000000
0000010000100000000
0000010000100000000
0000010000100000000
0000010000100000000
00000000000000000000
11111000000000000000
00000000000000000000
11100000000000000000
00000000000000000000
00000000000000000000
11111000000000000000
00000000000000000000
00000000000000000000
00000000000000000000
00000000000000000000
00000000000000000000
00011100000000000000
00000000000000000000
00000000000000000000
00000000000000000000
00000000000000000000
00000000000000000000
00000000000000000000
