20
75 303 23 108 122 35 291 355 395 232 9 167 195 61 284 274 366 68 226 88
304 103 47 391 267 16 262 259 160 292 13 318 89 370 163 349 155 378 191 380
205 340 121 257 306 98 248 357 265 150 221 253 217 159 300 51 37 8 246 365
211 22 43 295 231 142 176 346 5 243 158 374 72 181 288 201 214 80 322 360
381 52 227 275 367 19 118 94 281 334 338 62 200 319 29 105 358 131 222 237
364 261 215 356 387 339 134 147 399 305 213 347 71 193 332 188 235 344 328 56
317 220 138 34 57 260 40 48 368 172 255 219 394 210 308 92 117 137 244 0
376 277 130 149 311 162 279 74 164 271 144 151 185 152 50 239 140 272 249 116
129 100 316 323 392 2 228 6 247 245 216 182 351 186 373 171 125 362 359 166
91 24 123 224 17 145 263 298 63 27 302 289 70 26 183 173 320 204 128 32
132 53 337 15 83 385 342 251 36 398 44 136 315 325 286 141 278 168 314 192
326 156 354 207 133 345 241 341 233 384 372 348 111 127 264 31 321 104 73 330
396 12 139 93 234 301 33 296 388 363 312 184 280 30 203 45 112 313 283 386
375 67 157 293 46 1 175 270 369 198 258 106 352 20 82 268 187 276 371 353
282 199 212 146 240 119 153 299 60 66 10 397 230 361 165 77 242 102 86 115
266 54 4 49 177 238 101 324 90 109 389 236 84 42 110 38 229 39 294 3
218 154 382 393 208 143 309 190 331 79 85 81 273 196 124 96 269 390 14 107
11 197 126 18 225 250 287 76 379 25 78 307 335 7 21 285 223 180 179 202
161 329 343 65 59 350 209 97 99 178 64 114 41 69 135 148 206 189 252 256
194 327 290 310 120 58 113 170 87 28 377 336 333 383 297 174 55 95 169 254
0000000011000000010
0000000011000000010
0000000011000000010
0000000011000000010
0000000011000000010
0000000011000000000
0000000011000000010
0000000001000000010
0000000001000000010
0000000001000000010
0000000001000000010
0000000001000000000
0000000001000000000
0000000000000000000
0000000000000000000
0000000000000000000
0000000000000000000
0000000000000000000
0000000000000000100
0000000001000000000
00000000000000000000
00000000000000000000
00000000000000000000
00000001100000000000
00000000000000000000
00000000000000000011
00000000000000000000
00000000000000000000
11110000000000000000
00000000000000000000
00000000000000000000
00000000000000000000
00000000000000000000
00000000000000000000
00000000000000000000
00000000000000000000
11111111000000000000
00000000000000000000
00000011110011111111
