20
367 305 267 115 125 363 116 98 101 332 349 224 359 117 217 308 166 241 36 193
47 18 10 295 135 104 360 48 151 58 118 149 208 220 46 154 141 326 303 45
228 139 53 286 372 301 91 386 278 110 266 97 200 67 168 319 254 239 292 0
280 94 205 20 290 51 150 202 337 265 313 30 196 317 231 389 395 163 316 129
142 1 82 294 107 138 179 307 64 148 325 185 242 122 365 357 331 251 103 207
263 54 382 174 320 309 57 5 306 71 328 85 187 66 358 277 28 171 274 392
23 15 281 84 100 22 249 269 156 137 373 50 364 83 189 183 215 378 350 252
182 105 62 230 197 300 188 318 245 99 273 131 299 81 240 40 175 114 89 333
310 223 221 214 379 102 356 127 70 284 339 191 25 262 276 383 232 279 172 198
244 164 190 342 393 377 203 124 334 140 108 323 355 153 285 68 33 145 370 257
95 134 79 37 396 159 315 380 136 213 243 397 293 264 93 229 369 80 329 322
222 336 330 2 354 3 177 321 259 63 270 199 29 61 38 381 298 366 255 49
260 161 42 361 291 4 90 41 246 288 233 194 26 178 74 247 17 181 92 55
195 184 283 272 65 345 176 346 192 297 338 75 390 170 34 59 343 296 96 362
387 69 250 238 31 211 210 271 227 304 234 353 388 327 9 152 256 352 169 340
375 44 56 123 7 112 76 130 162 311 374 344 394 209 391 14 371 160 216 351
167 12 113 206 282 385 384 128 268 121 24 347 158 398 11 106 73 35 60 132
261 157 312 341 253 235 173 204 146 248 225 226 219 368 133 302 52 86 324 109
19 314 186 39 8 43 147 88 236 16 376 287 258 218 78 155 27 289 72 120
111 87 77 21 126 212 275 13 335 348 143 237 144 180 165 32 201 6 399 119
0100010100000001000
0100000100000001000
0100000100000000000
0100000100000000000
0100000100000000000
0100000100000000000
0100000000000000000
0100000000100000000
0100000000100000000
0100010000100000000
0000010000100000000
0000010000100000000
0000010000100000000
0000010000000000000
0000010000000000000
0000010000000000000
0000011100000000000
0000011100000000000
0000010000000000000
0000010000000000000
00100000000000000000
00000000000000000000
00000000111111111000
00000000000000000000
00000000111111111110
00000000000000000000
00000000000000000000
00000000000000000000
00000000000000000000
00000000000000001111
11110000000000000000
00000000000000000000
11100011111111000000
00000000000000000000
10000000000111111111
00000011000000000000
00000000000000000000
00000000000000000000
00000000000000000000
