20
346 111 325 223 177 229 95 78 387 305 297 5 283 124 202 64 86 231 261 253
10 31 301 375 239 11 273 378 266 60 244 265 96 316 354 355 67 322 43 163
219 65 63 87 233 69 1 332 84 224 278 280 42 13 352 396 333 189 258 299
35 145 214 337 80 335 4 128 115 267 389 186 369 366 101 314 271 104 81 359
249 14 171 33 388 213 32 180 178 353 110 303 321 121 160 383 384 40 216 122
204 255 385 114 181 157 48 340 125 199 127 254 108 46 182 146 334 240 188 165
268 262 282 90 158 118 243 356 112 89 30 208 94 170 313 190 209 370 207 362
8 27 320 151 256 279 196 284 327 173 138 374 201 236 275 109 159 245 9 148
185 44 269 100 22 162 227 150 154 141 23 113 251 168 347 191 350 395 149 26
200 103 234 57 226 393 329 260 228 119 179 34 51 12 318 276 166 376 205 345
310 2 211 169 220 312 319 286 293 263 71 120 147 341 250 343 206 142 66 324
92 6 336 62 82 107 85 331 248 235 50 47 99 287 3 257 164 194 131 70
59 309 311 68 18 106 136 155 77 29 339 289 7 88 21 20 126 270 363 210
360 36 367 398 399 285 76 49 230 365 75 242 83 295 328 300 241 16 61 116
308 382 17 296 218 139 397 288 52 221 174 342 152 380 272 291 156 344 315 25
38 259 143 53 19 323 232 91 264 144 292 381 386 198 102 225 39 193 187 58
175 176 123 167 237 247 246 133 392 134 93 132 129 74 373 390 73 298 306 172
195 183 130 37 307 117 294 197 371 326 217 364 15 137 98 252 338 372 302 56
0 304 28 290 379 54 281 97 277 79 24 135 153 184 351 317 349 358 348 391
192 215 377 368 222 161 361 274 45 357 203 212 394 72 330 140 55 41 105 238
0000000000000000000
0000000000000000000
0000000000000000000
0000000000000000000
0000000100000000000
0000000100000000000
0000000100000000000
0000010100000000000
0000010100000000000
0000010100000000000
0000010100000000000
0000010100000000100
0000010100000000100
0000010100000000100
0000010100000000100
0000010100000000100
0000010100000000100
0000010000000000000
0000010000000000000
0000010000000000000
00000000000000000000
00000000000000000000
00000000000000000000
00000000000000000000
00000000000000000000
00000000000000000000
00000000000000000000
00000000000000000000
00000000000000000000
00000000000000000000
00000000000000000000
00000000111000000000
00000000000000000000
00000000000000000000
00000000000000000000
00000000000000000000
00000011111111111110
00000000000000000000
00000000000000000000
