20
292 117 316 390 78 267 371 304 139 70 85 103 199 290 50 273 32 165 118 105
327 74 2 136 213 200 115 181 6 176 307 239 76 12 240 214 183 341 375 38
261 59 319 209 31 175 281 350 40 180 101 231 263 257 318 46 388 278 11 202
212 393 198 179 84 87 265 211 19 253 271 352 330 96 381 193 205 110 66 91
156 386 120 217 210 218 21 223 313 391 194 336 279 245 394 154 161 191 142 10
238 35 351 0 106 203 233 250 127 4 342 41 23 300 346 398 343 353 395 71
310 380 397 337 259 121 382 47 284 135 178 80 190 99 225 25 81 378 20 302
162 219 187 36 334 254 340 184 288 266 182 244 298 280 60 354 248 356 111 324
361 68 364 126 287 61 282 367 396 297 124 275 1 88 95 72 138 90 363 332
146 51 177 247 77 322 269 258 325 152 44 100 7 79 374 242 55 52 170 86
315 243 227 236 94 360 137 3 89 169 348 132 366 83 39 308 113 201 229 328
289 368 18 392 387 345 174 189 262 119 185 220 49 283 92 344 98 131 347 122
299 141 109 26 376 369 222 42 272 155 67 48 311 134 309 331 24 30 294 207
16 237 14 186 268 143 65 9 208 251 234 149 232 43 260 221 359 116 357 54
82 373 102 277 286 57 358 75 172 338 167 389 377 157 339 173 73 168 8 370
45 53 196 148 130 129 226 125 303 62 228 383 17 274 188 56 123 5 160 147
29 372 320 335 204 151 241 215 195 301 252 163 362 164 144 112 216 379 145 312
291 270 384 306 321 355 305 235 224 329 69 153 128 206 230 317 293 28 150 314
108 276 97 323 255 107 264 58 246 285 140 296 399 93 27 159 33 171 166 63
385 158 349 192 114 256 295 365 13 133 22 37 15 197 249 34 333 64 104 326
0000000000000000000
0000000000001000000
0000000000001000000
0000000000000000000
0000100000000000000
0000100000000000000
0000100000000000000
0000100000000000000
0000100000000000000
0000100000000000000
0000100000010000000
0000100000000000000
0100100000000000000
0100100000000000000
0100100010000000000
0100100010000000000
0100100010000000000
0100100010000000000
0100100010000000000
0100100010000000000
01111111111111111111
00000000000000000000
00000000000000000000
00000000000000000000
00000000000000000000
00000000000000000000
00000111111111100000
00000000000000000000
00000000000000001111
00000000000011111111
00000000000000000000
00000000000000000000
00001000000000000000
10000000000000000000
00000000000000000000
00000000000000000000
00000000000000000000
00000000000000000000
00000000000000000000
