H 15 4 1 2
H 10 7 1 2
V 2 10 2 1
H 18 5 1 2
V 0 3 2 1
V 0 19 2 1
V 8 2 2 1
V 13 15 2 1
V 18 12 2 1
V 12 4 8 1
H 15 12 1 2
V 17 12 2 1
H 14 1 4 12
V 15 1 2 1
V 15 7 2 1
H 16 2 2 18
V 17 16 2 1
V 0 18 20 2
V 11 19 2 1
V 0 18 12 2
H 12 14 1 6
V 2 16 18 2
V 1 16 2 1
H 10 14 3 6
V 1 19 18 1
V 9 2 2 1
V 9 7 2 1
V 9 12 2 1
V 4 1 6 4
H 12 1 1 2
V 2 2 18 1
H 5 1 1 2
H 8 1 1 2
H 16 1 1 14
V 16 7 2 1
H 16 1 1 18
V 0 18 20 1
V 0 18 12 1
V 15 5 2 1
V 15 17 2 1
H 16 7 1 12
V 1 18 18 1
H 5 18 1 2
H 18 18 1 2
V 1 18 12 1
V 3 10 2 1
H 5 10 1 2
V 1 7 6 4
V 0 8 10 3
H 9 1 1 12
V 8 10 2 1
V 8 12 2 1
V 4 3 14 2
H 16 2 1 10
V 15 13 2 1
H 16 2 1 18
V 0 17 20 1
V 0 14 12 4
H 11 1 3 12
V 13 1 6 2
V 16 10 2 1
V 16 13 2 1
H 16 2 1 16
H 16 2 1 18
V 2 19 18 1
H 6 18 1 2
V 2 19 10 1
V 2 18 4 1
V 0 15 20 2
H 0 15 1 2
H 2 0 5 2
V 6 1 2 1
V 5 1 4 4
H 6 0 1 2
V 2 1 18 1
V 17 1 2 1
H 16 1 2 18
V 15 18 2 1
H 16 2 2 18
V 4 18 16 2
V 11 19 2 1
V 3 19 10 1
H 9 6 1 8
V 3 5 8 6
H 9 1 2 12
V 5 3 14 1
H 16 10 1 2
V 14 7 2 1
H 14 3 1 2
H 15 1 2 10
V 15 2 2 1
V 15 17 2 1
V 16 16 2 1
H 16 1 1 18
V 1 15 18 3
V 18 15 2 1
V 0 15 2 1
V 1 16 12 2
H 5 14 15 2
H 11 14 9 6
H 8 18 1 2
V 3 18 16 1
V 8 5 2 9
V 8 17 2 1
V 15 16 2 1
V 2 15 14 3
H 10 16 4 4
V 4 18 12 2
H 9 1 1 12
V 4 1 14 4
V 14 10 4 1
H 16 1 2 12
V 17 3 2 1
V 15 16 2 1
H 16 2 2 18
V 2 16 18 1
V 1 16 12 1
H 18 14 1 2
V 0 14 20 1
H 1 14 1 2
H 0 2 2 2
V 1 3 2 2
H 2 0 2 4
H 3 0 1 2
V 2 1 10 2
V 2 1 18 1
V 15 3 2 1
V 15 16 2 1
H 16 1 1 8
H 16 2 1 18
V 0 14 20 1
V 0 14 12 1
H 0 14 1 2
V 17 7 2 1
V 17 12 2 1
V 14 9 4 5
H 16 8 4 12
V 18 18 2 2
H 11 15 1 4
V 5 18 14 2
V 5 18 8 2
V 13 1 4 4
H 17 12 1 4
H 15 3 3 6
V 16 15 2 1
V 16 18 2 1
V 15 14 2 1
V 15 19 2 1
H 16 1 1 18
H 6 16 1 2
V 2 16 18 1
V 1 14 2 1
V 2 14 10 3
V 8 11 2 3
H 9 1 2 12
V 10 1 2 1
V 10 6 2 1
H 9 1 2 8
V 3 1 2 1
V 4 1 14 2
V 16 4 2 1
H 16 1 1 16
H 16 2 1 18
H 17 17 1 2
V 4 18 16 1
H 10 18 1 2
V 4 18 8 1
H 2 0 2 4
V 2 1 10 1
H 10 1 1 2
V 2 1 18 1
H 14 1 3 8
V 15 15 2 1
H 16 1 1 18
H 2 14 1 2
V 0 14 20 1
V 0 14 12 1
V 3 14 14 3
V 1 14 16 1
V 8 18 6 1
H 10 17 4 2
V 4 15 12 3
V 15 1 2 10
V 16 5 2 1
H 16 2 1 16
H 16 2 1 18
V 6 19 14 1
V 6 19 6 1
V 3 6 10 1
V 10 3 2 1
V 10 8 2 1
V 8 1 2 1
H 9 1 2 10
V 5 1 14 1
H 15 8 1 2
H 7 1 1 2
H 15 1 2 8
H 16 2 1 18
H 17 14 1 2
V 2 14 18 1
V 2 14 10 1
V 1 9 6 2
V 5 9 2 1
V 1 7 10 3
H 9 2 2 12
H 7 2 1 2
V 4 3 14 1
H 16 1 1 10
H 16 1 1 18
V 5 17 14 1
H 10 14 1 4
V 5 17 8 1
V 1 5 2 8
H 0 5 3 8
V 0 8 14 1
V 9 9 2 1
H 9 2 1 12
V 17 2 2 1
H 16 4 1 2
V 4 2 14 3
H 15 1 3 8
V 16 7 2 1
H 16 1 1 18
V 3 15 16 1
H 7 14 1 2
V 3 15 10 1
H 8 18 1 2
H 19 18 1 2
V 5 15 2 1
V 7 15 10 1
V 6 15 2 3
H 6 16 1 2
H 15 16 1 2
V 4 13 6 1
H 9 2 2 12
H 9 1 2 12
V 4 1 14 1
H 16 10 1 2
H 15 1 3 10
V 15 18 2 1
H 16 1 2 18
V 4 15 16 1
V 4 15 8 1
V 2 13 4 1
H 5 12 1 2
V 1 13 10 1
H 9 2 2 12
H 9 1 2 12
V 3 1 14 1
H 15 1 3 12
H 16 1 2 18
V 5 16 14 1
H 10 16 1 2
V 5 16 8 1
V 8 18 4 1
H 9 7 1 2
H 9 2 2 12
H 9 1 2 12
V 5 1 12 2
H 16 1 2 18
V 17 2 2 1
V 15 14 2 1
H 16 2 2 18
V 13 19 2 1
V 9 18 10 2
V 9 19 4 1
V 0 5 4 8
H 2 5 1 8
H 11 4 1 2
H 5 8 1 2
V 0 5 14 4
H 9 1 1 12
V 9 12 2 1
V 9 18 2 1
V 4 1 14 1
H 15 1 2 8
H 16 2 1 18
V 4 14 16 1
V 4 14 8 1
H 8 16 1 2
H 10 18 1 2
V 6 5 2 1
V 4 5 6 3
H 8 12 1 2
H 10 12 1 2
H 17 12 1 2
H 9 1 2 12
V 4 1 14 3
H 16 1 2 12
H 16 1 2 18
V 7 14 12 3
V 7 16 6 1
V 6 14 4 1
H 12 7 1 2
V 11 5 2 1
H 12 2 2 12
H 13 4 1 2
V 9 3 8 2
H 14 1 1 2
H 16 1 2 2
V 15 3 2 1
H 16 2 1 6
H 16 1 1 18
H 16 14 1 2
V 8 15 12 2
V 8 14 4 3
V 3 12 2 1
V 0 7 8 6
V 0 9 10 2
H 9 2 2 12
V 4 3 14 1
V 16 7 2 1
H 16 1 1 8
V 15 6 2 1
H 16 2 1 18
H 13 16 1 2
V 9 16 10 1
H 11 14 1 6
V 10 14 4 4
H 16 13 1 2
H 10 14 8 4
V 17 17 2 1
H 12 14 1 6
V 9 16 2 1
V 12 15 2 1
H 19 5 1 12
H 12 15 8 4
V 10 14 6 3
H 13 16 1 2
V 12 17 6 2
H 13 18 1 2
V 16 15 2 1
H 13 15 4 4
V 9 14 10 2
V 6 5 4 4
V 8 1 2 1
H 9 1 1 10
V 4 1 14 1
H 16 1 1 8
V 15 3 2 1
H 16 2 1 18
V 8 14 12 1
V 8 14 4 1
H 10 14 5 2
V 9 14 4 1
V 14 14 6 2
H 18 12 1 8
H 10 2 1 2
H 18 2 1 2
V 2 2 10 1
H 5 2 1 2
V 2 2 18 1
V 13 17 6 1
H 16 2 1 16
V 14 19 4 1
V 16 6 2 1
H 16 2 1 18
V 17 16 2 1
V 14 14 4 6
H 16 13 4 2
V 10 14 10 1
V 10 14 8 1
V 15 2 2 9
H 17 9 1 4
V 15 4 2 1
H 16 4 2 16
V 14 16 6 2
V 14 2 4 8
V 15 18 2 1
H 16 4 2 16
V 12 16 8 1
H 9 2 4 6
V 7 4 12 1
H 18 4 1 14
V 18 13 2 1
H 18 5 1 14
H 3 9 1 2
V 2 9 4 1
V 9 9 2 1
V 0 9 10 1
V 8 2 2 1
H 9 1 1 12
V 9 11 2 1
V 4 2 16 2
H 17 2 1 14
V 17 2 2 1
V 17 9 2 1
H 17 2 1 18
V 13 14 4 3
H 13 15 2 2
H 16 12 1 8
V 12 14 8 2
V 14 15 2 1
H 16 10 1 2
H 15 14 3 4
V 14 16 2 1
H 17 8 1 2
V 15 11 2 1
H 16 13 1 2
H 6 12 1 2
H 17 12 1 2
H 16 9 3 8
V 15 14 2 3
H 16 11 1 8
V 12 14 2 1
V 16 17 2 1
H 3 0 1 2
H 2 1 2 4
V 2 1 10 2
V 10 1 2 1
H 5 0 1 2
V 2 1 18 1
H 16 1 1 12
H 16 1 2 16
V 14 14 6 2
V 2 0 16 1
H 2 0 5 2
V 2 1 10 1
V 2 1 18 1
V 15 12 2 1
V 17 7 2 1
H 16 1 2 12
V 13 15 6 1
V 16 2 2 1
H 16 1 1 16
V 13 14 6 2
H 16 16 1 2
V 1 5 2 8
V 0 5 14 2
V 9 6 2 1
H 9 1 1 8
V 5 1 14 1
V 16 4 2 1
H 16 1 1 14
V 16 12 2 1
V 15 15 2 1
H 16 1 1 16
V 15 16 2 1
H 1 5 5 8
V 1 6 12 3
V 8 11 2 1
H 9 1 1 12
V 2 1 14 1
H 2 0 5 2
V 2 0 16 1
H 5 0 2 2
V 2 0 18 1
H 16 10 2 6
V 15 15 2 1
V 15 8 4 6
H 16 9 1 8
H 2 0 2 4
H 2 0 5 2
V 2 0 16 1
V 3 0 16 1
V 10 3 2 5
H 9 4 4 2
V 4 4 16 1
H 15 4 5 8
H 18 5 2 8
V 1 3 2 2
H 2 1 2 4
H 2 0 2 4
V 2 0 14 1
V 2 0 16 1
V 0 13 10 1
H 9 2 1 12
H 9 1 1 12
V 3 1 14 1
H 16 7 1 2
V 2 1 2 1
H 16 1 1 14
V 15 10 2 1
H 16 2 1 14
V 17 8 2 1
V 18 4 2 8
H 10 11 1 2
V 14 9 4 4
H 18 13 1 2
H 17 12 2 2
V 17 12 2 1
H 18 11 1 2
V 16 1 2 10
H 17 5 1 8
V 4 11 6 1
H 9 1 1 12
H 9 1 4 8
V 5 1 14 1
H 16 1 1 12
H 16 1 1 14
V 17 11 2 1
H 14 9 1 2
H 19 9 1 2
H 17 2 1 10
V 17 6 2 1
V 15 1 2 1
V 15 12 2 1
V 16 1 2 9
H 16 3 1 10
H 9 4 5 4
V 11 3 6 2
H 15 1 2 10
V 14 9 6 1
V 12 1 8 1
H 14 1 2 12
H 14 2 2 12
V 6 5 8 1
V 8 4 2 1
H 9 1 5 8
H 5 1 1 2
V 2 1 14 1
H 2 0 2 4
H 1 2 1 2
H 3 2 1 2
H 4 2 1 2
V 0 3 4 2
H 0 0 2 4
H 0 0 1 2
V 13 0 2 1
H 1 2 1 2
V 0 3 4 2
H 2 1 2 4
V 2 1 8 2
H 3 1 1 2
H 10 1 1 2
V 2 1 18 1
V 14 7 2 1
H 15 1 1 12
H 18 7 1 4
V 14 7 6 1
H 14 5 5 6
H 14 12 1 2
V 14 1 2 12
H 14 10 1 4
H 0 2 1 2
H 2 2 2 2
H 3 3 1 2
V 0 3 4 2
H 0 1 1 4
V 11 4 2 1
H 14 4 1 2
V 12 1 4 4
H 15 8 1 4
V 13 4 2 1
H 14 2 2 8
V 14 5 2 1
H 15 1 1 12
V 7 10 2 1
H 7 11 1 2
V 5 10 6 2
H 8 9 1 2
H 16 9 1 2
H 9 1 2 12
V 4 1 10 4
V 8 1 12 1
H 4 1 13 4
H 4 0 3 4
V 4 0 6 1
H 6 0 1 2
V 2 0 12 1
V 0 4 2 1
V 2 0 10 1
H 2 0 4 2
V 3 1 12 1
H 1 2 1 2
H 8 2 1 2
H 3 0 1 2
V 2 1 16 2
V 17 7 2 1
H 17 1 1 8
V 16 3 2 1
V 17 6 2 1
H 17 2 1 8
H 6 11 1 2
V 2 7 8 5
H 9 1 1 12
H 9 3 4 4
V 8 4 2 1
V 4 1 14 4
H 6 0 1 2
H 14 1 3 8
H 17 7 1 2
V 14 4 6 4
V 2 2 2 3
H 2 1 2 4
V 1 4 2 1
V 6 0 2 1
V 5 0 2 2
V 2 0 10 1
V 5 1 14 3
H 18 1 1 2
V 10 2 2 1
H 11 1 1 6
V 2 2 18 1
H 2 2 2 2
V 0 3 4 1
V 0 6 4 7
H 3 6 1 2
H 6 6 1 2
V 0 6 14 1
H 9 2 1 8
V 9 3 2 1
V 3 1 14 2
H 15 8 1 2
H 14 1 3 8
V 14 6 6 1
V 18 5 2 1
H 2 0 2 4
V 16 3 4 1
H 4 1 14 4
H 9 4 4 4
V 8 4 10 1
H 17 2 1 6
V 4 3 16 1
H 4 2 1 2
V 2 1 4 2
H 2 1 1 4
V 8 1 6 1
V 5 1 4 4
V 4 4 16 1
V 15 8 2 1
H 16 1 1 8
V 2 1 2 1
V 2 3 2 1
H 4 0 1 2
H 4 1 2 4
V 3 2 4 1
H 3 1 1 4
V 5 3 14 1
V 12 2 6 3
V 16 6 2 1
H 3 1 1 2
H 15 1 1 2
H 14 2 3 6
V 15 4 4 2
H 12 2 2 12
V 10 1 6 4
V 14 2 2 1
H 15 1 1 8
H 11 2 1 12
V 11 4 4 1
H 9 2 5 6
H 9 2 1 2
V 6 2 12 1
V 3 9 6 1
V 8 5 2 9
V 8 11 2 1
H 9 2 2 12
H 11 3 1 4
V 8 5 4 3
H 9 3 4 6
V 4 4 16 1
H 15 2 2 4
V 15 3 2 4
H 16 5 1 2
H 4 1 6 2
H 11 1 1 2
H 5 1 1 2
V 3 2 10 1
H 3 2 1 2
V 14 7 2 1
V 4 4 12 1
H 15 1 1 6
V 9 2 2 1
V 9 7 2 1
H 9 2 1 12
H 9 1 1 6
V 2 2 14 1
V 12 2 4 3
H 15 2 1 2
V 11 3 2 1
H 9 4 5 2
V 4 3 10 1
V 11 3 4 2
V 14 5 2 1
H 14 2 1 6
V 4 1 10 4
V 4 1 6 4
V 5 2 2 1
V 1 6 2 6
V 0 8 14 1
V 8 2 2 1
V 8 10 2 1
V 9 7 2 1
H 9 1 1 12
V 4 2 8 3
V 6 2 4 1
H 5 0 2 4
V 6 1 8 1
V 5 1 6 1
H 9 2 4 6
V 5 2 10 2
H 15 3 1 2
V 5 6 6 1
H 9 3 2 4
V 5 4 12 1
V 8 7 4 2
V 9 2 2 1
H 9 1 1 12
V 5 2 8 3
V 0 7 14 2
H 9 1 1 12
V 6 1 6 1
H 4 5 4 8
V 2 7 12 2
V 12 9 2 1
H 13 2 1 12
V 13 4 2 1
H 7 3 2 2
H 13 3 1 2
V 4 4 6 1
H 10 8 1 2
V 2 8 12 1
V 11 7 2 1
H 12 4 2 10
V 10 8 2 1
H 11 2 1 12
H 10 3 3 4
V 9 4 6 1
H 12 5 1 2
V 1 5 12 1
H 9 1 1 8
V 7 1 4 1
V 11 2 2 1
H 9 1 2 2
V 7 3 2 1
V 8 2 4 3
V 11 3 2 1
H 11 4 1 2
V 10 5 2 4
V 10 7 2 1
H 9 1 2 10
V 12 5 2 8
H 12 3 1 2
H 11 4 2 10
V 10 5 4 3
H 13 4 1 2
V 8 1 2 1
V 8 5 2 1
V 5 6 6 5
H 9 2 2 8
H 8 2 1 2
V 7 2 4 1
H 13 11 1 2
H 9 12 1 2
V 10 3 2 6
H 9 2 2 6
H 9 4 4 2
V 6 4 6 1
V 9 4 4 1
H 13 7 1 2
H 13 5 1 6
H 13 5 1 2
V 7 7 6 1
V 8 3 2 1
H 9 2 1 10
V 8 2 2 1
V 0 5 6 7
V 0 5 12 1
H 9 3 2 4
H 9 4 3 2
V 7 3 4 2
H 12 6 1 6
H 12 5 1 6
H 9 6 1 2
V 9 7 2 7
V 8 4 2 1
H 9 2 1 10
H 2 11 1 2
H 0 8 11 4
H 11 8 1 2
V 6 8 8 1
H 13 7 1 4
V 0 8 8 5
V 0 8 14 1
H 11 5 1 8
V 12 7 2 1
V 11 6 2 5
H 12 6 1 4
V 5 11 4 1
V 4 5 6 7
H 9 3 1 8
H 0 10 1 2
H 3 10 1 2
V 3 9 2 1
V 0 8 8 3
V 1 9 10 1
H 10 4 1 10
H 10 8 1 2
V 6 6 6 3
H 8 8 1 2
V 6 8 8 1
V 3 5 4 7
H 10 6 1 4
V 1 8 12 1
H 12 8 1 2
H 9 4 1 2
V 5 13 6 1
H 10 6 1 8
H 9 5 2 8
V 9 8 2 2
H 6 6 5 4
V 6 7 6 2
H 11 7 1 2
V 7 8 6 1
H 8 6 1 2
H 6 5 4 4
V 6 5 2 1
V 7 5 2 9
H 8 5 1 2
V 2 6 4 1
V 0 6 10 1
V 2 11 6 1
H 5 10 3 4
V 0 13 10 1
V 8 11 2 1
H 8 6 1 8
V 6 11 2 1
V 7 7 4 6
H 10 7 1 4
H 9 12 1 2
V 8 8 2 5
V 8 10 2 1
H 9 7 1 2
V 9 8 2 4
H 10 11 1 2
H 8 6 1 2
H 7 6 1 4
V 6 7 2 7
V 5 6 2 1
H 6 12 1 2
H 6 5 1 8
V 0 8 6 4
V 0 8 10 1
V 5 10 2 1
H 5 5 1 8
V 6 9 2 1
V 6 13 2 1
H 5 6 2 8
V 3 13 6 1
V 6 11 2 1
V 4 8 4 2
H 4 5 2 6
H 6 9 1 2
V 1 8 8 2
H 7 10 2 2
V 6 10 4 1
V 7 12 2 1
V 5 9 2 1
H 6 8 2 6
V 4 13 2 1
V 7 9 2 1
H 6 12 1 2
H 7 10 1 2
H 2 5 2 4
V 3 6 2 7
H 4 6 1 2
V 2 9 6 2
H 6 8 1 4
H 0 10 5 2
H 3 9 1 2
V 1 10 8 1
V 0 5 2 8
V 1 5 2 1
V 1 11 2 1
V 5 9 2 3
H 6 10 1 2
H 1 6 1 2
H 1 7 4 6
H 3 6 1 2
V 3 7 2 1
V 1 6 2 7
H 2 7 1 2
V 0 8 6 3
H 5 8 1 2
H 2 10 1 2
H 1 7 1 2
H 1 9 5 4
H 3 9 1 2
V 2 10 6 1
H 4 11 1 2
V 4 11 2 1
V 0 6 2 6
H 0 5 2 2
V 1 7 2 1
V 2 7 2 6
H 2 6 1 2
H 2 7 1 4
V 0 9 6 2
H 4 8 1 4
V 2 8 2 5
H 3 8 1 2
V 1 7 2 6
H 1 6 1 4
V 1 11 4 1
V 3 10 2 1
H 3 9 1 4
V 1 9 2 1
V 3 10 2 1
V 0 9 4 3
V 0 10 6 1
V 2 11 2 1
V 1 9 2 3
V 0 8 2 1
H 1 7 1 6
V 0 8 2 2
V 0 11 2 1
H 0 10 1 2
H 0 9 2 2
V 1 10 2 1
H 0 7 1 2
H 0 10 1 2
