H 0 8 1 2
V 15 0 2 1
H 2 1 1 2
H 13 1 1 2
V 10 17 2 1
H 5 9 1 2
H 8 9 1 2
V 3 10 10 3
V 11 8 2 1
V 11 13 2 1
V 11 17 2 1
H 12 0 1 20
V 12 2 4 1
V 14 0 2 1
V 10 0 10 3
H 18 2 2 14
V 18 8 2 1
H 19 0 1 20
V 18 1 2 1
V 13 1 6 8
V 13 4 2 1
V 14 2 6 8
H 18 7 2 4
H 19 1 1 18
V 5 8 2 1
H 8 11 1 2
H 6 0 3 12
H 6 10 1 2
V 8 8 2 1
V 4 7 6 4
H 9 0 2 14
V 9 0 8 1
V 9 0 10 2
H 18 0 1 18
V 17 0 2 1
H 18 0 1 20
V 11 4 2 1
H 9 0 3 12
V 9 0 10 3
V 10 0 10 2
H 18 0 2 16
H 18 0 2 18
H 8 5 1 2
H 6 7 1 2
H 2 6 7 2
V 2 8 6 1
H 5 5 1 2
V 0 7 12 3
H 9 0 2 14
V 9 0 8 1
V 10 0 10 2
H 18 17 1 2
H 18 0 1 18
H 18 1 1 18
V 1 7 12 8
H 12 0 1 14
V 9 2 2 1
V 10 0 10 3
H 16 0 2 18
H 17 0 1 20
V 18 8 2 1
H 19 0 1 16
H 19 1 1 16
H 7 0 1 8
V 7 7 4 7
V 10 11 2 1
H 9 0 2 14
V 10 13 2 1
V 9 0 8 1
H 17 1 1 2
V 10 0 10 2
H 11 1 1 2
H 18 0 1 16
H 18 0 1 18
V 9 15 4 5
H 12 0 1 20
H 7 0 1 10
H 11 0 2 10
V 11 0 8 2
H 16 0 1 18
V 16 4 2 1
H 16 0 1 20
H 9 18 1 2
V 1 15 10 4
V 1 16 12 2
V 11 5 2 1
V 11 7 2 1
H 7 17 1 2
H 12 0 1 20
V 10 0 2 1
V 10 2 2 1
V 12 2 2 1
H 11 0 2 12
V 10 0 10 2
H 17 8 1 2
H 16 0 2 18
H 16 8 1 6
H 16 1 2 18
H 18 7 1 10
V 17 8 2 1
V 16 2 2 16
H 10 9 1 6
H 10 6 1 2
V 5 7 6 7
H 10 0 3 14
V 10 0 10 2
H 14 0 2 18
V 15 2 2 1
V 13 0 2 1
H 14 0 2 20
H 5 6 1 2
H 10 6 1 2
V 0 7 12 4
V 1 9 12 3
V 11 6 2 1
H 12 0 1 20
V 12 0 8 2
H 16 0 1 18
H 16 1 1 18
V 3 16 10 4
H 12 9 1 2
H 12 0 1 20
H 12 0 1 18
V 12 0 4 1
V 10 0 10 1
H 19 0 1 14
H 19 0 1 16
H 13 7 3 12
V 16 3 2 1
V 15 0 2 11
V 16 6 2 1
H 16 0 1 18
V 9 3 2 1
V 12 1 2 1
H 10 4 1 2
H 10 0 3 10
V 9 4 2 1
V 10 0 10 1
V 16 4 2 1
H 17 0 1 16
H 17 0 1 2
H 16 1 2 16
V 11 15 2 5
H 12 0 1 20
V 12 2 2 1
H 12 0 1 10
V 11 0 4 1
V 10 0 10 1
H 19 0 1 14
H 19 1 1 14
H 11 0 1 2
H 10 1 3 14
H 10 0 3 14
V 10 0 6 1
V 15 6 2 1
V 13 4 2 1
H 14 0 2 18
H 14 0 1 20
H 19 10 1 2
V 17 11 2 1
H 18 7 2 6
H 17 2 1 2
V 14 3 6 7
V 13 0 4 10
V 13 4 2 1
H 13 0 1 20
V 11 3 2 1
V 11 9 2 1
H 12 0 1 8
V 12 0 4 3
H 15 2 1 8
V 10 0 10 3
H 18 0 2 12
H 18 0 2 14
V 16 0 2 2
V 17 10 2 1
H 16 0 2 14
V 15 4 2 1
V 15 8 2 1
H 16 0 2 16
V 0 9 8 6
V 1 11 12 1
H 12 0 1 20
V 9 0 8 2
H 16 0 1 14
V 16 0 2 1
H 16 1 1 16
V 5 0 2 1
V 3 0 6 2
V 6 0 2 1
H 6 0 1 12
V 6 7 6 1
H 9 0 2 14
V 9 0 10 1
H 14 8 1 2
V 13 14 2 1
H 14 0 1 18
H 13 1 2 18
H 16 10 1 6
V 13 14 2 1
H 14 4 1 14
V 14 8 2 1
V 15 0 2 9
V 16 1 2 1
H 14 1 2 16
V 17 1 2 1
V 15 5 2 1
H 18 11 1 2
V 16 0 4 12
H 16 0 2 14
H 16 1 2 14
V 10 11 2 1
H 8 0 1 10
V 8 7 2 1
V 9 13 2 1
H 9 0 1 14
V 12 0 2 1
H 11 1 1 2
V 9 0 8 2
H 13 0 1 18
H 13 1 1 18
V 11 16 2 4
H 12 0 1 20
H 19 11 1 2
V 16 12 2 2
H 7 12 1 2
H 17 12 1 2
V 17 0 2 12
H 18 1 1 12
H 16 3 1 12
H 15 3 1 6
V 13 7 6 4
H 15 0 1 16
V 1 0 2 5
V 0 0 8 5
V 5 2 2 1
V 6 6 2 1
H 6 0 1 12
V 6 10 2 1
H 9 6 1 2
V 4 7 6 6
V 8 9 2 1
H 9 0 1 14
V 13 1 2 1
H 10 2 1 2
V 9 0 10 3
H 17 0 1 2
V 10 0 10 1
H 15 0 5 10
H 18 5 1 2
H 17 0 3 12
H 16 9 2 4
H 17 10 1 2
V 15 3 2 1
V 16 1 4 10
H 4 9 1 2
H 19 9 1 2
V 7 15 6 5
V 9 17 2 1
V 11 7 2 1
V 11 16 2 1
H 12 0 1 20
V 11 8 2 1
V 11 13 2 1
H 12 0 1 10
V 12 0 2 1
H 13 0 1 16
V 13 1 2 1
V 13 4 2 1
H 13 1 1 16
H 16 0 1 6
V 9 0 8 1
V 12 2 2 1
H 12 0 1 18
H 12 0 1 20
V 1 17 12 3
H 1 18 1 2
H 5 18 1 2
V 0 19 12 1
V 5 16 2 4
V 1 16 12 4
H 4 15 1 2
H 9 15 1 2
V 11 11 2 1
H 12 0 1 20
H 9 0 4 12
V 12 0 6 3
H 4 6 1 2
H 15 6 1 2
V 17 2 2 1
H 14 0 2 14
H 14 1 2 14
V 3 0 4 5
V 3 15 4 1
H 0 15 4 4
H 1 16 4 4
V 13 6 2 1
V 14 6 6 4
H 15 4 5 6
H 18 9 1 2
H 7 3 2 8
H 7 10 1 2
V 7 7 4 4
H 9 0 4 14
V 9 0 10 3
H 14 0 2 14
V 10 1 8 1
H 14 1 1 14
H 0 5 5 4
V 1 7 12 3
H 9 0 2 14
V 10 0 10 3
H 14 0 2 12
H 14 0 2 14
H 6 3 2 6
H 8 6 1 2
V 5 7 6 5
H 9 0 1 14
V 9 0 8 2
H 13 0 1 14
H 13 0 1 16
V 18 2 2 1
V 13 2 6 8
V 16 10 2 1
V 13 0 4 11
H 13 1 1 14
V 12 0 2 3
H 12 1 1 12
H 12 0 1 20
V 1 16 12 3
V 0 17 12 2
V 15 9 2 2
H 13 9 3 4
V 11 8 2 1
H 12 8 1 12
H 4 16 1 2
V 1 17 12 2
H 6 16 1 2
V 1 17 10 2
H 2 1 7 2
H 6 1 2 14
V 3 9 10 1
H 12 0 1 20
V 3 19 10 1
H 8 17 1 2
V 2 18 10 2
H 4 16 1 2
V 0 15 8 2
V 1 15 12 2
H 12 0 1 20
H 12 0 1 10
V 12 0 2 1
V 10 0 10 1
H 18 0 2 8
H 19 3 1 2
H 18 0 1 10
V 10 16 2 1
V 9 15 4 5
V 11 7 2 1
V 11 19 2 1
H 12 0 1 20
V 11 1 2 1
H 12 0 1 10
V 12 0 2 3
V 13 3 2 1
H 13 0 1 14
V 13 3 2 1
H 13 1 1 14
V 13 3 2 10
H 13 10 1 4
V 2 18 2 1
H 3 18 1 2
H 15 10 1 2
V 3 1 6 4
V 5 4 2 1
H 6 0 2 8
V 1 7 12 1
H 12 1 1 18
V 1 15 12 2
H 4 16 1 2
H 10 16 1 2
V 11 5 2 1
V 11 16 2 1
V 0 16 12 1
V 17 6 2 1
V 16 1 2 8
H 17 5 1 4
V 15 7 2 1
V 14 0 2 11
V 13 7 6 1
H 5 17 1 2
V 4 18 8 2
V 3 3 2 1
V 3 16 2 1
H 7 15 1 2
H 4 16 6 4
H 2 15 4 2
V 0 15 8 1
V 11 16 2 4
H 12 0 1 20
H 12 0 1 18
V 12 0 2 2
H 13 0 2 12
V 13 8 2 1
H 13 1 1 12
V 16 5 4 1
H 16 0 3 6
V 9 0 10 2
H 12 0 1 14
H 12 0 1 20
V 3 16 10 2
V 2 17 10 1
H 13 4 1 8
H 5 18 1 2
V 14 9 2 1
V 5 16 8 1
V 11 0 2 1
V 11 15 2 1
H 12 0 1 20
H 11 0 2 12
V 11 1 2 1
V 11 4 2 1
V 12 0 8 2
H 18 1 1 2
H 16 0 1 8
H 15 1 2 8
H 9 17 1 2
V 6 18 6 2
V 7 15 6 5
H 12 0 1 20
H 11 1 2 14
V 12 0 6 3
H 4 3 1 2
H 15 3 1 2
H 13 0 4 8
V 13 5 6 2
V 18 2 2 1
V 18 4 2 1
H 14 8 1 2
V 14 5 2 4
H 13 5 5 2
V 13 5 6 1
V 3 14 10 1
H 12 12 1 6
V 5 16 8 2
V 4 16 8 2
H 16 6 1 2
V 11 16 2 1
H 12 0 1 20
H 12 0 1 12
V 12 0 2 3
H 13 0 1 10
H 13 1 1 10
V 6 19 2 1
H 4 7 1 2
H 14 7 1 2
V 0 7 8 1
H 2 6 1 2
V 0 7 12 1
H 9 0 2 14
V 9 0 10 1
H 13 0 3 8
H 14 2 1 4
H 14 1 2 8
V 7 8 6 3
H 12 3 1 16
V 3 16 10 1
V 3 16 8 1
V 2 10 4 5
V 0 13 12 2
H 10 1 3 14
H 10 0 3 10
V 9 2 10 1
H 15 3 1 2
H 15 0 1 8
V 14 6 4 1
V 13 6 2 1
V 14 0 2 8
H 13 5 2 4
V 10 0 2 1
V 11 7 2 1
H 12 0 1 16
H 11 0 1 2
H 17 0 1 2
H 10 2 1 2
V 10 1 10 2
H 17 0 1 2
H 16 0 2 6
V 11 12 2 1
H 12 10 1 10
V 7 17 6 3
H 10 17 1 2
V 7 18 4 2
V 6 18 2 1
V 10 1 2 1
V 11 0 4 3
H 10 0 3 12
V 11 14 2 1
H 12 0 1 20
V 5 17 8 1
V 5 17 6 1
V 1 7 10 1
H 12 3 1 6
V 1 7 12 2
V 11 19 2 1
H 12 2 1 18
V 5 15 8 2
V 4 15 8 2
H 5 15 1 2
V 6 17 2 1
V 10 2 10 1
H 18 1 1 2
H 13 7 1 2
V 16 4 2 1
V 1 12 12 3
V 11 4 2 1
V 11 16 2 1
H 12 6 1 14
V 9 15 4 5
V 8 15 4 5
V 13 7 2 1
V 7 18 2 1
H 8 17 1 2
V 10 0 6 3
H 13 1 5 2
H 9 0 3 6
H 13 0 3 6
H 13 5 1 2
H 12 14 1 6
V 7 16 6 2
H 7 15 1 2
V 6 16 6 1
H 13 1 1 2
H 17 1 1 2
V 9 2 10 1
V 16 1 2 1
H 15 1 2 4
V 13 6 2 1
H 4 6 1 2
H 1 5 8 4
V 1 7 12 1
H 11 0 2 14
V 14 2 4 1
V 9 0 8 3
V 16 1 2 1
V 12 1 4 1
V 11 6 2 1
H 12 1 1 16
V 11 6 2 1
H 12 0 1 20
V 10 0 2 13
V 10 19 2 1
V 9 17 4 3
V 9 19 2 1
V 6 15 2 1
V 9 1 8 1
H 15 0 1 2
V 7 16 2 1
H 12 0 1 20
H 11 0 2 12
V 9 1 8 1
V 9 0 6 1
V 12 1 2 1
H 12 0 1 14
V 11 18 2 1
H 12 0 1 20
V 9 15 4 3
V 11 17 2 2
V 8 15 4 3
H 10 17 1 2
H 8 15 5 2
V 7 15 2 1
V 8 15 4 2
V 14 1 2 1
V 13 1 2 4
H 13 2 1 4
H 11 0 2 4
V 9 2 8 1
H 15 2 1 2
H 11 1 2 10
H 11 0 1 2
V 10 1 6 2
H 8 6 1 2
H 12 14 1 2
V 5 7 8 8
H 12 8 1 12
V 11 19 2 1
V 0 5 8 3
H 11 7 1 4
V 1 7 12 2
H 11 0 2 10
H 11 1 1 2
H 10 2 1 6
H 9 1 1 4
V 9 2 8 1
V 10 18 2 1
V 11 18 2 1
H 13 3 1 2
V 13 3 2 1
H 9 15 3 2
V 8 15 4 1
V 10 0 4 3
H 10 0 1 2
H 9 1 6 2
H 13 0 1 2
H 13 1 1 4
H 11 17 1 2
V 10 15 2 1
V 10 17 2 1
V 0 0 2 1
V 0 3 2 1
V 1 2 8 2
V 6 12 2 1
H 6 3 1 12
V 1 9 12 1
V 12 1 2 1
H 12 0 1 20
H 11 16 1 2
V 3 13 10 1
H 12 12 1 4
V 9 15 4 1
H 10 15 1 2
H 6 3 3 6
V 3 7 10 1
H 12 0 1 14
V 11 7 2 1
V 11 9 2 1
V 0 8 12 2
H 12 8 1 6
H 4 7 1 2
V 1 8 12 1
H 12 4 1 14
V 10 15 2 1
V 9 15 4 1
V 9 15 2 1
V 0 10 10 1
V 0 10 12 1
H 11 1 1 14
H 9 1 4 4
V 10 1 4 2
V 9 1 4 2
V 0 1 8 2
H 0 2 1 2
V 0 1 6 2
V 12 2 2 1
H 8 1 1 12
V 6 7 6 1
H 11 0 1 14
V 1 0 2 1
H 2 0 1 2
V 1 1 8 3
V 1 1 2 1
H 6 2 3 6
V 1 2 8 3
V 3 2 6 1
V 0 2 4 1
V 11 3 2 8
H 12 10 1 6
H 11 2 2 10
V 4 7 4 7
V 1 12 12 2
H 12 10 1 2
H 12 11 1 6
V 11 15 2 1
H 0 6 7 2
H 12 3 1 8
V 1 7 12 1
H 10 0 1 14
V 8 7 4 6
H 10 6 1 2
H 10 1 2 12
H 11 2 1 12
H 6 3 1 4
V 5 5 2 1
H 6 0 2 10
V 2 1 2 1
V 7 7 2 1
V 3 0 6 4
V 6 7 2 1
H 7 8 1 2
V 7 7 6 2
H 9 13 1 2
H 9 0 1 14
V 9 2 2 1
V 5 4 2 1
H 6 0 2 14
H 7 2 1 4
V 1 3 8 1
V 0 3 6 2
V 0 7 10 7
V 1 10 12 1
H 12 6 1 10
H 10 2 1 2
V 9 8 2 1
H 10 3 2 6
H 8 0 1 12
V 3 2 6 2
V 2 2 6 1
H 8 0 1 2
V 0 5 4 4
H 4 5 1 2
V 1 6 8 1
H 6 3 1 6
V 1 3 8 1
V 1 3 2 1
V 3 2 6 2
V 2 3 2 1
V 2 13 2 1
H 7 4 1 2
H 4 1 5 4
V 5 1 4 4
H 5 0 3 4
H 4 3 1 2
H 10 3 1 2
V 1 4 8 1
V 1 4 2 1
V 3 10 10 4
H 11 13 1 2
V 11 5 2 1
V 11 7 2 7
V 11 10 2 1
H 9 4 3 10
H 9 4 3 4
H 3 2 1 2
V 2 12 10 2
V 9 5 2 1
V 9 13 2 1
H 9 2 1 12
V 9 4 2 1
H 9 2 1 8
H 5 1 3 2
V 4 2 2 1
V 5 10 6 5
V 7 2 2 1
V 7 8 2 1
H 11 5 1 2
H 8 3 1 2
H 9 3 1 2
V 5 1 2 1
H 5 7 1 2
V 0 7 12 1
H 6 7 1 2
H 7 1 1 12
V 11 6 2 1
H 5 9 1 2
V 5 6 2 4
H 6 1 1 14
V 2 12 10 2
V 4 12 6 3
V 5 4 2 1
V 6 5 2 1
H 6 1 1 14
H 6 3 2 6
V 2 4 6 1
V 2 4 2 1
H 4 3 1 2
V 10 12 2 1
V 9 5 2 5
V 10 6 2 1
V 3 5 4 10
H 6 1 1 10
H 10 6 1 8
H 10 5 1 8
H 12 10 1 2
H 0 10 10 4
H 7 7 1 4
V 4 4 2 1
V 4 8 2 1
V 5 7 4 2
H 6 6 1 2
H 6 4 3 6
H 6 2 1 8
V 6 9 2 1
V 7 9 6 1
H 9 5 1 8
H 0 7 11 6
H 10 7 1 2
V 3 5 2 1
V 3 10 2 1
H 4 6 1 2
V 4 8 8 4
V 9 9 4 2
V 10 8 2 1
V 5 8 6 5
H 6 3 2 12
H 4 7 1 2
V 0 8 8 4
H 6 3 1 10
V 5 3 2 1
V 5 8 2 1
H 3 10 1 2
V 2 10 8 1
H 6 9 1 6
H 4 7 5 8
V 0 5 8 4
H 7 8 1 2
H 6 4 2 4
V 5 4 2 1
H 7 4 1 2
V 4 8 6 1
V 3 9 8 1
V 9 8 2 1
H 9 6 1 6
H 0 11 5 4
H 5 12 1 2
V 0 12 10 1
H 6 3 1 12
V 5 9 4 1
V 5 13 4 1
H 6 5 2 8
V 4 8 8 1
H 9 7 1 4
V 0 9 10 2
H 2 9 1 2
V 1 9 12 1
H 9 10 1 2
V 5 8 6 2
H 10 9 1 2
V 6 9 6 1
H 6 7 1 8
V 4 12 2 1
V 5 7 4 6
V 7 6 2 1
H 8 6 1 6
V 5 11 4 1
V 5 6 2 6
V 0 10 2 1
H 1 9 5 6
H 7 6 1 2
H 4 7 5 4
V 7 9 4 1
V 2 5 2 7
V 0 6 8 4
H 3 6 5 4
V 1 6 6 4
H 0 5 2 2
H 6 5 1 2
V 3 5 2 10
H 4 5 1 4
V 1 7 8 1
H 8 8 1 2
H 5 5 1 4
V 2 6 4 2
H 5 5 1 2
V 0 11 4 1
V 0 10 8 2
V 0 11 6 1
H 4 6 1 6
V 4 6 2 1
H 4 5 1 10
H 2 6 3 6
H 6 7 1 6
V 0 9 8 2
V 6 10 2 1
H 6 7 1 6
V 1 11 2 1
V 0 7 2 7
V 0 7 6 3
H 2 5 3 4
V 2 8 4 3
V 5 10 2 1
H 4 7 2 6
V 4 9 2 1
V 3 10 2 1
V 3 9 2 4
V 0 10 4 1
H 2 9 2 6
H 4 6 1 2
V 1 9 2 1
V 2 5 2 5
H 2 5 2 6
V 0 7 6 3
H 5 7 1 2
V 0 11 4 1
V 0 11 6 1
V 1 11 4 1
V 0 7 2 6
H 0 11 2 4
V 1 5 2 1
V 0 6 4 3
V 0 8 6 1
H 4 7 1 4
V 3 9 4 1
V 1 8 2 1
V 2 8 2 2
V 2 11 2 1
H 0 8 3 2
H 0 5 1 2
H 2 5 1 2
H 2 6 1 8
H 2 8 1 4
V 0 9 6 2
H 1 7 1 2
H 4 7 1 2
H 1 12 1 2
V 3 10 2 1
H 0 6 2 2
H 1 10 1 2
V 1 11 2 1
V 1 7 2 1
V 0 6 2 6
H 1 9 1 4
H 2 8 1 2
V 0 9 4 1
H 1 6 1 6
H 1 8 1 2
V 0 9 2 3
H 1 10 1 2
V 1 9 2 1
H 1 7 1 4
V 2 9 2 1
H 0 7 1 2
V 0 8 2 1
H 0 8 1 2
H 0 9 1 2
