H 5 8 1 2
H 8 12 1 2
V 6 4 2 1
V 12 13 2 1
V 5 15 6 1
V 17 9 2 1
H 3 1 1 2
V 5 3 2 1
H 6 1 1 16
H 15 17 1 2
V 14 13 4 1
V 3 16 16 2
V 13 13 2 1
H 14 0 1 20
H 14 11 1 2
H 16 5 1 2
H 14 0 6 12
V 0 0 20 1
V 0 0 8 1
V 3 1 2 1
H 1 1 3 12
H 2 18 1 2
V 2 6 2 1
H 1 1 2 18
V 0 16 6 4
H 14 16 1 2
H 7 12 1 6
V 0 16 18 1
V 13 19 2 1
H 14 0 1 20
H 14 0 2 12
V 1 0 18 1
V 1 0 8 1
V 6 3 2 1
V 5 1 4 14
V 6 13 2 1
H 7 1 2 18
V 6 1 2 1
V 5 13 14 1
V 14 1 2 1
H 14 0 1 20
H 14 5 1 2
H 14 0 6 6
H 18 0 1 2
V 2 0 18 1
V 2 0 6 1
H 6 15 1 2
V 0 16 12 4
H 0 2 2 18
H 1 1 1 18
V 0 1 2 1
H 1 16 1 2
H 0 13 3 4
V 9 18 2 1
V 0 16 10 4
V 1 16 18 1
V 14 7 2 1
H 14 0 1 20
V 8 0 8 1
H 14 0 1 12
V 4 0 16 1
V 3 0 6 1
V 7 1 2 1
H 5 1 3 18
V 0 16 10 2
H 0 2 2 18
H 0 2 3 10
V 14 0 2 16
H 14 0 3 12
H 14 0 1 20
H 16 16 1 2
V 1 16 18 1
V 1 16 8 2
V 0 19 2 1
H 1 2 1 18
V 1 1 2 1
V 1 16 2 1
H 1 1 1 12
H 5 10 7 4
V 5 13 12 3
H 14 0 1 20
H 14 0 5 6
V 4 0 16 1
V 4 0 4 1
V 7 11 2 1
H 8 6 3 12
V 10 8 2 1
H 3 12 1 6
V 2 16 14 1
H 1 2 2 18
V 1 9 2 1
V 2 1 2 1
H 2 1 1 12
V 6 12 2 7
H 14 15 1 2
V 5 15 14 1
V 14 16 2 1
H 14 0 1 20
H 19 0 1 20
V 14 0 2 1
H 14 0 1 10
H 14 9 1 2
V 5 0 14 1
V 5 0 4 1
H 17 6 1 2
V 14 7 4 5
H 14 2 1 16
V 0 16 18 1
V 0 16 8 1
H 1 2 2 18
H 1 2 2 10
H 19 3 1 2
V 14 4 6 7
V 14 1 4 9
V 14 14 2 1
H 14 4 1 16
V 0 16 18 1
H 0 15 1 2
H 5 17 1 2
V 0 16 10 2
H 0 4 3 16
V 1 3 2 1
V 1 5 2 1
H 0 3 2 10
V 3 5 2 1
V 3 8 2 1
H 2 3 1 2
V 0 4 4 11
H 2 2 1 10
H 1 3 1 2
H 2 11 1 2
V 0 4 2 11
V 1 5 4 3
H 3 1 2 12
H 9 10 2 2
V 6 7 8 4
H 9 5 1 14
V 0 16 16 1
V 0 8 2 1
H 1 3 1 16
V 3 7 2 1
H 1 3 3 10
H 18 4 1 2
V 17 9 2 1
H 14 0 4 16
H 14 0 3 14
H 15 0 1 16
V 8 0 12 1
V 7 0 6 1
H 18 0 1 14
H 5 14 1 2
H 14 14 1 2
V 5 13 14 2
H 6 12 1 2
H 5 13 9 6
H 7 16 1 2
H 7 18 1 2
V 3 16 16 1
H 3 2 1 18
H 3 11 1 2
V 2 5 2 1
V 2 17 2 1
H 3 2 2 10
H 19 2 1 2
H 18 0 1 4
V 14 1 6 2
V 14 0 4 3
H 16 1 1 10
H 14 0 5 10
H 14 0 1 20
H 2 4 1 14
V 1 16 18 1
H 3 16 1 2
H 4 15 1 2
V 0 16 8 1
H 1 4 4 16
V 0 6 2 2
H 1 4 2 8
V 0 9 2 1
V 2 4 2 16
H 2 4 1 2
V 2 16 16 4
V 9 15 6 1
H 14 0 1 20
H 14 0 3 14
V 8 0 12 1
H 3 3 1 2
H 1 8 1 2
V 1 6 4 3
V 3 8 2 1
H 4 3 1 6
H 5 10 9 10
H 5 9 1 2
V 0 16 10 2
V 1 14 2 1
H 1 6 1 14
V 0 17 2 1
H 9 12 1 4
H 1 6 4 6
V 8 15 6 1
H 6 8 6 8
V 5 13 12 3
V 14 7 2 1
H 14 0 1 20
H 14 0 3 6
V 10 0 10 1
V 6 6 8 3
H 9 1 3 18
H 0 16 1 2
H 10 16 1 2
H 13 16 1 2
H 4 15 1 2
V 0 16 18 1
H 2 16 1 2
H 0 7 2 12
H 0 7 5 6
H 5 1 9 6
H 13 2 1 18
V 13 13 2 5
H 14 0 1 20
H 14 0 1 6
V 9 0 10 1
V 1 9 2 1
V 0 8 4 2
V 17 0 2 16
H 18 0 1 2
V 17 1 2 1
H 4 17 1 2
V 0 16 18 2
H 14 0 1 20
H 14 13 1 2
H 14 0 2 14
V 10 0 8 1
H 19 1 1 2
V 18 12 2 1
V 16 2 2 1
V 15 1 4 15
V 1 8 2 1
V 10 6 2 1
V 5 1 6 19
H 10 8 1 2
V 7 7 2 1
H 8 1 3 16
V 5 13 14 1
H 5 12 1 2
H 17 0 1 16
H 14 0 4 10
H 9 3 1 2
V 8 4 2 14
V 5 1 2 1
V 5 12 2 1
H 6 12 7 2
V 5 13 14 1
H 15 7 1 2
V 14 6 2 1
H 15 0 2 16
H 14 4 1 2
V 14 5 6 1
V 14 6 2 1
H 15 2 5 6
H 3 7 2 4
H 5 15 1 2
H 7 15 1 2
V 0 16 8 4
H 0 10 3 10
V 2 16 2 1
H 1 9 2 8
V 10 16 2 1
H 12 14 1 2
H 11 13 2 4
H 11 17 1 2
H 15 17 1 2
V 3 16 14 2
V 3 18 2 1
H 4 6 1 14
H 4 6 1 6
V 7 14 12 1
V 16 2 2 1
H 17 2 2 14
V 18 6 2 1
H 16 2 3 10
H 14 0 1 20
V 14 13 2 1
H 14 0 1 18
V 13 0 4 1
H 9 6 2 14
V 10 11 2 1
V 7 13 8 4
H 14 0 1 20
H 14 0 2 6
H 15 0 1 2
V 12 0 4 1
H 10 10 1 2
H 17 10 1 2
H 6 1 7 10
V 8 7 2 1
H 7 2 2 18
V 0 16 14 1
H 0 10 3 10
H 0 10 1 2
H 0 11 1 2
H 19 11 1 2
V 14 6 2 1
V 15 3 4 8
H 14 3 5 6
H 17 2 1 2
H 16 1 1 2
V 18 4 2 1
H 7 11 4 6
V 0 16 16 1
H 2 10 1 10
H 2 9 3 4
V 0 15 2 1
V 1 11 2 9
H 1 11 1 2
V 0 19 2 1
H 0 12 2 8
H 0 12 2 2
H 14 0 1 20
V 14 2 2 14
H 14 4 1 2
H 17 4 1 2
H 17 6 1 2
V 14 5 6 2
H 14 4 5 4
V 13 13 2 5
H 14 0 1 20
H 14 0 1 14
V 14 16 2 1
V 9 16 6 4
H 14 12 1 2
H 14 9 1 8
V 14 8 4 5
V 14 12 6 1
H 19 6 1 14
H 14 5 1 12
V 8 16 2 1
V 0 16 18 1
V 3 16 4 3
H 3 10 2 10
H 4 8 1 2
H 3 9 2 4
V 12 6 2 1
V 5 6 8 1
V 9 11 2 1
H 8 10 1 2
H 6 4 4 14
V 5 13 14 3
V 16 4 2 1
H 15 2 2 14
V 14 3 2 1
H 15 2 2 8
H 7 3 7 2
H 7 1 1 18
H 11 12 1 2
H 9 14 1 2
V 5 13 14 2
H 14 1 1 16
H 16 4 1 2
V 15 9 2 1
V 14 5 4 6
H 15 2 1 4
V 14 5 6 6
H 2 11 1 6
H 19 11 1 8
V 5 10 2 1
H 6 6 1 14
V 0 19 12 1
V 0 16 6 3
H 3 15 1 2
H 0 13 5 6
V 1 14 2 1
H 0 13 2 4
H 14 1 1 2
H 15 9 1 4
V 15 8 4 3
H 15 9 1 2
H 14 4 3 12
H 0 15 4 4
H 0 14 1 2
H 14 2 1 8
H 14 12 4 2
H 19 10 1 8
V 16 11 4 2
H 19 7 1 2
H 19 8 1 10
V 5 15 10 5
H 14 12 1 8
V 5 14 14 2
H 18 6 1 10
H 18 6 1 8
H 7 1 3 10
H 9 2 1 18
V 1 19 16 1
V 5 9 4 1
H 5 2 1 18
H 12 5 1 2
H 16 5 2 2
V 2 15 2 5
H 2 18 1 2
V 1 15 2 1
V 17 16 2 4
H 18 18 1 2
H 18 8 1 8
V 18 8 2 1
H 14 7 5 4
H 0 15 1 2
H 5 2 1 16
V 0 16 10 2
H 14 3 1 2
H 7 1 2 10
H 7 2 3 18
H 1 15 1 2
H 4 15 1 2
V 0 16 12 1
H 1 17 1 2
H 1 14 1 4
V 5 13 14 1
H 11 11 1 6
V 1 16 16 1
V 4 16 2 1
H 3 12 2 8
V 16 19 2 1
H 3 13 2 4
H 3 18 14 2
V 13 18 6 1
H 2 16 1 2
H 10 16 1 2
H 6 15 8 2
H 11 16 1 2
V 0 16 16 1
H 2 14 2 4
H 5 6 3 14
V 3 19 8 1
H 14 4 1 16
V 13 13 2 1
V 14 6 2 5
H 19 10 1 2
V 14 10 6 1
H 18 8 1 4
V 5 14 14 2
H 5 13 5 4
V 0 16 12 1
V 15 6 2 1
H 5 3 7 2
V 9 16 4 1
V 9 18 2 1
H 10 1 3 18
H 8 13 1 2
H 12 13 1 2
H 17 13 1 2
V 5 13 14 1
H 17 8 1 8
H 17 7 1 4
V 3 18 4 1
H 14 10 2 2
H 5 14 8 4
V 4 16 2 4
H 4 13 1 6
V 14 8 4 8
V 16 11 2 1
H 17 8 1 8
V 14 8 2 1
H 15 8 3 6
H 15 7 1 2
V 1 16 14 1
H 4 14 1 6
V 5 18 4 1
H 14 16 1 2
V 5 16 14 1
H 18 16 1 2
H 8 16 1 4
V 5 19 10 1
H 16 18 1 2
V 5 19 12 1
V 11 13 4 6
H 14 7 1 12
V 14 9 4 5
V 14 11 6 2
H 19 11 1 4
H 3 15 1 2
H 14 15 1 2
V 5 15 12 1
H 4 14 1 2
H 6 14 1 2
H 14 6 1 10
V 14 9 4 5
H 17 9 1 2
V 14 10 6 2
H 15 6 1 2
H 6 15 1 2
V 6 1 8 3
V 12 11 2 1
H 10 1 3 16
H 10 1 1 18
V 4 18 14 1
H 7 11 1 2
H 19 11 1 2
V 4 16 2 3
H 4 17 1 2
V 13 16 4 3
H 16 17 1 2
V 16 12 4 1
H 17 12 1 2
H 19 12 1 2
V 17 10 2 3
H 17 9 1 6
V 5 12 8 8
H 5 16 2 4
H 5 14 5 4
V 3 16 4 2
V 3 16 16 1
H 4 16 14 2
V 5 16 14 1
V 12 13 4 3
V 14 10 2 1
H 15 7 1 8
H 15 7 1 6
V 5 13 10 6
H 6 18 1 2
V 6 17 10 2
H 15 18 1 2
H 10 7 4 10
H 14 16 1 2
V 2 16 16 1
V 15 11 4 4
H 17 11 1 2
H 16 12 3 4
H 15 8 1 8
H 15 8 1 2
V 13 13 2 3
H 14 8 1 12
H 14 7 1 4
H 12 6 1 14
V 6 19 6 1
V 11 16 4 4
H 5 12 1 2
V 5 13 14 1
H 14 12 1 2
H 14 10 4 6
V 9 9 2 1
V 13 13 2 1
V 13 15 2 1
H 10 8 4 8
V 9 13 10 2
H 18 11 1 4
H 6 13 7 6
H 4 15 1 2
V 4 16 12 2
V 9 16 2 1
H 9 4 1 16
H 5 16 1 2
V 3 16 12 1
V 6 12 8 1
V 5 9 6 8
V 5 7 2 1
V 6 15 2 1
H 6 6 1 14
V 5 5 6 2
V 11 7 2 1
H 5 4 7 8
H 5 3 1 16
H 10 2 1 16
V 5 17 12 1
H 15 12 1 2
V 5 13 14 1
V 5 12 6 2
H 5 2 3 16
H 5 2 3 6
H 6 2 1 2
H 5 3 3 6
V 16 13 2 1
V 15 12 4 2
H 15 14 1 2
H 14 9 2 6
H 14 8 1 2
V 9 19 2 1
H 12 15 3 4
V 11 16 6 1
V 10 5 4 12
V 12 1 2 1
H 13 1 1 10
V 5 5 2 1
V 5 13 2 1
V 6 4 6 2
H 7 1 1 8
H 14 10 1 2
H 14 11 1 8
V 11 13 8 2
V 6 4 2 13
H 5 9 5 2
H 7 2 1 18
H 13 2 1 6
H 13 2 1 16
V 10 15 8 1
H 8 1 1 2
V 11 2 2 18
H 12 18 1 2
V 5 9 8 2
H 5 4 4 12
V 6 3 2 10
H 7 2 2 8
V 8 10 6 9
H 13 2 1 16
V 13 16 2 1
H 12 9 2 10
H 10 17 1 2
V 7 9 6 9
H 6 14 7 4
V 5 13 12 3
V 5 13 8 3
H 5 10 1 2
H 14 10 1 2
V 7 13 2 1
H 5 11 3 6
V 5 5 2 11
H 6 4 1 14
H 6 3 1 2
H 7 17 1 2
H 9 18 1 2
V 11 18 2 1
H 11 16 1 4
H 9 1 3 4
V 11 2 2 1
V 10 1 2 1
V 5 15 2 1
V 6 12 4 4
H 6 15 1 2
H 8 2 1 10
H 12 14 1 4
V 10 15 6 1
V 5 9 4 4
V 7 4 2 1
H 7 3 1 12
H 7 6 1 12
H 12 4 2 14
H 13 3 1 4
H 11 9 1 8
H 12 15 1 2
V 8 16 6 2
V 8 15 2 3
H 8 17 1 2
H 9 10 5 4
V 11 13 6 2
H 16 12 1 2
V 5 13 6 1
H 5 12 9 4
V 6 4 2 1
V 9 10 2 1
V 10 5 2 14
H 10 1 1 18
V 8 17 6 1
H 10 4 4 10
V 6 13 12 1
V 7 10 2 7
H 7 15 1 2
H 10 18 1 2
V 10 6 2 1
V 10 18 2 1
V 8 3 4 1
V 8 17 4 1
V 12 5 2 1
V 11 3 2 15
H 12 3 1 2
V 6 5 6 2
V 8 3 4 12
V 8 3 2 1
V 10 13 4 2
H 13 13 1 4
H 6 11 8 4
H 15 12 1 2
V 12 13 4 2
H 14 11 1 4
V 5 7 2 7
V 5 12 4 1
H 5 7 1 8
V 6 11 6 3
V 10 13 2 1
V 10 17 2 1
H 6 12 5 4
H 7 4 1 12
H 7 4 4 10
V 11 11 2 1
V 10 5 2 10
H 11 2 1 10
V 8 5 4 11
V 10 9 2 1
H 10 1 1 10
V 8 4 4 7
H 9 10 1 2
H 10 2 1 16
V 7 15 8 1
H 14 13 1 2
V 6 6 2 6
H 7 5 1 2
V 12 13 2 3
H 12 15 1 2
V 8 15 2 1
H 9 10 5 6
H 9 12 1 6
V 8 5 2 11
H 9 3 3 6
V 5 7 2 4
H 7 8 1 4
H 6 6 3 8
V 5 10 4 1
V 5 8 2 1
H 5 8 1 6
H 10 9 1 2
H 10 3 1 16
H 10 13 1 2
H 6 12 8 2
V 6 13 10 1
V 9 5 2 13
H 9 6 1 12
H 9 9 1 2
V 8 10 6 1
V 9 5 2 1
H 10 2 1 16
H 9 6 1 6
V 6 9 6 3
H 6 7 1 2
V 6 8 8 3
H 13 5 1 8
V 8 5 2 8
H 9 4 1 2
H 12 5 1 4
H 8 14 5 2
V 7 14 4 1
H 10 14 1 4
V 10 5 2 9
H 10 3 1 4
V 5 9 2 3
H 6 10 8 4
V 10 8 4 7
H 13 6 1 8
H 12 9 2 6
H 10 10 1 2
V 9 9 4 6
V 11 11 2 1
H 10 4 2 10
H 6 8 1 2
H 12 11 1 2
H 7 10 7 4
V 11 12 2 1
H 12 6 1 2
V 12 7 2 6
H 9 7 5 4
H 10 5 2 4
V 11 6 2 1
H 8 8 3 2
V 5 9 6 3
V 8 10 2 1
V 5 10 4 2
H 8 6 1 6
H 9 7 4 8
V 6 9 6 4
H 7 12 1 2
V 9 7 2 1
V 9 13 2 1
H 9 5 1 4
V 7 12 6 2
V 10 8 2 1
V 10 13 2 1
V 7 13 4 1
V 7 12 2 1
H 8 7 2 6
H 9 6 1 10
H 8 7 1 2
H 10 5 1 2
V 11 7 2 4
V 6 9 4 3
H 7 11 1 2
V 9 11 4 2
V 12 11 2 1
H 10 10 1 6
H 11 6 1 8
V 6 9 2 1
H 10 13 1 2
V 10 13 2 1
V 8 8 2 1
V 7 10 4 1
H 9 7 3 6
H 9 11 1 2
V 8 11 6 1
H 8 11 1 2
H 11 11 1 2
V 8 11 2 1
V 10 9 2 1
V 9 8 4 4
H 9 9 1 2
H 9 8 1 4
V 6 10 6 1
H 10 8 1 6
V 10 10 2 1
H 10 7 2 6
V 11 8 2 1
V 7 10 4 1
H 9 8 3 2
H 11 10 1 2
V 11 9 2 2
H 10 8 2 4
H 10 10 1 4
H 10 9 1 2
V 8 10 4 2
H 11 11 1 2
H 10 10 2 2
V 9 10 4 1
V 9 10 2 1
H 9 10 1 2
V 10 10 2 1
