H 9 5 1 2
V 0 3 2 1
H 5 6 1 2
H 12 6 3 2
V 3 3 2 1
V 0 2 12 1
V 0 2 10 3
H 4 3 1 2
H 0 2 12 2
H 0 4 1 2
V 1 2 2 1
H 0 2 2 6
V 0 5 4 3
H 1 18 2 2
H 11 18 2 2
V 9 2 2 1
V 9 6 2 1
V 9 18 2 1
H 2 5 8 14
H 17 13 1 2
V 2 13 16 1
H 2 12 1 2
H 4 12 1 2
V 2 13 18 1
H 19 1 1 14
H 19 0 1 12
V 18 13 2 1
V 16 10 2 1
V 15 2 4 12
V 17 5 2 1
H 15 0 3 12
H 4 0 8 2
H 14 0 1 2
H 17 11 1 2
V 12 0 6 1
V 11 13 2 1
H 12 8 1 2
H 19 8 1 2
V 15 9 2 1
V 12 9 8 6
H 15 1 4 14
H 18 0 1 14
V 0 2 10 2
V 1 2 2 1
H 0 2 2 6
H 0 4 1 2
V 0 5 4 2
H 2 6 4 14
H 13 12 1 2
H 16 12 1 2
V 2 13 16 1
H 9 13 1 2
V 2 13 18 1
V 18 14 2 1
H 19 1 1 14
H 19 1 1 10
V 6 9 2 1
V 3 11 2 1
V 4 8 6 12
H 2 13 8 4
H 6 5 1 12
V 2 13 18 1
H 17 1 2 14
H 17 1 2 10
V 15 2 2 1
V 15 6 2 9
H 15 0 1 14
V 14 10 2 1
H 15 0 2 12
V 13 0 4 1
H 3 18 1 2
V 1 19 18 1
H 1 8 4 12
H 8 11 1 4
V 1 13 18 1
V 2 13 18 2
V 18 10 2 1
H 19 3 1 12
H 19 2 1 10
V 0 8 2 2
V 3 9 2 1
H 1 9 3 8
H 12 9 1 6
H 3 12 1 2
V 1 13 14 2
H 4 13 1 2
V 2 13 18 1
H 17 1 1 14
H 16 0 2 12
H 9 0 3 4
V 0 2 12 2
V 0 2 10 2
V 0 2 2 1
H 0 2 1 6
V 0 5 12 2
H 2 5 8 14
V 2 13 18 2
H 15 0 1 14
V 14 2 2 1
H 15 0 2 10
V 12 1 6 1
H 17 1 1 2
V 17 2 2 6
V 18 11 2 1
H 19 3 1 12
V 12 9 8 6
H 15 0 1 14
V 12 2 6 1
H 9 11 1 2
H 3 12 8 2
V 4 13 16 1
H 15 0 1 14
H 15 0 1 10
V 13 1 4 1
H 3 8 7 12
H 13 12 2 2
V 4 13 12 2
V 12 5 4 1
V 14 2 2 1
H 15 1 1 14
V 15 13 2 1
V 14 4 2 1
H 15 0 1 12
V 14 0 2 1
V 5 16 2 1
H 6 5 1 12
V 4 6 8 8
H 15 12 1 2
V 2 13 18 1
H 18 13 1 2
H 19 3 1 12
H 19 3 1 8
H 15 1 1 14
V 14 1 2 1
H 14 11 1 2
V 14 7 2 5
H 15 0 1 8
V 12 3 6 3
V 1 15 14 4
V 2 15 4 1
H 3 16 1 2
H 11 16 1 2
H 3 13 7 4
V 2 13 18 2
H 15 1 1 14
H 15 0 1 8
V 13 2 4 4
V 1 10 2 1
V 0 9 2 2
H 1 8 11 6
V 1 13 16 2
H 12 12 1 2
V 1 13 18 1
H 16 3 3 12
H 16 3 3 8
H 0 8 1 12
V 0 8 2 2
H 1 8 5 8
H 2 12 1 2
H 2 14 1 2
V 1 13 14 2
V 1 13 18 1
H 17 2 1 12
V 17 11 2 1
H 17 2 1 10
H 17 4 1 2
V 12 4 6 1
V 12 4 2 1
V 15 4 4 1
H 15 3 1 2
V 16 10 4 4
H 16 3 2 12
V 17 5 2 1
H 17 3 1 8
V 10 13 8 2
V 15 7 2 1
V 14 14 2 1
H 15 1 1 14
H 15 1 1 8
V 14 2 2 1
H 5 15 1 2
V 1 16 18 1
H 1 11 7 6
H 7 5 1 6
V 5 10 2 1
V 1 8 10 6
V 2 13 18 1
V 18 14 2 1
H 19 5 1 10
H 19 5 1 6
V 6 16 6 2
H 7 13 3 6
H 16 13 1 2
H 19 13 1 2
V 1 13 18 1
H 16 8 1 2
H 15 3 2 12
H 16 2 1 10
H 0 8 1 10
V 0 8 12 1
V 4 14 2 1
H 5 5 2 10
V 1 13 18 1
H 15 1 1 14
H 15 1 1 6
H 16 3 1 4
V 13 3 4 3
V 2 15 18 2
V 2 15 12 2
V 1 16 2 1
H 2 5 1 14
V 2 10 2 1
H 2 5 1 6
V 0 5 4 3
V 1 5 2 1
H 0 2 2 6
V 2 3 6 1
V 0 2 6 3
V 0 2 12 3
H 9 0 3 4
V 0 0 12 2
V 0 0 6 2
H 14 4 1 2
V 6 9 2 6
V 6 18 2 1
H 5 12 6 2
V 2 13 18 1
V 16 4 2 1
V 14 8 4 1
H 2 13 1 2
H 15 3 2 12
H 15 3 2 8
H 16 4 1 8
V 17 6 2 9
V 16 9 2 1
H 16 7 3 8
V 18 13 2 1
V 15 7 2 1
H 16 6 3 8
H 17 5 1 2
V 1 5 2 1
H 6 16 1 2
H 2 5 5 12
V 0 5 12 2
H 0 2 2 6
V 1 7 2 1
V 0 2 6 3
V 0 2 12 2
V 8 3 2 1
H 5 3 1 2
H 9 0 3 4
H 8 0 1 2
V 2 0 10 1
V 2 0 4 2
H 0 8 1 12
V 0 8 2 3
H 1 10 2 6
V 1 13 18 1
V 2 13 18 1
H 19 7 1 8
H 19 7 1 4
V 13 7 6 5
H 15 3 1 12
V 1 13 18 1
H 0 8 1 12
H 3 8 4 12
V 5 15 8 5
V 2 19 18 1
H 5 2 1 2
V 0 2 12 1
V 6 0 4 2
H 9 1 3 4
H 5 3 1 2
V 0 2 12 2
V 0 3 6 2
H 0 2 1 6
V 0 5 12 2
V 9 16 2 1
V 1 11 8 1
H 4 5 6 14
H 2 14 1 2
V 2 13 18 2
V 14 14 2 1
H 15 5 2 10
H 15 4 1 8
V 14 4 2 1
V 14 9 2 1
H 9 16 6 4
V 9 19 10 1
V 7 12 2 1
H 5 10 3 10
V 2 15 10 4
V 2 17 18 2
H 5 9 4 10
V 3 13 16 1
H 15 5 2 10
H 15 5 2 6
V 2 19 16 1
H 7 8 2 12
V 1 13 18 2
H 17 6 1 8
H 16 6 2 6
H 0 5 1 2
V 0 5 10 1
H 2 5 9 2
V 8 7 2 1
H 9 5 1 14
V 0 4 8 1
H 0 3 2 4
H 3 5 1 2
V 0 6 12 1
V 5 7 2 1
H 7 6 1 2
H 6 5 1 14
V 6 7 2 1
V 2 13 18 2
H 15 5 1 10
H 15 5 1 6
V 14 5 2 1
H 5 5 1 14
V 0 6 10 1
H 0 2 1 6
V 0 7 2 1
V 0 3 6 1
V 0 3 12 1
H 9 0 3 4
V 2 1 10 1
H 8 0 1 2
V 2 1 4 1
V 12 7 6 3
V 15 11 2 1
H 13 8 1 2
V 12 9 8 3
V 17 8 2 1
H 12 15 1 4
V 3 17 12 3
H 1 18 9 2
H 8 18 1 2
V 2 19 16 1
H 15 5 1 2
H 13 10 2 2
H 12 7 6 4
H 12 7 6 8
V 7 14 2 1
V 8 13 6 2
H 9 10 1 10
H 5 16 1 2
H 7 16 1 2
V 1 17 18 2
H 1 18 1 2
H 12 6 2 6
H 12 6 3 8
H 7 14 1 2
V 2 13 18 2
H 2 12 4 8
V 3 17 14 2
V 2 17 18 1
H 0 6 1 2
V 0 5 12 2
V 0 5 10 2
H 0 2 2 6
V 0 2 6 2
V 0 2 12 1
H 9 0 1 4
V 4 0 8 2
V 4 0 2 1
V 0 2 4 3
H 0 3 2 4
V 3 7 2 1
V 0 6 4 2
V 0 6 12 1
H 5 5 4 14
H 9 13 1 2
V 2 13 18 1
H 17 7 1 8
H 16 7 2 4
V 16 8 2 7
H 12 7 5 8
V 16 10 4 4
H 13 8 5 6
H 8 11 1 2
H 16 11 1 2
H 16 8 2 4
H 6 10 1 2
H 2 5 10 6
H 7 6 1 2
V 0 5 12 2
H 0 2 2 6
V 0 2 6 1
V 0 2 12 1
H 9 1 3 2
V 4 1 8 1
V 4 1 2 1
H 19 15 1 2
V 0 2 12 1
H 0 2 7 2
H 1 2 1 6
V 0 5 10 2
V 5 7 2 1
V 5 12 2 1
V 7 0 2 1
V 7 9 2 1
H 6 5 2 14
H 11 12 1 2
V 2 13 18 2
V 5 14 12 1
H 13 7 3 8
V 13 9 6 3
V 2 19 14 1
V 7 8 2 1
H 4 6 4 14
H 4 5 2 14
V 0 5 8 3
V 1 5 2 1
V 1 9 2 1
H 0 2 2 6
V 0 2 6 3
V 0 2 12 3
H 9 0 1 4
V 5 0 6 2
V 5 0 2 1
V 5 1 4 1
V 15 11 4 1
V 12 7 4 8
V 14 12 2 1
V 12 9 6 4
V 17 11 2 1
V 8 15 12 1
H 2 12 8 8
H 6 18 1 2
V 1 2 2 1
V 1 19 2 1
V 2 19 14 1
V 1 7 6 1
H 6 5 3 12
H 11 9 1 6
V 3 13 14 1
H 13 7 3 8
H 14 7 2 4
V 18 11 2 4
V 18 15 2 1
V 0 8 4 1
H 2 5 1 6
V 0 5 4 2
H 0 2 2 6
V 1 2 4 1
V 0 2 6 2
H 5 3 1 2
V 0 2 12 2
H 9 0 3 4
V 6 0 6 1
H 3 15 1 2
H 9 15 1 2
H 11 15 1 2
H 14 15 1 2
H 17 15 1 2
H 19 12 1 2
V 16 14 2 1
H 12 9 5 6
V 16 10 2 1
V 16 12 2 1
V 12 8 4 5
H 15 8 1 2
H 9 0 1 2
H 9 1 3 4
V 8 0 2 1
H 9 0 3 4
V 7 0 4 1
H 5 11 1 4
H 15 13 1 2
V 2 13 18 1
V 18 14 2 1
H 18 11 1 4
H 7 14 1 2
V 1 15 12 1
H 3 15 6 4
H 7 17 1 2
H 10 17 1 2
V 1 17 16 1
H 7 5 2 14
V 7 8 4 7
H 7 7 1 2
V 2 13 18 2
H 2 5 2 8
V 2 7 2 1
V 0 5 6 3
V 0 3 2 1
V 0 6 2 1
H 0 2 1 6
V 0 2 6 2
V 0 2 12 3
H 9 1 3 2
H 8 0 1 2
V 6 1 6 1
V 6 6 6 1
V 0 5 4 1
V 4 8 2 1
H 2 5 3 6
V 2 7 2 1
H 2 5 1 14
V 1 15 14 1
H 12 15 1 2
V 1 15 18 1
V 0 2 8 3
H 0 3 2 4
H 7 6 1 2
V 0 5 12 2
H 7 5 1 14
V 2 13 18 1
V 10 13 2 1
H 14 9 3 6
H 16 9 1 2
V 12 14 4 1
H 12 11 4 4
V 13 12 6 3
H 7 15 1 2
H 12 15 1 2
H 3 15 1 4
V 2 15 16 1
V 7 13 2 1
V 7 19 2 1
V 6 19 4 1
H 7 16 2 4
V 2 17 14 1
V 4 13 4 4
H 5 11 4 8
H 6 16 1 2
V 1 17 14 2
V 7 13 2 2
H 10 12 1 2
H 4 7 1 8
V 2 13 18 1
H 15 11 3 4
H 2 5 7 6
H 7 5 1 2
V 0 5 12 1
H 0 2 2 6
V 2 2 2 1
H 2 3 1 2
V 0 2 6 2
V 0 2 12 2
H 9 1 3 2
V 7 1 4 1
H 0 8 1 6
V 0 8 4 2
V 0 9 12 1
H 8 6 1 14
V 1 16 16 1
V 0 3 10 1
H 0 3 1 2
H 0 2 2 6
V 0 5 4 3
H 2 5 1 14
V 1 14 14 1
H 8 14 1 2
V 1 14 18 1
V 14 13 4 2
H 17 13 1 2
V 12 10 4 5
H 12 8 2 4
H 12 11 1 2
V 1 15 16 1
H 7 12 2 8
V 5 18 8 2
H 2 13 8 4
V 9 15 2 1
V 4 15 12 2
H 5 14 1 2
H 8 14 1 2
V 1 15 10 4
V 2 13 12 1
V 2 18 12 1
H 14 15 1 2
V 1 16 14 1
H 4 12 4 6
V 3 13 16 1
V 11 14 2 1
H 12 7 1 8
H 12 7 1 4
V 1 11 2 1
V 0 9 10 2
H 1 10 1 4
H 1 8 11 6
H 13 12 1 2
V 1 13 16 1
V 12 10 2 1
H 13 9 1 6
V 12 10 4 4
H 3 6 1 14
H 3 5 1 14
H 0 6 1 2
V 0 5 6 2
H 0 2 2 6
V 0 2 10 2
H 1 2 1 2
V 1 2 10 1
H 10 1 1 2
H 13 9 1 2
H 16 12 1 2
V 5 13 12 2
H 6 11 6 4
V 4 13 14 1
V 12 13 4 1
H 13 11 3 4
V 10 3 2 1
V 14 12 2 2
H 14 11 1 2
V 3 16 10 1
V 10 15 4 1
H 11 15 1 4
V 4 5 6 15
H 7 10 2 6
V 1 13 16 1
V 8 2 2 1
V 0 2 4 3
H 0 4 2 4
V 0 6 12 2
V 6 13 2 1
H 6 5 1 14
V 1 13 14 2
H 12 10 2 4
H 13 10 1 2
V 7 2 2 1
H 7 18 2 2
V 7 17 4 2
V 10 13 6 1
H 10 12 1 2
V 7 13 8 2
H 14 12 1 2
V 1 13 14 1
H 3 12 7 6
H 12 15 1 2
V 3 16 10 1
H 0 8 1 12
V 0 8 4 2
H 2 5 9 6
V 0 5 4 2
H 0 4 2 2
V 0 4 10 1
H 0 3 1 2
H 2 3 1 2
V 1 4 10 1
H 5 2 3 2
V 7 3 2 1
V 2 2 6 3
V 9 14 2 1
V 8 13 2 5
H 1 16 8 4
V 2 15 10 1
H 9 7 1 12
H 3 15 7 4
V 2 17 4 1
V 3 16 8 2
V 10 16 2 1
H 3 12 7 2
V 8 13 6 2
H 12 11 1 4
H 4 5 4 6
V 0 5 8 3
H 0 4 2 2
V 0 3 8 2
H 3 3 1 2
V 0 4 10 1
H 7 14 3 2
V 8 15 4 1
H 0 15 1 2
H 9 15 1 2
V 6 5 2 12
V 7 12 2 1
H 5 14 3 6
V 8 13 6 1
H 12 12 1 2
H 7 11 1 2
V 4 9 8 3
H 7 5 5 8
H 5 13 2 6
V 1 13 12 2
H 7 11 1 6
V 2 13 12 1
H 9 5 1 12
H 9 6 1 12
H 2 5 1 14
V 0 5 4 1
H 0 2 2 6
V 0 2 6 3
H 3 3 1 2
V 0 2 2 1
V 1 2 6 2
V 6 13 2 5
H 5 14 2 6
V 1 8 4 12
H 1 18 5 2
H 6 15 1 4
H 2 18 1 2
V 2 18 6 1
V 7 13 2 1
V 4 13 8 1
H 5 5 2 14
H 4 5 1 2
V 0 6 12 1
V 8 5 2 1
V 8 16 2 1
H 1 6 1 2
V 3 8 4 1
V 6 14 2 1
V 1 7 4 1
H 4 5 3 12
H 5 14 1 2
V 2 14 10 1
H 10 5 1 2
V 2 19 4 1
H 3 6 1 14
V 0 5 6 2
H 0 2 1 6
V 0 3 4 2
H 5 2 1 2
V 0 3 6 1
H 5 2 1 2
V 11 13 2 1
V 7 16 2 1
V 9 6 2 1
V 0 8 8 1
H 6 7 1 10
V 2 13 10 1
V 7 5 2 4
H 7 5 3 10
V 1 10 8 1
H 7 6 1 12
H 11 7 1 2
H 4 3 1 2
H 4 18 1 2
V 4 5 2 13
H 5 17 1 2
V 5 16 2 2
H 6 16 1 2
V 10 8 2 5
H 10 12 1 2
H 3 7 8 2
V 0 8 12 1
V 4 11 2 1
V 2 10 6 3
V 7 11 2 1
H 1 9 7 8
V 4 8 4 5
V 2 10 10 3
V 6 10 2 1
H 5 5 2 12
V 5 5 4 1
H 3 5 4 10
V 0 10 10 1
H 8 6 1 10
V 6 11 6 1
V 2 10 8 2
H 8 6 2 8
V 1 9 2 11
H 2 6 1 14
V 2 18 2 1
H 2 5 1 14
V 0 5 4 3
H 0 4 2 2
V 0 3 4 2
H 1 4 1 2
V 0 4 6 1
H 7 5 1 2
V 7 6 2 7
V 8 8 2 1
H 8 6 1 6
V 1 19 2 1
H 2 18 1 2
V 1 17 4 2
V 2 14 2 2
H 2 10 2 10
V 2 7 6 5
H 4 5 1 4
H 4 8 3 2
V 0 9 12 1
H 3 3 1 2
H 3 7 1 12
V 1 11 6 2
H 2 5 1 12
H 0 4 1 2
V 0 5 4 2
H 0 2 1 6
H 2 2 1 2
H 1 3 1 4
V 1 3 2 2
V 0 4 2 4
H 0 3 1 2
H 1 2 1 4
V 1 3 2 2
V 6 9 2 2
V 7 9 2 1
H 2 6 5 10
V 1 13 8 1
V 1 5 2 3
H 1 2 1 6
H 1 2 1 2
H 5 7 1 2
V 5 8 4 3
H 3 5 4 10
V 1 8 8 2
V 1 11 8 2
H 5 6 3 4
H 5 6 2 2
V 3 7 6 3
H 1 11 7 4
H 3 9 1 2
H 2 7 6 6
V 5 9 6 1
V 3 11 2 1
V 4 5 2 10
V 2 12 8 1
H 7 11 1 2
H 0 10 1 2
H 9 10 1 2
H 0 9 10 2
H 9 9 1 2
V 0 10 12 1
V 7 11 4 1
H 5 10 2 2
V 5 10 6 1
H 10 10 1 2
V 5 6 2 9
H 5 7 3 6
V 5 7 2 1
H 5 5 1 12
H 4 6 2 10
H 4 6 1 12
H 8 8 1 2
V 0 5 6 3
V 3 6 4 8
H 6 13 1 2
H 1 4 1 4
V 0 6 2 1
V 0 8 2 3
H 1 3 1 4
V 5 9 4 3
H 4 8 2 8
H 4 7 2 8
V 4 7 4 7
V 7 11 2 2
H 8 11 1 2
V 3 5 2 1
V 3 15 2 2
H 3 14 1 4
H 4 7 3 6
H 4 5 1 12
H 6 12 1 2
H 8 10 1 2
H 8 9 1 2
V 0 5 4 3
H 1 15 1 4
V 4 9 4 3
H 6 9 2 4
H 4 8 1 2
V 0 8 8 1
H 6 8 1 2
H 4 6 2 4
V 1 10 4 2
H 3 5 1 12
V 3 5 2 1
V 6 8 2 1
V 1 14 4 1
H 3 7 2 8
V 0 10 10 1
V 1 14 4 1
H 1 12 1 6
V 4 10 4 2
V 2 12 2 1
H 3 9 2 6
V 1 9 2 1
V 2 5 2 10
H 1 13 2 4
V 3 9 4 3
H 2 7 4 6
V 1 7 4 1
H 0 6 1 2
H 4 6 1 2
V 0 10 8 1
H 3 5 1 10
V 3 9 4 3
V 5 12 2 1
H 3 8 3 6
V 4 12 2 1
V 6 10 2 1
H 2 7 1 4
V 1 7 4 1
V 0 7 2 1
V 1 11 2 1
V 3 8 2 1
H 2 6 2 6
V 1 9 2 6
H 2 6 1 8
H 2 9 1 2
V 0 8 6 1
H 2 6 1 2
V 1 7 2 1
V 0 10 2 1
V 1 8 2 7
H 2 11 1 4
H 4 8 1 2
H 4 11 1 2
V 4 11 2 1
H 2 8 2 6
H 1 10 1 2
V 1 10 6 1
H 0 9 1 6
H 4 9 1 2
V 0 10 6 1
H 3 8 1 6
H 1 13 1 2
V 1 9 2 1
V 2 9 2 3
H 2 7 1 4
H 2 9 2 2
V 3 10 2 1
H 3 10 1 2
H 0 9 1 8
H 0 8 1 12
H 0 9 1 4
V 0 10 4 1
V 0 9 2 1
H 0 8 1 10
V 0 8 2 3
V 1 8 2 2
H 1 9 2 4
V 0 9 2 2
H 1 9 1 2
V 0 10 4 1
H 1 8 1 4
H 1 9 1 2
V 0 10 2 1
H 1 10 1 2
V 1 10 2 1
H 0 8 1 12
H 0 8 1 4
V 0 10 2 1
H 0 9 1 2
H 0 12 1 4
H 0 13 1 4
H 0 14 1 6
H 0 14 1 4
H 0 15 1 2
H 0 18 1 2
