V 12 11 2 1
V 12 14 2 1
V 1 6 2 1
V 8 10 2 1
H 19 6 1 2
V 13 7 2 1
V 4 19 2 1
H 15 1 1 2
H 19 1 1 2
H 1 10 1 2
H 18 10 1 2
H 5 11 1 2
V 10 12 10 7
V 10 16 6 3
V 9 7 2 1
H 10 5 1 14
H 10 5 1 8
V 2 5 18 1
H 19 0 1 6
V 18 5 2 1
V 0 2 20 1
V 1 2 14 1
H 2 1 2 2
H 5 9 1 4
H 4 5 6 6
V 0 5 20 1
H 19 0 1 6
V 0 2 20 1
H 6 2 1 2
V 0 2 14 1
V 0 0 4 2
H 2 1 2 2
V 1 0 2 2
H 0 0 2 2
V 10 13 10 6
H 10 5 1 14
V 9 6 2 1
H 10 5 1 4
V 2 5 18 1
H 19 0 1 6
V 0 2 20 1
V 0 2 14 1
H 2 1 2 2
V 0 1 4 1
H 12 0 2 4
V 0 2 20 1
V 0 2 6 1
V 6 4 12 1
V 5 4 2 1
H 8 1 4 4
H 12 2 1 2
V 1 2 12 1
H 2 1 2 2
H 2 0 1 2
V 9 7 2 1
V 10 12 2 1
H 10 5 1 12
V 2 5 18 1
H 19 0 1 6
H 10 2 1 2
V 2 2 18 1
H 4 2 1 2
H 11 2 1 2
V 1 2 16 1
H 2 1 2 2
V 1 1 2 1
V 0 4 16 1
H 8 1 1 4
V 1 2 14 1
V 9 6 6 2
V 6 8 2 1
H 7 5 3 4
V 0 5 20 1
H 19 0 1 6
V 2 2 18 1
H 16 1 1 2
V 2 2 16 1
H 2 1 1 2
H 6 1 1 2
H 13 1 1 2
H 11 12 1 4
V 10 14 8 6
V 9 7 2 1
H 10 6 1 14
H 10 5 1 4
V 2 5 18 1
H 19 2 1 4
H 17 3 1 2
V 0 3 20 1
V 0 3 18 1
V 2 8 2 1
V 1 8 4 5
V 0 9 10 4
H 9 5 1 14
V 0 5 20 1
V 14 0 6 1
H 19 2 1 2
H 19 0 1 6
V 2 2 18 1
V 2 2 14 1
H 3 0 1 4
V 10 6 2 5
H 10 5 1 8
V 2 5 18 1
V 18 4 2 1
H 19 2 1 4
H 10 2 1 2
V 2 3 18 1
H 14 1 1 4
V 1 3 18 1
H 10 5 1 6
V 2 5 18 1
H 19 0 1 6
V 2 2 18 1
V 8 3 2 1
V 8 10 2 1
V 3 2 12 2
V 14 2 2 1
H 4 0 4 4
V 10 7 6 2
H 10 5 1 6
V 2 5 18 1
H 19 0 1 6
V 2 2 18 1
V 2 2 16 1
V 0 6 12 1
H 3 5 8 2
V 0 5 20 1
H 19 4 1 2
V 0 4 20 1
H 16 3 1 2
V 0 4 18 1
V 10 19 10 1
V 10 12 2 8
H 10 6 1 14
V 9 6 2 1
H 10 5 1 14
V 2 5 18 1
H 19 0 1 6
V 4 2 16 2
V 3 2 16 1
H 3 1 1 2
V 10 12 2 6
H 10 6 1 14
H 4 5 7 2
V 2 5 18 1
H 19 0 1 6
V 4 2 16 1
H 7 1 1 2
V 3 2 14 2
H 4 1 1 2
H 10 5 1 8
V 2 5 18 1
H 19 0 1 6
H 14 3 1 2
V 4 2 16 2
H 5 1 1 2
V 4 2 12 2
H 5 0 3 4
V 13 12 2 1
V 10 12 4 6
H 10 6 1 14
V 9 6 2 1
H 10 5 1 4
V 2 5 18 1
H 19 4 1 2
V 2 4 18 1
V 1 4 18 1
V 6 13 4 5
H 9 6 1 14
H 4 5 7 2
V 0 5 20 1
H 19 2 1 4
V 2 3 18 1
V 2 3 16 1
H 9 5 1 10
V 0 5 20 1
H 19 0 1 6
V 4 2 16 2
V 3 2 16 2
V 3 3 2 1
V 6 0 4 4
V 9 1 2 1
V 10 18 10 1
H 10 5 1 14
V 9 6 2 1
H 10 5 1 12
V 10 14 2 1
V 2 5 18 1
H 19 4 1 2
V 2 4 18 1
V 2 4 16 1
V 10 16 10 1
V 10 14 6 3
H 10 5 1 14
H 10 5 1 8
V 2 5 18 1
H 19 0 1 6
H 15 2 1 2
V 4 2 16 1
V 4 2 14 1
H 8 5 2 4
V 0 5 20 1
H 19 0 1 6
V 6 2 14 1
V 6 2 12 1
H 6 1 1 2
V 12 5 8 1
H 19 0 1 6
V 6 2 14 2
V 5 2 14 2
H 9 16 1 2
H 18 16 1 2
V 8 13 2 4
V 8 15 2 1
H 9 6 1 14
H 7 5 3 4
V 0 5 20 1
H 19 4 1 2
V 4 4 16 1
V 3 4 16 1
H 2 5 7 8
V 0 5 12 1
V 0 5 20 1
H 19 2 1 4
V 4 3 16 1
V 4 3 14 1
V 10 15 10 2
V 10 15 8 2
H 10 5 1 14
V 9 6 2 1
H 10 5 1 6
H 19 4 1 2
V 2 5 18 1
H 19 0 1 6
H 14 1 1 2
V 6 2 14 1
V 6 2 10 2
H 7 0 1 4
V 5 6 14 2
V 9 6 2 1
H 2 5 8 4
V 0 5 20 1
H 19 0 1 6
V 6 2 14 2
V 6 2 12 2
V 1 11 4 2
V 0 9 10 4
H 9 5 1 12
V 0 5 20 1
H 19 0 1 6
V 8 2 12 3
V 7 2 10 2
H 8 0 4 4
V 10 15 10 2
H 10 6 1 14
V 10 6 2 1
H 10 5 1 6
V 2 5 18 1
H 19 0 1 6
V 8 2 12 1
V 7 2 12 2
H 7 1 1 2
V 0 16 8 3
H 9 16 1 2
V 0 17 10 2
V 8 13 2 1
H 9 5 1 14
H 9 5 1 12
V 0 5 20 1
H 19 4 1 2
V 4 4 16 1
V 4 4 14 1
V 7 6 6 2
H 0 5 10 2
V 0 5 20 1
H 19 4 1 2
V 6 4 14 1
V 5 4 14 1
V 2 5 18 1
H 19 2 1 4
V 6 3 14 1
V 6 3 12 1
V 10 6 4 4
H 11 9 1 2
H 10 5 1 6
V 2 5 18 1
H 19 2 1 2
H 19 0 1 6
V 8 2 12 2
H 8 2 1 2
V 7 2 12 1
H 13 13 2 2
V 10 14 10 3
H 18 13 1 2
V 15 15 2 1
V 10 14 6 3
H 10 5 1 14
H 10 5 1 4
V 2 5 18 1
H 19 0 1 6
V 8 2 12 2
V 8 2 10 2
H 8 1 1 2
V 10 17 10 2
V 10 12 2 8
H 10 6 1 14
V 10 12 2 1
H 10 5 1 10
V 2 5 18 1
H 19 0 1 6
H 15 2 1 2
V 13 2 2 1
V 13 14 2 1
V 8 2 12 1
V 8 2 8 3
H 9 0 3 4
V 10 5 2 1
V 10 9 2 1
V 10 11 2 1
H 10 5 1 14
V 2 5 18 1
H 19 4 1 2
H 11 3 1 2
V 6 4 14 1
H 13 3 1 2
V 6 4 12 1
V 10 7 6 5
V 15 11 2 1
H 10 5 1 6
V 2 5 18 1
H 19 0 1 6
V 8 2 12 1
V 8 2 10 1
V 10 8 4 2
H 10 5 1 6
V 2 5 18 1
H 19 0 1 6
V 10 2 10 2
V 10 16 10 2
V 10 2 8 3
H 10 0 1 4
V 10 12 4 6
V 11 16 2 1
H 10 5 1 14
V 10 8 2 1
V 10 14 2 1
H 10 5 1 10
V 2 5 18 1
H 19 0 1 6
V 10 2 10 3
V 9 2 10 1
H 9 1 1 2
H 15 17 1 2
V 10 18 10 2
V 10 18 4 2
H 10 5 1 14
H 10 5 1 12
V 2 5 18 1
H 19 2 1 4
V 8 3 12 1
V 7 3 12 1
H 9 2 1 2
H 10 1 2 4
V 7 4 8 1
V 8 5 2 8
H 4 5 1 2
V 0 5 20 1
H 19 2 1 4
V 8 3 12 1
V 8 3 10 2
V 10 11 10 1
V 10 11 4 1
V 10 5 2 1
H 10 5 1 12
H 6 5 1 2
V 2 5 18 1
H 19 0 1 6
V 10 2 10 3
V 10 2 8 3
H 10 1 1 2
V 6 13 4 7
H 9 5 1 14
H 9 5 1 10
V 0 5 20 1
H 19 0 1 6
V 10 2 10 3
V 10 2 6 3
H 11 0 1 4
H 11 1 1 2
V 14 5 6 1
H 19 0 1 6
V 18 5 2 1
V 10 2 10 3
V 10 2 8 3
H 10 9 1 2
V 10 8 4 2
H 10 5 1 8
H 19 4 1 2
V 2 5 18 1
H 19 0 1 6
V 11 2 2 1
V 12 0 8 3
V 8 18 2 1
V 9 6 2 1
H 9 5 1 14
H 7 8 1 2
H 4 5 6 8
V 3 7 2 1
V 0 5 20 1
H 19 4 1 2
V 8 4 12 1
V 8 4 10 1
V 1 8 2 1
V 0 8 4 5
H 2 5 1 6
H 6 5 1 2
V 0 5 14 1
V 0 5 20 1
H 19 2 1 4
V 10 3 10 1
V 10 12 10 8
V 9 3 10 1
H 10 6 1 2
V 5 7 12 1
H 8 8 1 2
V 6 8 2 1
H 7 5 3 4
V 0 5 20 1
H 19 0 1 6
V 12 2 8 1
V 11 3 2 1
V 12 2 6 2
H 12 1 1 2
H 10 5 1 14
V 2 5 18 1
H 19 2 1 4
H 15 2 1 2
V 10 3 10 1
V 10 3 8 2
V 2 13 8 1
H 9 6 1 14
H 0 5 10 2
V 0 5 20 1
H 19 0 1 6
V 12 2 8 1
H 14 1 1 2
V 12 2 4 3
H 13 0 3 4
V 7 15 2 1
V 0 15 8 4
V 4 17 2 1
V 0 15 10 3
H 9 5 1 14
H 8 5 2 8
V 0 5 20 1
H 19 4 1 2
V 9 4 2 1
V 10 4 10 1
V 9 4 10 1
V 7 7 4 1
H 10 5 1 10
V 9 6 2 1
H 10 6 1 14
H 17 12 1 8
V 10 17 8 3
V 10 19 10 1
V 10 6 2 4
H 10 12 1 2
V 9 7 2 1
H 10 5 1 8
H 5 5 1 2
V 2 5 18 1
H 19 0 1 6
V 14 2 6 3
V 14 2 4 3
H 14 0 1 4
V 2 5 8 8
H 9 5 1 4
V 0 5 20 1
H 19 0 1 6
V 16 2 2 1
V 14 2 6 2
H 15 3 1 2
V 13 2 6 2
H 13 1 1 2
V 8 14 2 6
H 9 6 1 14
V 8 7 2 1
V 8 17 2 2
H 9 5 1 10
V 0 5 20 1
H 19 2 1 4
V 15 3 2 1
V 15 13 2 1
V 12 3 8 1
V 11 3 8 1
H 12 17 1 2
V 12 12 8 6
H 19 17 1 2
V 16 15 2 1
V 17 12 2 6
H 13 12 6 6
H 18 12 1 8
V 0 8 4 2
H 2 5 4 8
V 0 5 14 1
V 0 5 20 1
H 19 4 1 2
V 12 4 8 1
H 16 3 1 2
V 11 4 8 1
V 10 13 8 7
V 10 17 2 3
H 10 6 1 14
H 10 5 1 14
V 2 5 18 1
H 19 0 1 6
V 14 2 6 3
V 13 2 6 3
V 10 15 10 1
V 10 15 8 2
V 10 11 2 1
H 10 6 1 14
V 9 6 2 1
H 10 5 1 6
V 2 5 18 1
H 19 2 1 2
H 19 0 1 6
V 14 2 6 3
V 15 2 2 3
V 15 19 2 1
H 15 0 1 4
H 7 5 3 8
V 0 5 20 1
H 19 0 1 6
V 14 2 6 1
H 17 1 1 4
V 15 1 2 1
H 16 0 4 4
V 18 17 2 1
H 17 18 1 2
H 9 6 1 14
V 8 5 2 1
H 9 5 1 10
V 0 5 20 1
H 19 0 1 6
V 16 1 4 2
V 15 1 4 2
H 15 1 1 2
V 6 17 2 1
V 4 15 6 5
V 8 15 2 1
H 9 6 1 14
V 7 9 2 1
H 8 5 2 8
V 0 5 20 1
H 19 4 1 2
V 12 4 8 1
V 12 4 6 1
V 10 12 2 8
H 10 6 1 14
H 10 5 1 14
V 2 5 18 1
H 19 2 1 4
V 14 3 6 1
V 13 3 6 2
H 15 2 1 2
V 17 13 2 1
V 18 12 2 5
H 19 13 1 4
V 10 6 10 6
V 10 6 8 5
H 10 9 1 4
V 10 9 2 1
H 10 6 1 14
V 10 19 6 1
V 11 17 6 3
V 10 17 4 1
V 9 6 2 1
H 10 5 1 14
H 10 5 1 10
V 2 5 18 1
H 19 4 1 2
V 14 3 6 2
V 13 4 6 1
V 2 11 2 1
V 3 5 2 8
H 6 8 1 2
V 0 9 10 4
H 9 5 1 10
V 0 5 20 1
H 19 2 1 4
H 18 2 1 2
V 14 3 6 2
V 14 3 4 2
V 1 15 6 5
V 0 15 10 1
V 9 7 2 1
H 9 5 1 14
H 7 5 3 6
V 9 5 2 3
V 10 10 2 2
V 10 14 2 1
H 10 5 1 10
H 10 6 1 14
V 10 17 8 1
H 15 14 1 6
V 11 17 8 1
V 0 13 6 1
V 0 18 6 2
V 0 13 10 1
V 8 19 2 1
H 9 6 1 14
V 9 5 2 3
V 10 12 2 1
H 10 6 1 10
H 10 6 1 14
V 10 18 6 1
V 10 18 8 1
H 13 16 1 2
V 12 12 4 5
H 2 17 1 2
H 15 17 1 2
H 14 12 2 6
H 15 12 1 8
H 1 5 1 2
H 9 5 1 2
H 5 7 1 2
V 3 6 10 2
H 4 5 6 4
V 0 5 20 1
H 19 2 1 4
V 16 2 4 3
V 15 3 4 2
V 10 12 4 6
H 10 5 1 14
H 10 5 1 10
V 2 5 18 1
H 19 0 1 6
V 18 1 2 4
H 18 0 2 4
V 10 5 10 1
H 19 2 1 4
V 16 3 4 2
V 16 3 2 1
H 8 5 2 2
V 0 5 20 1
H 19 4 1 2
V 16 4 4 1
V 15 4 4 1
V 9 6 2 1
H 10 5 1 14
V 2 5 18 1
H 19 0 1 6
H 19 0 1 4
V 3 7 2 1
H 4 5 1 8
V 1 7 12 1
H 10 7 10 2
V 9 7 2 1
V 10 13 2 1
H 10 5 1 14
H 14 16 1 2
V 10 15 8 2
H 12 12 3 8
H 14 13 1 6
H 10 13 7 4
H 10 12 1 2
V 10 12 6 6
V 12 15 4 2
H 13 14 1 6
V 10 6 4 6
H 10 5 1 12
V 2 5 18 1
H 19 2 1 4
V 18 3 2 2
V 17 3 2 1
V 11 12 6 4
H 12 13 1 2
V 10 12 10 2
H 3 5 1 6
H 6 5 1 2
V 0 5 12 1
V 0 5 20 1
H 19 2 1 4
H 19 1 1 4
V 10 16 2 1
H 10 5 1 14
V 10 6 2 1
H 10 16 1 2
H 10 5 1 12
V 2 5 18 1
H 19 4 1 2
V 16 4 4 1
V 16 4 2 1
H 17 13 1 2
V 4 7 8 1
H 10 7 2 2
H 10 6 1 14
V 13 9 2 1
V 13 15 2 1
V 10 12 4 5
V 12 13 2 1
V 10 18 2 1
H 11 12 2 8
H 3 5 1 8
V 2 5 12 1
V 0 5 20 1
H 19 4 1 2
V 18 3 2 2
H 18 3 1 2
V 4 15 6 3
H 9 5 1 14
V 7 10 2 1
H 8 5 2 8
V 9 5 2 3
H 10 5 1 6
H 10 5 1 14
H 12 15 1 2
V 10 14 6 2
V 10 13 2 1
V 10 19 2 1
H 11 13 3 6
H 10 12 5 4
V 12 12 6 2
V 6 8 2 1
V 3 8 2 1
V 4 5 6 5
V 4 16 6 2
V 6 7 2 1
V 0 5 20 1
H 19 4 1 2
V 18 4 2 1
V 5 6 6 1
H 10 5 1 12
V 10 12 8 1
V 11 12 8 1
V 8 13 2 1
H 9 5 1 14
V 5 12 2 1
H 6 5 4 8
V 9 5 2 3
H 10 5 1 8
H 10 6 1 14
H 12 16 1 2
V 10 16 4 1
V 11 16 4 1
V 0 18 10 1
H 9 5 1 14
V 8 7 2 1
H 9 6 1 10
V 0 6 20 1
H 10 9 1 2
H 16 9 1 2
H 14 6 6 4
H 11 6 9 6
H 10 16 1 4
V 10 13 6 1
H 10 12 5 4
V 13 12 4 2
H 15 13 1 2
H 9 5 1 14
H 9 5 1 12
H 4 5 1 2
V 0 5 20 1
H 19 4 1 2
V 17 6 2 6
V 0 13 6 4
V 0 13 10 1
H 9 5 1 14
V 9 5 2 2
H 10 6 2 4
V 10 11 8 1
H 10 5 1 14
V 10 14 4 2
V 11 13 4 3
V 14 14 2 1
H 13 9 1 2
H 18 9 1 2
V 10 9 10 1
V 8 5 2 1
H 9 5 1 6
V 9 5 2 3
H 10 5 1 6
H 10 5 1 12
V 10 13 4 2
H 10 12 1 2
H 10 13 3 4
V 2 5 14 1
V 0 5 20 1
H 2 16 1 2
H 10 16 1 2
V 10 16 2 1
V 14 9 2 1
V 15 6 4 4
V 16 8 2 1
V 16 10 2 1
H 12 6 5 6
V 14 6 6 3
H 12 13 2 2
H 2 6 1 2
H 6 5 1 2
V 1 6 18 1
V 7 7 6 1
H 3 5 1 2
H 10 5 1 10
H 10 6 1 12
V 2 18 8 1
H 9 5 1 14
H 9 7 1 8
V 9 5 2 3
V 10 6 2 1
H 10 5 1 12
V 10 12 4 2
V 11 12 4 2
H 6 8 1 2
H 11 8 6 2
V 11 7 8 2
V 15 10 2 1
H 8 5 2 8
H 3 7 1 2
V 0 7 20 1
V 0 7 18 1
H 0 6 1 2
V 13 12 2 1
H 3 5 1 8
V 2 7 14 1
H 15 9 1 2
H 10 6 7 4
H 10 5 1 12
V 10 15 2 1
V 3 13 2 7
V 0 19 10 1
H 9 6 1 14
H 9 5 1 14
V 9 5 2 2
H 10 5 1 10
V 10 13 2 1
H 10 5 1 12
V 13 8 2 1
V 14 6 4 3
V 1 8 2 5
H 2 7 8 2
V 0 7 4 1
V 0 8 4 5
H 2 5 2 8
V 1 10 2 1
H 2 5 2 6
V 11 13 2 1
V 3 10 2 1
V 0 9 8 4
H 5 5 1 6
H 5 5 2 8
H 3 6 1 2
H 10 6 1 2
V 1 7 16 1
H 3 7 1 2
H 10 7 6 2
H 12 6 3 6
V 11 8 4 3
H 13 10 1 2
V 10 13 2 1
H 10 7 1 8
V 10 12 2 2
H 7 5 2 4
V 1 7 12 1
H 11 7 1 2
V 2 6 6 6
V 11 7 4 1
H 9 5 1 14
H 12 6 1 4
V 3 6 14 1
H 9 5 1 4
H 5 7 1 2
V 2 7 16 1
H 6 6 1 2
H 11 6 1 2
H 3 7 1 2
V 4 8 2 1
V 6 13 4 6
V 3 7 14 1
V 8 14 2 1
H 9 6 1 14
H 9 5 1 10
V 4 5 12 1
V 0 9 2 4
H 1 8 1 2
H 14 8 1 2
V 9 5 6 1
H 4 5 7 2
V 4 6 12 2
H 9 5 1 14
V 2 7 12 1
H 3 6 1 2
H 8 7 2 2
V 4 7 12 1
H 15 7 1 2
V 8 13 2 7
H 9 5 1 14
V 9 6 4 1
H 9 5 1 12
H 8 5 1 2
V 5 5 10 1
H 4 15 1 2
V 4 16 6 4
H 9 6 1 14
V 8 10 2 1
V 8 14 2 1
H 9 6 1 6
H 9 7 1 2
H 7 5 1 2
V 7 6 8 2
V 12 7 2 1
H 13 6 1 4
H 11 7 3 4
V 0 12 10 1
V 7 7 4 1
H 3 7 6 6
V 0 9 8 2
H 0 10 1 2
H 5 10 1 2
V 14 7 2 1
V 11 6 4 3
V 1 9 6 1
H 9 6 1 14
H 8 7 1 2
V 3 7 12 1
H 9 5 1 12
V 9 5 2 3
V 10 7 2 1
V 10 9 2 1
H 10 5 1 6
H 10 5 1 8
H 0 18 1 2
H 9 18 1 2
V 2 18 8 1
V 8 16 2 1
H 9 5 1 14
H 9 6 1 10
V 4 6 10 2
H 14 7 1 2
H 10 6 2 4
H 4 7 4 4
H 11 7 1 4
H 7 8 1 2
H 5 9 1 2
V 1 10 6 2
V 6 5 6 1
V 7 5 6 1
V 7 8 2 1
H 8 5 2 4
H 8 7 1 2
V 4 7 10 1
V 12 7 2 2
H 13 7 1 2
H 9 5 1 14
H 9 5 1 10
V 8 6 2 1
V 9 5 2 3
V 10 8 2 1
H 10 5 1 6
H 10 6 1 6
H 8 13 1 2
V 0 14 10 3
H 9 6 1 14
H 7 6 1 2
V 5 7 10 1
V 4 19 2 1
V 3 13 2 7
H 7 18 1 2
V 0 19 10 1
H 9 5 1 2
H 9 6 1 14
H 9 6 1 8
V 4 8 6 2
V 3 8 6 4
V 6 6 6 2
H 7 5 3 4
H 3 9 6 2
H 8 10 1 2
V 2 10 8 1
H 8 5 3 2
V 8 5 4 1
V 4 8 4 3
V 7 10 2 1
V 7 15 2 1
H 5 7 3 4
V 3 9 6 1
H 9 10 1 10
V 5 12 2 1
V 2 11 8 2
V 8 11 2 1
V 1 11 8 2
H 6 7 2 4
V 4 16 6 4
H 9 6 1 14
H 9 6 1 4
V 8 7 4 1
H 11 7 1 2
V 0 13 8 4
V 0 13 10 3
H 9 5 1 14
V 8 5 2 7
H 8 5 1 2
V 5 10 2 1
H 9 11 1 2
V 0 15 8 3
V 0 17 10 1
H 9 6 1 14
H 9 6 1 6
V 9 7 2 1
H 10 6 1 4
V 2 12 2 1
V 6 12 2 1
V 5 9 4 4
H 7 7 3 2
V 6 8 4 2
V 8 6 2 1
V 8 15 2 1
V 9 6 2 2
H 10 7 1 2
H 8 13 1 2
V 0 13 10 1
V 8 6 2 1
H 9 6 1 14
V 9 6 2 1
V 1 15 4 2
H 9 14 1 2
V 0 15 10 1
H 9 9 1 8
V 4 11 6 2
H 5 10 1 2
H 8 10 1 2
V 3 11 6 2
H 4 11 1 2
V 8 7 2 6
V 9 7 2 1
H 9 11 1 2
V 1 13 6 3
H 3 14 1 2
H 9 13 1 6
V 0 13 10 2
V 8 14 2 1
H 9 9 1 8
V 6 9 4 4
V 6 13 4 1
V 6 9 2 1
V 6 12 2 1
H 8 7 1 2
H 6 10 1 2
V 7 18 2 1
H 9 7 1 12
V 0 18 10 2
V 8 9 2 1
H 9 8 1 12
V 8 12 2 1
H 9 8 1 10
V 8 8 2 1
V 8 15 2 1
H 9 8 1 2
H 4 18 1 2
V 6 13 4 2
V 8 14 2 1
H 9 9 1 8
V 8 10 2 2
V 6 13 4 7
H 9 10 1 6
V 7 12 2 1
H 9 11 1 8
V 8 13 2 7
H 9 12 1 2
V 8 13 2 1
V 3 18 2 1
H 6 16 1 2
V 0 17 8 3
V 0 17 10 1
H 3 16 1 4
H 5 13 1 2
H 3 14 7 6
V 7 15 2 1
V 6 14 2 6
H 7 13 1 2
V 8 15 2 5
H 4 14 5 4
V 4 14 4 6
V 4 17 2 1
H 5 14 3 4
H 2 15 1 2
V 1 13 2 3
V 8 16 2 1
V 1 15 8 3
H 5 13 2 4
V 2 17 8 1
H 9 16 1 2
H 8 15 1 2
V 5 16 4 2
V 1 13 2 6
H 4 17 1 2
V 0 14 6 4
H 0 13 1 2
H 5 13 1 2
H 7 16 1 2
V 7 17 2 3
H 8 17 1 2
V 8 18 2 2
H 8 18 2 2
H 6 16 1 4
H 6 15 1 2
V 2 17 6 1
H 7 16 1 2
V 5 17 2 1
V 0 15 6 5
H 4 14 2 6
V 3 16 2 1
H 0 14 2 4
H 4 14 2 4
V 2 13 2 1
V 5 16 2 4
H 5 15 1 2
H 3 17 1 2
V 0 16 6 2
V 0 17 8 3
V 0 14 4 6
H 3 14 1 2
H 1 16 1 2
V 1 15 4 2
H 2 13 1 4
V 2 16 2 1
H 2 15 2 2
V 2 16 4 1
H 2 16 3 2
V 3 17 4 2
V 5 18 2 2
V 2 18 4 2
V 1 19 8 1
V 1 14 2 1
V 1 16 2 4
V 4 17 2 1
H 4 16 1 2
H 0 13 2 6
V 1 16 2 4
H 0 16 3 2
V 0 17 6 1
V 0 19 2 1
V 1 19 6 1
V 3 18 2 1
H 0 16 4 4
H 1 15 3 4
H 2 15 1 2
H 0 13 1 2
V 0 15 2 5
H 0 14 1 2
H 4 18 1 2
H 3 17 1 2
V 1 18 2 1
V 0 16 2 4
H 1 16 1 2
V 0 19 4 1
H 0 16 1 4
V 0 17 2 3
H 2 18 1 2
V 0 19 4 1
H 0 18 2 2
H 0 17 1 2
H 0 18 1 2
V 0 19 2 1
