H 2 3 1 2
H 18 4 1 2
V 8 8 2 1
V 8 13 2 1
H 11 8 1 2
H 4 0 1 20
H 4 0 1 8
H 11 0 1 2
V 0 0 12 1
V 10 15 2 1
H 0 0 1 2
H 8 0 1 2
H 10 0 1 16
V 10 6 4 4
H 12 0 1 20
V 12 9 2 1
V 12 18 6 2
V 12 18 8 1
H 17 0 3 20
H 19 15 1 2
H 19 0 1 16
H 14 9 2 10
H 12 17 1 2
V 15 7 2 1
V 15 17 2 1
V 12 18 8 2
H 18 0 1 20
H 18 0 1 16
H 8 7 1 2
H 8 0 2 8
V 9 0 2 1
H 10 0 1 16
V 10 6 4 5
V 11 6 2 1
H 12 0 2 20
H 16 18 1 2
V 12 18 6 1
V 12 18 8 1
V 18 15 2 1
H 19 2 1 18
H 19 1 1 16
H 12 15 2 4
V 12 18 8 1
H 12 17 1 2
H 17 0 1 20
V 17 14 2 2
H 17 0 1 16
V 4 0 2 1
V 3 1 2 1
H 4 0 1 10
V 0 0 12 1
H 10 7 1 4
H 10 0 2 16
V 10 6 4 3
H 12 0 2 20
V 15 19 2 1
H 13 17 1 2
V 12 18 4 2
V 15 18 2 1
V 12 18 8 2
H 17 2 2 18
V 18 2 2 1
V 18 12 2 1
H 17 1 2 16
V 6 0 2 1
V 6 7 2 1
H 6 0 1 20
V 5 13 2 1
V 5 17 2 1
V 4 0 8 1
H 10 0 2 16
H 12 8 1 2
V 10 6 4 3
H 12 0 1 20
H 16 18 1 2
V 12 18 6 1
H 14 17 1 2
H 18 17 1 2
V 12 18 8 2
V 17 10 2 1
H 18 2 2 18
V 17 15 2 1
H 18 2 2 14
H 5 0 5 6
V 8 0 2 1
H 7 5 1 2
V 6 0 6 1
H 10 0 2 16
V 10 7 6 2
H 13 0 1 20
V 12 18 8 1
V 15 18 2 1
H 17 1 1 18
V 17 4 2 1
H 17 1 1 16
V 7 2 2 1
V 7 5 2 1
V 7 9 2 1
H 5 0 3 18
H 5 8 1 2
V 1 0 10 1
H 10 0 1 16
V 10 8 4 2
H 0 0 2 20
H 12 0 2 20
V 15 18 4 1
V 12 18 4 2
H 19 18 1 2
H 13 17 1 2
V 12 18 8 1
V 16 19 2 1
V 18 9 2 1
H 17 2 2 18
V 18 3 2 1
H 17 2 2 14
V 0 0 8 1
H 10 0 1 2
V 0 0 12 1
H 10 0 1 16
V 10 8 4 3
H 3 0 1 20
H 12 0 1 20
V 12 18 6 2
V 12 18 8 2
H 19 3 1 16
H 19 3 1 14
H 5 0 4 6
V 7 0 4 1
H 10 3 1 10
H 10 0 2 16
V 10 5 4 5
V 12 15 2 1
H 12 0 1 20
V 12 18 4 2
V 12 18 8 2
V 18 12 2 1
H 18 3 1 16
H 18 3 1 14
V 3 0 2 6
H 4 0 1 8
H 5 0 1 2
V 0 0 12 1
H 10 0 2 16
H 12 1 1 12
H 13 7 1 2
V 10 8 6 1
H 0 0 1 20
H 5 0 4 20
H 13 0 1 20
H 17 17 1 2
V 12 19 2 1
V 12 18 8 1
H 17 2 1 18
H 17 2 1 14
V 12 4 4 1
H 12 4 2 8
H 12 0 2 20
V 12 18 6 2
V 12 18 8 2
H 18 6 2 14
H 18 5 2 12
H 5 0 2 8
V 3 0 8 1
H 11 7 1 2
H 10 0 2 16
V 10 5 6 4
H 13 9 1 2
H 13 0 1 20
V 12 18 8 2
V 17 6 2 1
H 17 3 1 16
H 17 3 1 14
V 0 3 8 2
V 4 4 2 1
H 0 0 5 6
H 7 0 1 2
V 0 0 12 1
H 10 0 1 16
V 10 8 4 2
H 12 0 2 20
V 12 18 4 2
H 15 18 1 2
H 16 17 1 2
V 12 18 8 1
H 18 4 1 16
H 18 4 1 12
H 0 0 3 12
V 2 0 4 5
V 0 0 12 1
H 10 0 1 16
H 11 8 1 2
V 10 8 4 1
H 4 0 1 20
H 12 0 1 20
V 12 18 6 2
V 12 18 8 2
H 19 6 1 14
H 18 8 1 4
H 18 6 2 10
V 18 7 2 1
H 4 0 1 12
V 0 0 12 1
H 10 0 2 16
V 10 8 4 2
H 12 0 1 20
V 12 18 4 2
V 12 18 8 1
H 18 7 1 12
H 18 7 1 10
H 6 1 4 16
H 9 0 1 6
V 9 0 2 1
H 10 0 2 16
V 10 8 4 1
H 12 0 1 20
V 12 18 6 2
V 12 18 8 2
H 19 9 1 10
H 17 9 3 8
V 2 2 2 1
H 2 0 1 20
V 1 19 2 1
V 1 0 4 5
H 6 1 1 2
H 4 0 6 4
H 5 0 1 2
V 0 0 12 1
H 10 0 2 16
V 10 8 4 2
H 12 9 1 2
H 1 0 2 20
H 12 0 1 20
V 17 19 2 1
V 12 18 6 2
V 12 18 8 2
H 18 10 2 10
H 17 10 3 6
V 0 4 2 1
V 0 9 2 1
V 1 1 2 1
H 1 0 1 10
V 0 0 6 2
V 0 0 12 1
H 10 0 2 16
V 10 8 4 1
H 4 0 1 20
H 12 0 1 20
V 12 18 4 2
H 13 17 1 2
V 12 18 8 2
H 17 10 2 10
H 17 9 2 8
V 18 11 2 9
V 18 13 2 1
H 17 10 2 4
V 15 18 4 1
V 14 13 2 1
H 15 10 2 10
H 15 9 2 8
V 0 0 12 1
H 10 0 1 16
H 13 8 1 2
V 10 8 6 1
H 1 0 2 20
H 13 0 1 20
V 12 18 8 1
V 17 19 2 1
H 17 10 1 10
H 17 10 1 6
H 2 0 1 16
V 2 0 4 3
V 5 2 2 1
V 5 13 2 1
V 0 0 12 1
V 10 8 2 1
H 10 0 1 16
V 10 6 4 4
H 12 0 2 20
V 12 18 4 2
V 12 18 8 2
H 18 11 1 8
H 18 11 1 6
H 5 0 5 2
H 10 0 1 2
V 9 0 2 1
H 10 0 1 16
H 12 8 1 2
V 10 8 4 1
H 12 0 2 20
V 12 18 6 2
V 15 14 2 1
H 15 9 1 10
H 15 9 1 8
V 8 11 2 1
H 7 0 2 20
H 8 0 2 14
V 7 0 4 1
H 10 15 1 2
H 10 0 2 16
V 12 6 2 1
V 10 5 6 4
H 7 0 1 20
H 13 0 1 20
H 16 17 1 2
V 12 18 8 1
H 17 11 1 8
H 17 11 1 6
V 6 2 2 1
H 7 0 2 8
V 5 0 6 1
H 10 0 1 16
V 10 8 4 2
H 12 0 1 20
V 12 18 6 2
V 12 18 8 2
H 13 17 1 2
H 17 14 3 6
H 18 13 2 4
V 11 6 2 1
V 11 10 2 1
H 12 10 2 10
V 12 18 4 2
V 14 12 2 1
H 15 10 1 10
H 15 10 1 6
V 15 11 2 1
H 10 2 2 8
V 11 8 2 2
H 12 0 2 20
V 12 18 4 1
H 13 4 1 16
H 17 17 1 2
V 12 18 8 2
H 17 14 2 6
H 18 13 1 4
V 9 0 2 1
H 10 0 1 16
V 10 8 4 2
H 12 0 2 20
V 12 18 8 2
V 14 18 2 1
H 15 12 2 8
H 15 13 1 2
H 17 13 1 2
H 15 11 2 6
V 6 17 6 3
V 7 11 2 1
H 6 0 2 20
H 5 0 2 14
V 3 0 8 1
H 10 0 2 16
V 11 11 2 1
V 10 8 4 2
V 13 8 2 1
H 12 0 2 20
V 15 19 2 1
V 12 18 4 2
H 14 9 1 10
V 14 14 2 1
H 14 9 1 8
V 17 14 2 1
H 12 0 1 8
V 11 5 6 2
H 11 5 4 4
H 13 0 1 20
H 16 17 1 2
V 12 18 6 2
H 14 12 3 8
H 14 12 3 4
H 6 9 1 2
H 5 0 2 10
H 10 0 1 2
V 2 0 10 1
H 10 0 2 16
V 10 8 4 1
H 1 0 2 20
H 12 0 2 20
H 13 18 1 2
H 14 17 1 2
V 12 18 4 1
V 13 19 2 1
H 14 10 1 10
H 14 10 1 6
H 9 1 1 16
H 5 0 5 12
V 9 0 2 1
H 10 0 1 16
V 10 8 6 1
H 12 0 2 20
V 12 18 8 1
H 17 13 1 6
H 17 13 1 4
V 0 1 6 1
H 5 1 1 2
H 2 0 7 2
V 0 0 12 1
H 8 0 2 16
H 10 0 2 16
V 10 8 4 1
H 6 0 3 20
H 12 0 2 20
V 12 18 6 2
V 12 18 8 2
H 17 15 3 4
H 19 15 1 2
V 17 15 2 1
V 9 0 2 1
H 10 0 2 16
H 13 7 1 2
V 10 8 6 1
H 12 0 2 20
V 12 18 8 1
H 17 14 1 6
H 17 14 1 2
H 9 4 1 2
V 4 2 2 1
H 5 0 5 10
V 8 0 4 1
H 10 0 2 2
H 10 1 1 16
V 10 8 4 2
H 12 0 1 20
V 12 18 6 2
H 16 17 1 2
V 12 18 8 2
V 5 2 2 1
V 8 13 2 1
H 6 0 3 20
V 7 0 4 1
H 10 0 2 16
V 10 8 4 2
H 12 0 1 20
V 12 18 6 2
H 12 17 1 2
V 12 18 8 1
H 19 17 1 2
H 6 3 1 2
H 6 0 4 4
V 5 0 6 1
H 10 0 1 16
V 10 8 4 2
H 5 0 4 20
H 12 0 1 20
V 12 18 6 2
V 13 18 2 1
V 15 15 2 1
H 14 13 2 6
H 14 13 2 4
H 1 0 6 4
V 2 0 10 1
H 10 0 2 16
H 12 8 1 4
V 10 8 4 1
H 4 0 1 20
H 12 0 1 20
V 12 18 4 2
H 14 12 1 8
H 14 15 1 2
H 14 12 1 4
H 3 0 6 4
V 0 0 12 1
H 10 0 2 16
V 10 6 6 3
H 13 0 1 20
V 12 18 8 1
H 17 16 1 2
H 17 15 1 4
H 17 15 1 2
H 12 18 7 2
H 18 17 1 2
V 12 18 6 2
H 15 16 2 4
H 14 15 3 4
H 4 0 1 8
V 0 0 12 1
H 10 0 2 2
H 10 1 1 16
V 10 8 4 2
H 12 0 2 20
V 12 18 6 2
H 15 17 1 2
V 13 18 6 2
H 3 0 1 16
V 3 0 2 6
V 0 0 12 1
H 10 0 1 16
V 10 8 4 2
V 12 0 2 1
H 12 0 1 20
V 12 18 6 2
H 14 14 2 6
H 15 14 1 2
V 12 0 4 3
V 11 7 2 1
H 12 2 2 12
H 12 0 1 20
H 14 17 1 2
V 12 18 4 2
H 14 14 1 6
H 14 14 1 2
V 13 0 4 4
V 12 0 4 4
H 12 2 1 14
H 12 0 1 20
V 12 18 4 2
V 12 18 6 2
H 4 0 1 10
H 3 0 1 2
V 0 0 12 1
H 5 0 5 16
H 10 0 2 16
V 10 6 6 3
H 0 0 2 20
H 12 0 2 20
V 12 18 6 1
H 14 16 3 4
V 5 0 2 1
V 6 0 6 1
H 11 7 1 2
H 10 0 2 16
V 13 8 2 1
V 10 8 4 1
H 12 0 2 20
V 13 18 2 1
V 12 18 6 1
V 13 18 6 1
V 0 4 8 1
H 4 0 1 8
V 0 0 12 1
H 10 0 2 16
V 10 8 4 3
H 5 0 1 20
H 12 0 1 20
H 14 17 1 2
V 12 18 4 2
V 12 18 6 1
H 17 17 1 2
H 7 4 1 2
H 5 0 5 6
V 2 0 10 1
H 10 0 2 16
V 10 8 4 1
H 5 0 2 20
H 12 0 2 20
V 12 18 4 2
H 14 16 2 4
H 14 15 1 2
V 15 0 2 4
V 15 19 2 1
V 7 2 2 1
V 7 14 2 1
V 6 7 2 1
H 5 0 3 20
V 4 3 2 1
H 5 0 2 16
V 1 0 10 1
H 10 0 2 16
V 10 8 4 3
H 0 0 3 20
H 12 0 2 20
V 12 18 4 1
V 13 18 4 1
H 0 0 3 12
V 2 0 4 2
V 0 0 12 1
H 10 0 2 16
V 10 5 6 4
H 13 0 1 20
V 12 18 4 1
V 0 0 8 4
H 3 3 1 2
H 0 0 5 2
H 16 0 1 2
V 0 0 12 1
H 10 0 2 16
H 13 3 1 4
V 10 5 6 4
H 13 0 1 20
V 13 5 2 1
V 13 18 2 1
H 14 17 1 2
H 3 5 1 2
V 1 3 4 3
H 4 0 1 10
V 5 0 2 1
V 0 0 12 1
H 11 7 1 2
H 4 0 1 2
H 10 0 2 16
H 11 8 1 2
V 10 6 6 3
V 11 7 2 1
V 11 9 2 1
H 12 0 2 20
V 13 18 2 1
H 12 18 1 2
H 3 0 7 4
V 6 0 6 1
H 10 0 1 16
H 12 9 1 2
V 10 8 4 2
H 12 1 1 16
H 13 1 1 14
H 12 4 2 10
V 11 5 2 7
V 10 9 2 1
H 11 1 1 16
V 11 5 6 3
V 12 7 2 1
H 12 0 1 16
V 12 9 2 1
V 12 14 2 1
V 1 12 2 1
H 2 0 1 16
V 7 0 2 1
V 7 5 2 2
V 7 17 2 1
V 2 0 6 5
V 0 0 12 1
H 10 0 2 14
V 9 0 2 1
V 11 6 2 1
H 10 0 2 16
V 12 6 2 1
H 13 0 1 10
V 12 9 2 1
H 13 1 1 12
H 8 0 1 18
V 6 0 6 1
H 10 0 2 14
H 10 1 2 14
V 8 2 2 1
H 5 0 4 20
H 5 0 5 8
H 2 0 1 2
H 10 0 1 2
V 2 0 10 1
V 11 10 2 1
H 10 0 2 12
V 10 5 4 2
H 12 0 1 14
V 11 10 2 1
H 10 1 2 10
V 10 7 6 2
V 11 5 6 4
H 5 0 5 6
V 6 0 6 1
V 6 17 6 3
H 10 0 2 10
V 11 5 6 3
H 12 2 3 6
H 13 1 1 2
V 13 2 4 1
V 6 13 2 1
H 7 0 3 14
V 9 0 2 1
H 5 0 5 12
H 10 0 1 12
V 10 5 4 2
H 12 1 1 12
V 4 0 8 1
H 10 0 2 10
V 10 5 6 2
H 13 0 1 10
V 13 0 2 1
H 4 0 1 20
H 4 0 1 18
V 0 0 12 1
H 10 0 2 10
V 10 5 6 3
V 12 0 2 1
H 13 0 1 12
V 5 0 2 1
H 7 9 1 2
H 6 0 2 20
V 6 1 2 1
H 6 0 1 14
V 2 0 10 1
V 10 10 4 1
V 11 8 2 1
H 10 0 2 12
H 10 0 2 14
H 0 0 3 20
H 0 0 1 14
V 0 1 2 1
V 0 0 8 1
V 0 0 12 1
H 10 0 2 10
V 10 5 6 3
V 13 6 2 1
H 12 0 2 8
V 12 1 4 2
V 12 2 4 3
V 13 5 2 1
H 13 0 1 10
V 12 5 4 4
V 10 5 4 5
H 10 12 1 2
H 10 1 2 12
H 2 1 1 2
H 8 0 1 14
V 8 0 4 1
V 8 19 4 1
H 10 0 1 14
V 10 6 6 2
V 11 6 6 2
V 7 3 2 1
H 8 0 1 10
H 1 0 1 2
H 11 0 1 2
V 6 0 6 1
H 10 0 2 10
V 11 5 6 2
H 12 2 3 4
V 13 3 4 1
H 3 0 1 20
H 3 13 1 2
H 3 0 1 14
V 2 2 2 1
V 3 0 4 5
V 0 0 12 1
H 10 0 2 10
H 14 6 1 2
V 11 5 6 2
H 14 1 1 8
H 0 0 1 20
H 0 0 1 12
V 0 0 8 1
V 0 0 12 1
H 10 0 2 10
V 10 5 4 1
H 12 0 1 12
H 1 0 2 20
H 1 0 1 14
H 4 0 1 2
V 0 0 6 1
V 0 0 12 1
H 10 0 1 10
V 15 6 2 1
V 10 5 6 3
H 13 2 2 6
V 12 2 4 3
V 8 7 2 1
H 5 0 4 16
V 4 0 8 1
H 10 0 2 10
V 9 0 2 1
H 10 0 2 12
H 7 0 3 16
H 9 15 1 2
H 6 0 4 8
V 9 0 2 1
H 10 0 1 10
V 10 5 4 3
H 12 1 1 10
V 0 3 10 1
H 5 0 5 6
V 0 0 12 1
H 10 0 2 10
V 10 5 6 3
H 12 4 3 2
V 13 4 4 1
H 1 0 2 12
V 1 0 4 1
V 0 0 12 1
H 10 0 2 10
V 10 5 4 2
H 12 0 1 10
V 8 0 4 1
H 10 0 2 10
V 10 5 6 2
H 14 3 1 6
H 0 0 3 20
V 0 0 8 2
H 3 0 7 2
V 0 0 12 1
H 10 0 1 12
H 10 1 1 12
V 3 1 2 1
V 0 0 8 3
H 1 0 8 4
H 9 0 1 2
V 0 0 12 1
H 10 0 1 12
H 10 4 1 2
V 10 5 6 2
V 11 5 6 2
V 5 19 6 1
H 6 0 2 20
V 5 12 2 1
V 5 19 2 1
H 6 0 2 18
V 4 0 8 1
H 10 0 2 10
V 10 5 6 2
V 14 6 2 1
H 14 2 1 6
V 14 7 2 1
H 10 18 1 2
V 5 11 2 1
V 5 17 2 1
H 6 0 1 20
V 2 0 10 1
H 11 0 1 10
H 10 1 2 10
V 3 0 2 1
H 4 0 1 16
V 0 0 12 1
H 10 0 1 10
V 10 5 6 1
H 14 5 1 2
V 11 5 2 1
H 12 3 2 6
V 10 18 2 1
V 1 16 2 1
H 0 0 2 20
V 1 6 2 1
V 1 8 2 1
H 0 0 2 16
V 0 0 10 1
H 3 0 1 2
H 11 0 1 2
V 0 0 12 1
H 11 0 1 10
H 14 4 1 2
H 12 5 1 2
V 10 5 6 1
H 12 5 2 2
V 13 6 2 2
H 12 3 3 4
H 5 14 4 6
V 8 19 2 1
H 10 0 2 2
V 6 0 6 1
H 9 13 1 2
H 6 0 4 14
V 6 13 2 1
H 7 0 2 20
V 6 17 6 1
V 0 10 2 1
H 1 0 1 12
V 0 0 6 3
H 3 0 1 2
V 0 0 12 1
H 10 9 1 2
H 10 0 1 10
V 10 5 4 2
H 12 2 1 6
V 1 10 2 1
V 1 13 2 1
H 2 0 1 20
V 1 1 2 1
V 2 1 4 4
H 6 1 1 2
H 6 3 1 2
H 3 0 6 4
V 0 0 12 1
V 10 3 2 1
H 10 0 1 10
V 10 4 2 5
V 10 5 4 1
H 12 3 2 4
V 8 14 2 1
H 5 9 4 10
V 7 17 2 1
V 6 17 4 2
V 1 0 8 2
V 0 0 12 1
H 10 3 1 2
H 10 0 2 4
H 10 0 2 8
V 11 5 2 1
V 10 5 4 2
H 3 0 1 20
V 3 1 2 5
H 0 0 9 2
V 0 0 12 1
H 10 0 1 10
V 10 5 4 1
V 11 5 4 1
H 5 0 1 20
H 5 0 1 18
V 2 0 10 1
H 10 0 2 8
H 10 0 1 10
H 11 6 1 2
V 7 1 2 18
H 7 1 1 14
H 5 12 3 8
V 7 0 4 1
H 10 0 1 8
H 10 1 1 8
V 3 3 2 1
H 3 0 1 14
V 2 0 4 1
V 0 0 12 1
H 10 1 1 2
H 10 0 2 4
H 10 0 2 6
V 10 5 4 1
H 4 0 1 20
V 3 2 2 1
H 4 0 1 12
V 4 0 2 2
V 0 0 12 1
H 10 0 2 4
H 10 1 2 6
V 11 5 2 1
H 12 4 1 2
H 8 16 1 2
V 6 1 4 12
V 6 10 2 5
V 6 11 2 1
H 6 6 1 14
V 8 16 2 1
V 4 1 4 1
H 7 0 1 18
H 7 5 1 2
H 5 0 5 6
V 6 0 6 1
V 11 5 2 1
H 10 0 2 6
V 9 0 2 1
H 10 0 1 8
H 3 0 1 20
H 4 0 1 20
V 7 8 2 1
V 6 7 2 1
H 7 7 1 10
H 5 12 2 6
V 5 14 4 1
V 7 12 2 1
H 9 7 1 2
V 6 8 4 7
H 4 0 1 14
V 4 0 4 3
H 6 0 1 16
H 6 0 1 18
H 5 2 1 2
H 11 2 1 2
H 5 10 1 8
H 5 7 2 10
V 0 1 8 2
V 5 0 4 1
H 0 0 7 2
V 0 0 12 1
H 10 1 1 2
H 10 2 1 4
H 10 0 1 2
H 10 0 1 6
V 6 0 4 4
H 8 0 2 10
H 8 1 1 14
V 5 1 4 9
H 7 6 1 6
H 5 2 3 6
H 6 0 1 16
V 6 9 4 1
H 6 0 3 12
H 6 0 3 14
H 7 13 1 2
V 5 12 2 1
V 6 4 2 1
H 9 6 1 6
V 4 0 8 1
H 10 0 2 2
H 10 1 1 2
V 5 4 2 1
V 6 2 4 9
H 8 3 1 10
V 0 2 2 17
H 1 0 1 14
V 0 0 12 1
H 7 0 2 12
V 7 2 2 2
H 7 0 1 14
V 5 9 2 1
V 6 12 2 1
H 5 6 2 8
H 6 4 1 2
V 3 3 6 2
H 5 4 1 6
V 4 4 2 1
H 5 1 1 14
H 4 2 1 10
H 4 0 1 18
V 3 2 2 1
V 0 0 8 4
V 0 3 10 1
H 5 3 1 2
H 5 2 5 4
H 9 1 1 10
H 5 12 1 2
H 1 10 1 2
V 7 7 2 4
H 7 6 1 6
V 7 10 2 1
H 1 0 2 20
H 3 7 1 12
V 2 0 2 4
H 3 0 1 18
H 3 0 1 20
V 8 0 2 1
H 3 0 1 18
V 3 0 2 6
H 4 0 1 16
H 4 1 1 16
H 5 3 5 6
V 8 1 2 7
H 8 6 1 2
H 8 1 1 6
H 7 0 2 10
V 5 8 2 2
H 5 8 1 4
H 3 10 1 8
H 7 1 3 6
H 8 1 2 4
V 6 3 4 3
H 5 2 5 6
H 3 2 1 12
V 0 3 2 1
V 0 17 2 1
V 2 3 2 1
V 1 3 8 2
V 7 5 2 1
V 5 3 2 1
H 6 0 2 10
H 0 0 1 20
H 9 2 1 2
V 6 1 2 8
H 7 7 1 2
V 5 8 2 2
H 6 8 1 2
H 9 3 1 2
H 4 4 1 2
V 2 4 8 1
H 3 3 1 2
H 5 3 5 4
V 7 6 2 2
H 8 6 1 2
V 0 1 4 1
H 0 0 2 12
V 0 1 8 1
H 5 0 2 8
V 0 4 6 1
H 5 1 1 10
H 3 0 1 14
V 0 3 10 1
H 0 1 9 4
H 4 0 1 10
H 4 0 1 14
V 6 7 2 1
H 6 5 1 4
V 6 1 2 7
H 6 0 1 8
H 3 0 1 16
H 4 0 1 2
V 0 1 8 4
V 8 4 2 1
H 6 4 1 2
V 5 4 4 1
H 5 0 1 8
H 5 2 2 6
V 5 1 2 4
H 5 1 1 6
H 5 1 1 8
V 3 4 6 1
H 3 3 1 6
H 3 1 1 14
V 6 5 2 1
H 3 8 1 6
H 0 1 1 4
V 0 1 6 2
H 0 0 5 4
H 2 2 1 2
H 2 1 2 4
V 1 3 6 2
H 5 3 2 4
H 5 4 2 2
V 5 4 4 1
V 4 2 2 3
H 4 4 1 2
H 4 1 1 10
H 2 0 1 18
V 3 3 2 1
V 2 2 2 1
V 2 1 2 6
V 1 5 2 1
V 0 3 8 1
V 5 5 2 1
H 5 3 1 4
V 0 10 2 1
H 1 3 2 10
H 2 0 1 12
V 3 4 2 1
V 0 3 4 4
V 2 3 4 1
H 3 1 1 12
H 1 3 1 2
H 2 1 2 4
V 5 4 2 1
H 5 4 1 2
V 1 4 4 2
H 1 5 1 2
H 0 4 5 2
H 2 4 1 2
V 1 4 6 1
V 0 0 2 4
V 1 0 2 2
V 2 2 2 1
V 0 0 2 3
H 0 0 2 4
H 3 3 1 6
H 4 3 1 2
V 2 4 4 1
H 0 3 1 14
H 1 2 1 2
V 0 3 4 3
V 1 4 4 2
H 4 4 1 4
H 3 4 1 6
V 3 4 2 2
H 2 3 2 4
V 2 4 2 3
H 2 2 1 4
H 0 0 1 4
H 4 5 1 2
V 0 2 2 11
V 0 6 2 1
H 1 2 1 10
V 0 4 4 3
V 3 5 2 1
H 3 5 1 2
H 2 7 1 2
V 1 5 2 13
V 1 14 2 1
H 1 3 1 16
H 0 2 1 18
H 0 2 1 2
H 0 3 1 16
V 0 8 2 4
H 0 5 2 6
H 0 6 1 2
V 0 6 4 1
H 1 4 1 6
H 2 5 1 2
H 1 6 1 8
H 1 6 2 14
H 1 7 1 2
H 0 5 3 6
H 0 8 1 2
V 0 8 2 1
H 0 4 1 8
H 2 6 1 12
H 1 6 1 2
H 0 10 1 2
H 2 8 1 2
V 0 7 2 3
H 0 7 2 4
V 0 9 2 3
V 1 9 2 1
H 0 10 3 10
H 1 9 1 2
H 1 10 1 2
H 0 11 3 8
H 2 11 1 2
H 0 9 1 10
V 0 11 2 1
H 0 10 1 2
H 1 12 2 4
H 2 13 1 2
H 0 14 1 2
H 0 11 1 4
H 1 15 1 2
V 0 13 2 3
V 1 14 2 1
V 1 17 2 3
H 0 13 2 6
H 1 13 1 2
V 1 15 2 1
H 0 13 1 4
H 0 15 3 4
H 0 14 1 2
H 0 17 2 2
H 1 16 2 4
H 0 15 1 4
H 0 16 1 2
H 2 18 1 2
V 1 19 2 1
V 0 18 2 2
H 1 17 1 2
V 0 18 2 1
