V 6 0 14 1
V 7 6 8 1
H 4 2 1 4
V 9 12 2 1
V 0 4 20 16
H 0 1 1 10
V 0 4 4 9
H 0 0 1 8
H 7 2 1 10
V 18 15 2 1
V 5 7 14 9
H 12 5 1 14
H 10 0 9 20
H 15 0 4 8
V 13 12 2 1
V 0 11 14 3
V 4 2 2 1
V 4 5 2 1
H 5 0 5 20
H 8 0 1 2
H 10 0 1 2
V 0 1 20 1
V 7 8 2 1
V 8 2 12 10
H 13 3 1 2
H 9 0 9 4
H 15 1 4 2
V 16 4 2 1
V 16 13 2 1
V 14 2 6 18
V 0 12 2 1
H 1 0 3 20
V 7 4 2 1
H 1 0 7 8
V 11 14 2 1
V 0 10 12 8
V 0 1 2 1
V 0 18 2 1
H 0 1 1 18
H 0 1 1 8
V 1 3 2 1
V 12 19 2 1
V 0 3 4 16
V 2 5 2 1
H 2 0 1 12
V 2 1 16 7
H 11 1 6 4
H 13 3 1 4
V 12 3 8 1
V 1 7 2 1
V 0 2 2 18
V 0 2 2 1
H 1 1 3 16
V 0 9 2 1
H 11 0 3 4
V 5 2 14 3
H 12 0 1 2
V 3 1 12 3
V 3 17 12 2
V 2 1 2 1
V 3 1 14 1
H 15 0 2 2
H 0 8 1 12
H 5 9 2 2
V 0 9 16 1
H 0 2 10 14
H 4 11 1 8
V 0 17 20 1
H 19 16 1 4
H 4 2 1 2
H 13 2 1 2
V 2 1 6 2
H 12 18 1 2
H 16 18 1 2
V 10 14 10 5
H 3 0 2 6
V 0 3 8 14
V 8 10 2 1
V 8 13 2 1
V 5 8 2 1
V 6 1 6 18
V 2 2 16 1
H 3 8 1 2
V 0 9 20 1
H 1 2 2 14
H 9 0 4 20
V 5 19 14 1
V 5 11 12 1
V 13 11 6 8
H 16 1 1 18
V 16 4 2 1
V 16 12 2 1
H 9 1 8 14
H 6 3 1 2
V 0 4 18 1
V 3 2 4 4
H 3 0 1 8
V 0 17 20 1
V 0 13 12 5
H 0 16 3 4
H 3 4 16 2
V 18 5 2 1
H 2 2 1 2
V 1 3 2 17
H 9 6 1 4
H 1 3 11 6
H 2 2 15 4
V 0 4 6 15
H 16 14 1 2
H 12 3 6 12
V 9 13 6 1
V 12 12 8 6
H 18 14 2 4
V 6 2 4 1
H 6 1 3 2
V 2 2 12 1
H 1 13 1 4
V 0 8 6 6
H 3 13 1 2
H 0 8 12 6
V 11 12 2 1
H 0 5 1 14
H 18 4 1 14
H 18 5 1 14
H 18 16 1 2
V 11 8 4 3
H 13 0 2 18
V 12 5 2 1
V 13 5 4 13
V 12 11 2 1
H 15 10 1 2
H 11 1 5 10
V 5 0 2 16
H 13 8 1 4
V 0 8 20 1
V 16 11 2 1
H 14 2 3 12
H 13 0 1 16
V 12 8 2 1
H 13 0 1 20
H 4 18 1 2
H 10 18 1 2
V 10 19 8 1
V 0 5 2 1
V 12 6 8 2
V 15 8 2 1
H 14 2 2 8
H 14 2 1 2
H 17 15 1 2
V 14 7 6 9
H 14 5 5 4
H 5 0 2 8
H 11 4 1 2
H 14 4 1 2
V 1 4 16 1
H 12 0 2 8
H 4 3 13 2
V 1 4 8 4
H 16 11 1 2
V 15 10 2 2
H 15 4 2 16
H 11 5 1 8
V 4 7 16 8
H 16 13 4 4
H 16 3 1 8
H 5 0 2 14
V 0 6 2 12
H 12 14 1 2
H 0 7 13 8
H 0 6 5 12
H 2 10 1 2
V 2 9 4 2
H 2 3 1 14
V 2 4 2 1
V 5 9 14 2
H 17 4 1 12
H 2 11 1 2
H 5 11 1 2
H 10 12 1 2
V 0 12 20 1
V 1 16 2 1
H 2 6 1 14
V 4 6 14 1
H 17 5 1 10
V 16 16 2 1
H 17 5 1 14
V 0 6 2 4
H 0 11 1 2
H 0 6 7 6
V 8 1 6 15
H 12 0 1 2
V 2 12 2 4
H 2 13 7 6
V 1 5 10 1
H 2 4 1 2
V 17 7 2 6
H 18 7 1 10
V 18 7 2 1
V 14 4 2 1
H 15 3 1 14
H 5 1 2 16
H 0 14 1 2
V 8 16 10 1
V 10 17 8 1
H 15 14 1 6
H 4 2 2 18
V 3 19 2 1
V 6 7 2 1
V 1 7 6 6
V 0 12 2 1
H 1 6 1 12
V 8 5 6 5
H 13 1 1 14
V 11 7 6 9
H 15 10 1 2
H 14 4 3 14
V 13 7 6 9
H 16 14 2 4
V 17 7 2 9
H 18 6 1 2
V 17 13 2 1
V 16 6 2 11
H 15 15 2 4
V 6 5 4 13
H 6 0 1 18
H 10 0 2 8
V 0 7 18 1
H 1 5 1 4
V 12 2 2 6
H 13 2 1 2
V 12 6 6 2
V 1 16 2 1
V 9 8 6 1
H 2 10 10 8
V 11 8 6 1
V 16 8 4 7
H 13 11 5 6
V 12 12 8 3
H 19 13 1 2
H 8 4 1 2
H 6 1 7 4
V 3 4 10 6
V 9 17 8 1
V 4 17 10 3
H 7 17 1 2
H 4 18 10 2
V 3 15 4 4
V 11 6 4 4
H 12 1 1 12
H 12 2 1 4
V 4 3 10 4
V 5 2 4 1
H 5 2 2 18
V 3 12 16 2
H 5 3 5 16
V 4 4 12 1
V 7 5 2 1
H 7 0 1 12
V 8 3 2 6
H 8 3 1 2
V 5 3 10 1
H 4 16 12 2
H 11 15 1 2
H 14 15 1 2
V 1 16 12 1
H 14 17 1 2
V 10 0 2 1
H 17 12 1 2
V 1 11 18 2
H 1 6 1 10
V 1 9 10 3
H 6 1 1 18
H 4 9 1 10
V 3 16 10 1
V 2 16 14 1
H 15 15 1 4
H 12 3 1 16
H 10 8 1 2
V 6 8 14 1
V 0 8 2 1
V 1 7 4 9
H 1 7 1 4
V 6 10 8 9
H 8 9 1 2
V 7 17 2 1
H 8 5 4 14
H 11 7 1 2
V 3 7 16 1
H 1 12 9 4
V 12 4 2 15
H 13 18 1 2
H 13 9 1 10
V 10 11 8 3
V 17 12 2 1
H 17 8 1 8
V 0 8 12 5
V 7 17 2 1
V 4 13 8 5
H 5 16 2 4
V 2 7 10 4
H 3 5 13 4
H 0 10 12 2
H 2 7 1 10
V 6 4 2 1
H 6 2 1 12
V 2 10 6 3
H 3 8 1 10
H 6 3 5 6
V 3 6 14 1
H 9 12 1 4
V 8 9 2 4
V 0 10 20 3
H 3 9 1 2
H 19 9 1 2
V 13 7 4 7
H 13 8 3 10
H 6 10 1 2
H 19 10 1 2
V 3 11 4 6
H 5 3 1 16
V 7 5 8 3
H 10 1 1 18
V 3 13 16 2
H 10 0 1 12
V 14 15 2 1
H 14 5 1 12
V 10 13 10 1
H 17 12 1 2
V 10 1 2 10
H 11 1 1 2
V 4 12 4 6
V 3 6 2 10
H 3 15 1 2
V 6 10 6 1
V 9 1 2 18
H 8 1 3 2
H 13 15 1 4
V 12 16 2 3
H 13 17 1 2
H 2 7 2 2
V 1 8 4 3
V 2 9 2 7
H 2 7 5 4
V 7 2 4 13
H 4 5 11 2
V 12 6 4 3
H 12 15 1 2
H 5 16 10 2
V 12 11 4 6
V 5 6 2 13
H 5 9 3 10
V 6 4 8 5
H 8 2 4 4
H 12 4 2 8
V 2 8 2 1
H 3 7 11 8
V 0 9 6 4
V 3 12 2 1
V 5 7 2 1
V 4 5 2 11
H 4 5 1 6
H 5 4 3 6
V 6 5 2 12
H 6 8 1 12
V 6 15 2 1
H 6 13 1 6
V 5 14 2 1
V 2 11 8 5
V 0 10 4 4
V 7 10 2 1
H 8 8 2 6
H 2 13 1 2
H 6 13 1 2
V 1 12 18 2
V 14 7 2 1
V 14 10 2 1
V 11 9 4 9
H 11 8 2 12
V 9 12 2 1
H 9 0 1 20
H 9 0 1 4
V 3 13 2 1
H 9 3 2 16
V 2 10 18 1
V 8 8 2 1
H 8 2 1 14
V 5 8 12 6
H 14 13 1 2
H 14 6 1 12
V 1 10 12 1
V 1 10 18 3
H 16 7 1 6
H 11 3 1 2
V 11 4 2 9
H 12 4 1 2
H 10 3 2 6
V 8 2 2 17
H 8 2 2 6
V 12 15 2 1
H 13 14 1 4
V 11 12 2 1
V 12 10 4 6
H 3 8 4 8
V 1 9 4 5
V 4 6 2 3
H 4 6 1 4
V 0 10 12 2
H 0 11 1 2
V 0 10 8 2
H 1 9 1 2
V 15 14 2 1
H 12 11 4 4
V 10 11 10 1
V 16 9 2 4
H 16 9 2 4
H 16 10 1 2
V 3 10 10 4
H 6 4 1 14
V 10 4 2 16
V 11 7 4 1
H 11 6 1 10
H 11 4 1 16
H 9 1 1 18
V 5 6 8 2
H 9 6 1 2
H 5 5 9 4
H 9 3 2 16
H 9 12 1 2
H 7 11 1 2
H 13 11 1 2
V 4 12 12 1
V 3 14 2 1
H 4 9 1 8
V 2 13 14 1
H 9 3 2 16
H 10 4 1 2
V 6 5 8 1
H 8 3 3 4
H 10 7 5 4
V 6 7 8 1
H 13 6 1 2
H 3 10 1 2
V 1 11 6 1
H 3 8 2 6
V 3 9 2 1
V 4 8 2 3
H 5 6 1 4
V 11 15 2 1
V 9 15 2 1
V 8 13 4 3
H 8 10 1 10
V 7 14 2 1
H 8 15 1 2
V 8 14 6 2
H 10 10 1 10
V 10 15 2 2
H 9 13 3 6
H 4 9 1 2
V 4 10 12 3
H 8 5 2 12
V 6 15 8 2
V 12 10 2 6
H 12 14 1 4
V 16 12 2 1
V 11 11 6 3
H 16 12 1 2
H 4 13 1 2
V 8 5 2 6
H 8 3 1 10
V 7 7 6 7
H 12 5 1 6
H 10 7 2 2
V 6 8 10 1
V 10 10 6 5
H 10 6 1 10
H 9 8 1 2
V 5 9 12 1
V 4 9 2 1
V 5 7 2 2
H 6 6 3 8
V 4 10 12 1
V 6 16 2 1
H 6 6 1 12
V 7 9 2 1
V 9 9 2 1
V 9 11 2 1
V 8 7 2 7
V 9 13 2 1
H 9 2 1 12
H 8 9 5 8
V 0 11 16 1
H 7 11 3 2
H 13 11 1 2
V 1 11 18 1
V 5 8 2 1
V 6 6 4 5
V 12 10 4 4
H 10 5 1 2
H 7 6 5 6
V 11 6 2 1
V 6 7 4 7
V 9 9 2 1
H 8 9 1 2
H 8 4 2 6
V 13 11 4 1
H 11 8 4 6
H 13 10 1 2
H 11 11 5 2
H 10 8 1 4
H 10 9 3 8
H 10 15 1 4
V 1 11 10 1
H 2 11 1 2
V 7 13 8 2
H 8 12 6 4
H 8 5 1 14
V 7 9 2 1
V 4 10 12 2
H 6 7 3 8
H 10 6 1 2
V 5 7 6 5
H 9 5 1 6
H 8 5 1 4
V 8 5 4 1
V 4 11 10 1
H 10 8 4 6
V 2 11 14 1
V 1 11 10 1
H 12 12 1 4
V 6 7 4 6
V 6 7 2 1
H 6 12 9 2
V 3 11 6 2
H 7 9 1 8
H 8 6 3 6
V 10 6 2 1
H 11 10 4 4
V 12 12 4 1
V 14 11 2 1
V 10 10 6 1
V 9 15 2 1
V 11 13 4 1
H 4 12 1 2
V 5 11 4 1
V 6 9 8 4
V 7 6 2 10
H 7 6 3 6
V 12 10 2 1
H 10 11 1 2
V 10 12 4 3
H 8 13 4 4
V 7 11 2 2
H 8 8 1 10
H 9 4 1 2
V 8 5 2 1
V 8 16 2 1
V 9 6 2 11
H 10 15 1 2
H 9 6 2 4
H 8 11 6 2
V 3 11 10 1
H 4 11 1 2
V 10 9 2 1
V 10 13 2 1
H 8 10 3 6
V 6 14 6 1
V 3 11 10 1
V 9 11 2 1
H 8 7 2 8
H 8 10 1 2
V 4 11 10 1
H 4 10 1 2
H 8 7 2 10
V 7 11 6 1
H 9 5 1 12
H 8 7 2 8
V 5 11 10 1
H 13 11 1 2
H 6 12 1 2
H 13 12 1 2
H 13 11 1 2
V 7 13 2 1
V 8 13 4 2
H 8 12 2 4
V 8 14 2 1
H 9 8 2 8
V 9 7 2 1
H 8 7 2 4
V 7 9 6 1
V 8 9 2 1
H 8 8 1 6
V 6 13 4 1
H 7 12 1 2
H 11 12 1 2
V 11 11 2 1
H 8 11 4 2
V 9 11 6 1
H 12 11 1 2
V 8 9 4 1
H 9 9 2 4
V 5 11 8 1
H 5 10 1 2
H 8 10 1 2
H 10 11 1 2
V 9 9 2 1
H 9 9 1 6
V 4 11 10 1
H 8 10 1 2
V 10 9 2 1
H 8 12 1 2
H 9 10 1 4
V 8 13 2 1
V 9 11 2 1
V 8 11 2 1
H 9 11 1 2
H 9 10 1 6
H 9 9 1 6
V 8 11 4 1
H 11 11 1 2
V 7 12 2 1
H 8 11 2 2
V 8 11 2 2
V 7 12 2 1
H 9 9 1 2
H 9 10 1 2
V 9 10 2 1
H 9 10 1 4
H 9 9 1 4
H 9 11 1 2
H 9 10 1 2
