V 6 7 2 1
H 10 12 1 2
H 15 7 1 2
H 16 10 1 2
H 10 14 1 2
V 11 11 8 3
V 11 8 2 1
V 15 4 2 1
V 12 2 8 10
H 19 4 1 16
V 5 8 6 1
H 4 7 7 2
H 7 7 2 2
V 2 7 18 1
H 13 8 1 2
H 16 8 1 2
H 11 7 9 4
H 19 1 1 18
H 0 0 1 10
V 0 9 2 11
H 1 7 9 4
V 8 7 8 1
V 1 7 16 1
V 1 7 18 1
H 16 6 4 4
H 13 0 6 20
V 13 0 6 2
H 17 0 2 18
V 18 11 2 1
H 18 1 1 18
V 14 11 6 2
H 16 6 1 14
H 4 7 6 4
H 8 6 1 2
V 1 7 18 1
V 14 14 2 1
H 15 0 1 20
H 12 14 1 4
V 12 16 8 2
V 16 2 4 1
H 17 1 3 12
V 17 3 2 1
H 18 1 2 16
V 16 18 2 1
H 5 5 1 2
H 3 3 8 6
H 12 4 1 8
H 10 6 1 2
H 19 6 1 2
V 8 7 12 1
V 14 8 2 1
H 14 0 1 20
V 11 17 8 1
V 12 4 8 1
V 18 0 2 9
H 19 8 1 2
H 18 0 2 12
V 18 9 2 1
H 19 0 1 16
V 1 6 2 1
V 5 15 2 1
V 2 2 8 16
H 3 7 7 2
H 6 6 1 2
V 2 8 2 1
V 1 7 18 1
H 15 6 1 2
H 14 10 1 2
H 12 7 6 4
H 14 1 3 18
V 16 7 2 1
V 8 4 2 1
V 6 9 2 1
H 7 2 2 18
H 3 7 1 8
V 2 7 14 1
V 13 6 2 1
V 14 19 2 1
H 14 0 1 20
V 12 17 6 1
V 3 2 4 12
H 5 2 1 10
H 16 7 1 2
V 1 7 18 1
V 13 5 2 1
V 13 10 2 1
V 15 12 4 1
H 14 0 3 18
H 17 15 1 2
V 11 16 8 1
V 0 13 2 1
H 0 0 1 14
V 1 9 2 1
V 0 9 2 9
H 9 9 1 2
H 0 8 1 2
V 0 9 10 1
H 6 6 1 2
H 2 7 5 4
V 1 7 18 1
H 15 6 3 4
H 15 0 1 20
V 11 6 6 12
V 11 7 8 5
H 18 4 1 12
V 14 4 4 5
H 12 1 8 8
H 17 1 1 16
V 11 0 4 9
V 13 2 2 1
H 14 0 1 18
V 13 7 2 1
H 14 0 1 20
H 5 2 4 6
H 18 7 1 2
V 3 7 16 1
H 17 8 1 2
H 15 7 4 4
H 15 1 1 18
V 5 2 6 15
H 9 8 1 2
H 2 5 9 4
H 5 7 1 2
V 2 7 18 1
H 15 0 5 14
V 0 14 2 1
V 7 3 2 1
V 7 6 2 1
V 7 13 2 1
H 1 0 4 20
H 1 7 5 4
V 1 7 12 1
H 19 4 1 8
H 13 6 1 2
V 2 7 18 1
H 18 7 1 6
H 18 1 2 14
H 15 16 1 2
H 14 17 1 2
V 13 2 2 1
V 13 17 2 1
V 11 0 6 8
H 13 0 1 18
H 13 0 1 20
H 8 7 3 12
V 2 7 16 1
H 17 0 1 16
H 1 6 10 2
V 1 7 16 1
V 1 7 18 1
V 18 4 2 1
H 17 0 2 14
V 18 7 2 1
V 1 2 4 8
H 2 0 1 2
H 1 1 4 8
H 14 6 1 2
V 2 7 18 1
V 13 0 2 1
H 13 0 1 18
V 11 16 6 1
H 9 16 1 2
H 13 16 1 2
H 2 4 7 4
H 15 6 1 6
H 9 7 1 6
V 3 7 14 1
H 19 7 1 2
V 2 7 18 1
H 18 1 2 12
V 18 12 2 1
H 16 9 2 6
V 11 14 2 1
V 12 16 2 1
H 12 12 1 8
V 16 11 2 1
V 14 5 2 1
V 15 1 4 13
H 14 9 2 8
V 18 11 2 1
V 17 3 2 10
H 18 2 1 12
V 14 6 2 1
H 15 3 1 2
H 16 2 1 4
V 15 4 2 11
V 16 5 2 2
V 16 13 2 1
H 15 2 2 14
V 0 9 10 1
H 9 7 2 4
H 13 3 1 6
V 1 7 18 1
V 18 8 2 1
H 11 1 8 12
V 16 1 2 9
H 16 0 1 8
H 13 0 1 18
H 10 7 1 6
H 8 7 2 2
V 9 7 4 1
H 12 0 1 18
V 11 15 4 2
V 9 10 2 1
H 10 5 1 6
V 1 7 6 1
V 2 7 18 1
H 14 0 1 6
H 11 3 9 8
H 3 7 6 2
V 5 7 12 1
H 11 7 1 4
H 11 0 1 20
V 15 1 2 1
V 15 8 2 5
H 11 9 5 6
H 1 6 10 2
H 13 7 1 2
V 4 7 16 1
V 17 11 2 1
H 17 2 1 10
H 12 10 1 2
V 11 4 8 7
H 13 5 1 12
H 11 0 1 18
V 11 5 8 1
H 15 0 1 10
H 10 0 1 12
V 3 7 16 1
H 14 3 5 8
H 2 6 1 2
H 18 6 1 2
V 3 9 2 1
H 1 7 3 10
V 3 7 14 1
V 2 7 18 1
V 16 6 4 1
H 18 5 2 6
H 1 11 1 2
H 11 1 5 4
H 11 13 1 2
H 11 12 5 2
V 11 12 6 1
V 14 6 6 2
H 15 3 3 8
H 14 0 1 2
V 12 5 2 1
H 12 0 1 16
V 11 5 8 1
H 16 2 1 6
V 7 7 4 1
V 1 7 8 4
V 1 7 18 1
H 12 1 3 14
H 4 5 2 6
H 10 7 1 2
V 1 7 12 1
H 11 7 9 2
H 11 0 1 18
V 8 0 2 17
V 8 1 2 1
H 9 0 1 14
H 3 6 1 2
V 2 7 18 1
H 18 4 1 6
H 6 2 1 18
H 12 6 1 2
V 1 7 18 1
H 11 2 5 12
H 6 2 1 2
V 7 9 2 1
V 6 3 4 13
H 8 6 1 2
H 6 7 5 2
V 2 7 18 1
H 15 4 3 8
H 14 6 1 6
H 11 9 5 4
H 15 5 4 4
H 17 4 1 2
V 14 6 2 2
V 11 2 2 1
V 11 12 2 1
H 12 1 3 12
H 1 6 9 2
H 8 6 1 2
V 4 7 14 1
H 11 4 6 8
H 12 11 1 2
V 11 7 8 2
V 12 12 2 1
H 12 2 1 14
V 8 3 2 1
V 8 14 2 1
V 9 1 2 13
H 10 7 1 8
V 2 7 18 1
H 8 7 1 2
H 19 7 1 2
H 1 2 3 6
H 7 2 1 8
V 1 7 12 1
H 10 6 1 2
V 2 7 18 1
V 16 6 2 1
H 11 3 6 8
V 17 6 2 3
H 16 5 2 4
V 11 6 8 3
V 15 5 2 1
H 14 8 1 2
H 13 3 3 6
V 1 7 18 1
V 14 4 2 1
H 14 3 1 10
H 11 14 1 2
H 1 6 2 2
H 11 7 1 2
V 2 7 14 1
V 1 7 18 1
H 18 7 1 2
V 1 5 10 1
H 1 5 3 8
V 0 9 6 1
V 0 10 2 1
H 0 0 1 18
V 14 11 2 1
H 1 0 1 14
H 5 6 1 2
V 1 7 14 1
V 1 7 18 1
H 12 6 6 4
V 11 13 2 1
H 11 9 1 6
V 15 9 2 1
H 14 5 1 6
V 12 8 6 1
V 13 7 6 1
H 14 3 1 8
H 11 2 2 8
V 11 5 4 5
V 12 6 6 2
H 13 6 1 6
V 4 7 10 1
H 11 2 3 10
H 8 6 3 6
V 10 7 2 1
H 11 0 1 14
H 1 13 1 2
V 1 14 6 4
V 0 16 2 1
H 1 0 3 20
H 1 0 8 8
V 12 7 4 3
H 11 6 6 2
V 12 7 6 1
V 1 1 2 6
H 2 0 1 8
V 11 5 4 4
H 11 2 2 6
V 1 3 10 2
V 1 1 2 4
H 1 1 2 4
V 10 7 2 1
H 10 0 1 14
H 11 7 1 2
V 6 7 10 1
H 13 5 3 4
H 12 4 3 6
H 13 5 1 4
V 13 6 4 3
H 8 7 1 2
H 14 7 1 2
H 8 6 3 2
V 8 7 4 1
H 11 2 1 12
V 7 7 8 1
H 14 4 1 6
V 0 13 2 1
H 1 16 1 4
H 1 7 8 10
V 1 7 16 1
H 16 6 1 2
V 10 7 6 1
V 6 7 8 1
H 13 3 1 8
H 2 1 3 16
V 0 9 8 4
H 0 2 1 14
H 1 8 1 12
V 1 2 6 11
H 4 1 7 10
H 8 10 1 2
V 1 7 16 1
H 12 3 1 10
H 3 0 3 2
H 9 0 1 2
V 2 1 2 1
H 3 0 3 10
V 5 8 2 1
V 6 3 2 1
V 5 0 2 7
H 4 0 1 2
V 3 1 8 1
H 10 5 1 4
V 9 7 8 1
V 12 5 2 1
H 12 3 1 8
H 7 1 3 8
V 6 4 2 1
V 9 7 6 1
H 12 4 1 8
V 5 11 6 1
H 10 2 1 18
H 12 7 1 2
V 10 7 6 1
H 12 4 2 6
V 1 2 2 1
H 13 7 1 2
H 11 4 1 8
V 1 7 14 1
H 2 10 1 4
H 1 7 2 6
H 2 2 1 18
V 0 18 4 2
V 1 19 10 1
H 4 0 1 20
H 3 3 1 8
V 0 9 8 2
H 0 3 1 12
H 12 9 1 2
H 8 0 1 2
H 11 8 3 2
V 13 8 2 1
H 6 4 1 16
H 3 1 6 4
V 4 3 2 1
V 1 3 4 1
H 3 1 6 2
V 2 2 8 1
V 4 1 6 5
V 3 1 4 4
V 6 7 8 1
H 13 5 1 4
V 9 2 2 1
V 9 7 4 1
H 11 3 1 8
V 13 6 2 1
H 6 6 1 8
H 2 6 9 6
H 4 5 1 2
V 1 7 12 1
H 4 6 1 2
V 2 7 14 1
V 2 12 4 4
H 4 0 1 20
H 4 0 1 10
V 8 4 2 1
V 6 15 2 1
V 5 1 4 18
H 4 1 5 16
V 0 9 6 1
H 5 0 3 20
V 1 19 10 1
V 12 6 2 1
H 11 6 2 4
V 9 7 6 1
H 5 0 2 4
V 3 2 6 2
V 0 10 2 1
V 1 5 2 8
H 1 4 10 12
V 4 7 2 1
H 5 0 2 8
H 3 7 1 2
H 12 7 2 2
H 1 5 9 6
V 0 9 2 9
H 0 5 1 8
V 6 3 4 4
V 5 3 2 1
H 6 1 3 8
V 8 7 6 1
H 10 3 1 8
V 5 18 4 1
V 1 17 10 2
V 1 17 8 2
H 7 14 1 6
V 1 14 8 1
H 2 10 2 10
H 11 4 1 2
H 6 9 1 2
V 3 10 8 1
H 7 0 1 20
V 0 13 8 1
H 4 1 4 18
H 4 1 3 6
H 13 7 1 2
V 1 8 2 1
V 2 5 4 6
H 2 4 1 6
V 4 3 2 9
H 5 1 1 8
V 8 3 2 1
V 8 7 2 2
H 9 3 1 8
H 0 6 1 2
H 12 6 1 2
V 5 4 4 6
H 6 7 4 2
V 2 7 12 1
V 1 6 2 5
H 1 6 10 10
H 1 6 1 12
V 2 10 8 2
H 6 0 1 20
H 5 2 1 10
H 6 7 1 2
V 5 9 2 1
V 1 7 12 1
H 11 5 1 4
H 7 5 3 12
H 9 4 1 16
V 0 15 10 2
V 0 13 6 3
H 0 15 1 2
H 3 4 6 2
V 7 5 4 5
H 6 9 1 2
H 7 7 1 4
V 1 7 8 3
H 1 6 1 2
V 1 12 2 5
V 1 13 2 1
H 1 9 1 8
V 5 7 6 1
H 4 3 2 12
V 5 9 2 9
H 8 16 1 2
V 3 16 8 1
H 10 16 1 2
H 6 4 4 6
V 8 7 4 1
H 11 7 1 2
V 0 9 10 3
H 0 7 1 4
V 8 4 2 11
H 5 8 4 12
V 4 7 2 1
V 5 4 2 7
H 6 1 1 14
H 0 10 11 2
H 6 5 4 14
V 3 5 2 13
H 0 10 10 2
H 9 9 1 2
H 4 4 1 16
V 0 11 6 1
H 3 5 1 14
V 0 13 6 1
H 0 12 9 4
V 2 5 2 13
H 2 5 3 12
V 1 14 10 2
V 1 14 6 2
H 2 12 3 6
H 4 4 2 4
V 6 12 4 6
V 0 9 2 1
H 5 10 1 2
H 7 6 1 2
H 1 7 10 4
V 2 9 2 1
H 5 16 1 4
V 4 13 2 1
V 2 11 6 6
H 1 14 3 2
H 2 6 1 4
V 0 9 4 6
H 4 13 2 6
V 7 4 2 14
H 8 4 1 8
H 8 15 1 4
V 8 12 2 5
H 8 11 1 8
V 5 5 2 8
V 3 6 8 1
V 2 11 4 5
H 2 6 6 10
V 6 12 2 1
V 5 10 2 1
H 6 2 1 14
V 1 14 8 2
H 5 12 1 8
V 0 11 8 1
H 7 4 1 16
H 6 3 2 12
V 5 10 2 4
H 5 6 4 12
H 7 7 1 8
V 2 7 10 1
V 9 7 2 1
V 9 10 2 6
V 4 9 2 1
H 7 6 1 2
V 3 6 4 11
V 2 14 2 1
V 3 15 2 1
H 3 11 1 6
H 6 3 1 6
V 6 4 2 8
V 6 7 2 1
H 7 4 1 12
V 4 7 2 11
H 4 8 1 10
H 3 7 1 2
H 8 7 1 2
H 6 5 3 6
V 1 8 10 1
V 3 7 4 4
V 6 5 2 1
H 6 4 1 16
V 2 15 8 1
V 5 4 2 5
V 5 18 2 1
H 5 4 1 4
V 0 12 8 1
H 1 11 10 4
V 3 12 8 3
H 6 10 1 10
V 0 10 2 1
V 4 6 4 1
V 4 6 2 1
H 6 13 1 6
V 1 10 2 4
H 2 9 2 6
H 5 15 3 2
H 5 14 1 2
V 4 14 6 2
V 3 15 4 1
H 5 14 3 4
H 9 9 1 2
V 9 10 2 2
H 9 9 2 6
H 9 7 1 2
H 6 10 1 4
H 4 8 7 4
V 5 9 2 1
H 6 4 1 6
V 3 7 6 4
H 5 5 2 6
H 5 10 1 4
H 5 7 2 10
V 1 13 8 1
V 5 6 2 1
H 6 4 1 12
H 6 5 1 6
V 2 8 8 1
H 4 7 1 2
V 7 15 2 1
H 9 13 1 2
H 2 11 9 2
H 2 11 1 2
V 0 11 6 1
V 3 10 2 1
H 3 8 1 6
V 3 9 8 1
V 5 6 2 10
H 6 12 1 6
H 5 14 1 2
H 4 13 5 2
V 2 13 8 1
V 3 11 6 4
V 3 12 4 3
H 7 13 1 4
V 1 11 8 1
H 1 10 1 2
V 5 7 4 7
H 6 6 1 10
V 4 8 6 1
V 9 13 2 1
V 1 11 8 1
V 6 12 4 1
H 5 6 2 10
V 2 10 2 3
H 3 12 1 2
V 6 7 2 1
V 5 7 2 9
H 6 13 1 2
H 5 12 3 4
V 4 14 2 1
V 3 10 8 1
H 3 9 1 2
H 5 10 2 4
V 2 10 6 2
V 3 11 2 2
H 6 9 1 2
V 4 10 2 4
V 3 10 2 1
V 8 9 2 1
H 4 8 5 6
V 4 9 2 3
V 2 11 8 1
V 5 11 2 1
H 7 9 3 4
H 5 10 1 2
V 2 11 4 1
H 6 13 1 2
H 4 10 4 4
H 4 9 1 2
V 7 11 2 3
H 8 12 1 2
H 6 8 1 2
V 5 9 4 1
V 6 12 2 1
V 5 10 2 5
V 4 10 6 1
H 5 12 2 2
V 4 12 6 1
V 5 12 2 1
H 6 8 2 6
H 6 8 2 2
V 5 9 2 6
H 5 13 1 2
H 7 10 1 4
V 5 10 4 1
V 5 10 2 4
H 6 8 1 6
V 6 9 2 2
H 7 9 1 2
H 6 12 2 2
H 7 11 1 2
H 6 10 2 4
V 7 11 2 1
V 4 11 4 1
V 6 11 2 1
H 6 11 1 2
V 5 11 2 1
H 6 10 1 2
