V 7 6 2 1
V 16 7 2 1
V 5 0 10 4
V 8 6 4 1
V 9 16 2 1
H 0 0 10 18
V 9 0 2 1
V 9 3 2 1
H 4 0 6 20
H 10 10 1 2
V 0 11 20 9
V 9 10 2 1
V 8 0 2 18
V 9 0 2 1
V 9 2 2 1
V 9 9 2 1
H 3 9 1 2
H 1 6 9 4
V 7 4 2 1
V 0 1 2 1
V 0 8 2 1
H 8 0 2 20
H 18 18 1 2
V 0 12 20 7
V 9 0 2 1
V 9 4 2 1
V 4 0 6 20
H 17 12 1 6
V 3 4 2 1
V 0 17 20 1
H 17 16 2 4
H 14 17 1 2
H 1 18 17 2
V 17 18 2 1
V 7 0 8 9
H 5 0 4 16
V 1 8 8 1
V 6 7 2 1
H 7 0 2 20
V 6 5 2 1
V 8 2 2 1
V 0 17 18 3
H 10 0 1 2
V 5 1 14 5
V 11 1 2 1
H 9 4 7 4
V 7 19 4 1
H 8 0 2 20
H 7 17 1 2
H 16 16 1 2
V 0 17 20 1
V 7 4 2 1
V 8 0 2 8
H 6 2 1 2
H 16 2 1 2
V 0 3 20 3
H 9 0 11 6
V 9 6 2 1
V 0 5 20 4
V 0 8 2 1
H 1 6 8 4
V 7 5 2 1
V 7 8 2 1
V 7 12 4 1
V 8 4 2 1
H 8 0 1 20
V 1 17 16 3
V 7 13 2 1
V 3 19 2 1
V 4 13 4 7
H 15 14 1 4
V 0 15 20 1
H 17 13 1 6
V 8 0 4 2
H 9 0 1 12
H 9 0 1 20
V 0 15 20 2
V 6 0 12 2
H 9 0 1 12
V 5 9 6 1
H 7 0 3 20
H 8 17 1 2
V 1 15 18 3
V 14 3 6 3
H 8 3 1 2
H 19 6 1 2
H 1 1 19 6
V 7 0 12 4
H 6 0 13 4
H 3 6 1 10
H 18 1 1 2
V 0 15 20 1
H 14 17 1 2
H 1 14 17 4
V 0 6 10 5
V 4 14 2 1
H 5 6 5 12
V 1 13 18 4
V 9 0 4 1
H 12 0 6 2
V 17 1 2 1
V 5 5 2 1
V 6 2 10 6
H 8 0 1 10
V 8 2 2 1
V 0 0 18 3
H 3 6 7 14
V 14 17 2 1
V 5 16 10 4
V 6 12 6 3
H 8 14 1 2
H 9 0 1 20
V 0 4 20 1
H 2 2 18 4
H 4 3 1 2
V 0 3 20 1
H 10 2 1 2
H 8 3 6 2
V 8 15 2 1
H 9 0 1 20
H 8 14 1 2
H 11 13 1 4
V 0 8 20 1
V 0 14 20 1
V 12 11 6 5
H 13 11 1 4
H 10 12 8 4
V 13 14 4 2
H 2 13 13 6
H 16 12 1 4
V 12 11 8 3
V 6 10 14 1
H 13 18 1 2
H 6 9 8 10
H 10 17 1 2
V 8 14 8 4
V 3 2 16 3
H 17 4 1 2
V 4 3 16 2
V 8 4 2 1
H 9 0 1 14
V 9 2 2 1
H 7 1 1 8
V 2 1 16 4
V 1 8 8 11
H 5 16 9 4
V 1 16 16 1
V 13 9 6 5
V 1 12 2 1
V 0 0 2 20
H 0 12 4 8
H 13 3 3 6
V 12 4 8 1
H 7 18 1 2
H 8 0 1 4
V 7 1 2 18
V 0 2 18 1
V 0 12 18 2
H 8 8 1 12
V 8 16 2 1
V 5 9 8 11
V 7 10 2 1
H 8 9 3 10
V 4 11 14 4
V 16 9 4 4
H 19 11 1 2
V 8 9 8 3
H 7 2 3 12
H 3 2 1 2
H 8 4 1 2
V 1 3 18 2
H 0 1 2 18
V 13 12 2 1
V 0 9 14 8
H 7 0 1 18
V 0 0 16 1
V 13 0 2 1
V 13 14 2 3
H 14 15 1 2
V 14 12 2 4
H 15 14 1 2
V 17 11 2 2
H 17 12 1 2
H 1 16 1 4
V 0 17 8 2
V 4 5 16 1
V 2 3 16 2
H 17 3 1 2
H 9 2 3 6
H 16 4 1 4
V 5 4 14 2
H 6 11 5 4
V 3 12 16 1
V 4 9 6 1
V 9 7 2 1
V 7 5 2 1
V 8 0 2 15
V 0 9 20 2
H 19 10 1 2
V 0 12 16 3
V 6 13 2 1
V 1 12 6 3
H 1 10 4 10
H 7 1 1 14
H 7 0 3 20
V 3 15 10 4
V 5 14 2 6
H 6 0 3 20
V 0 4 18 1
H 15 1 1 6
H 13 16 1 2
H 16 2 1 2
H 14 1 1 2
V 3 19 4 1
H 4 18 7 2
V 10 18 2 1
H 3 14 11 2
V 12 13 4 2
H 8 10 1 8
H 10 14 2 2
V 6 15 8 1
H 13 15 1 2
V 4 2 12 2
H 8 1 2 8
H 12 6 1 2
V 0 6 20 1
V 0 5 2 1
V 1 0 2 12
H 1 3 1 16
V 4 6 2 1
V 1 0 4 18
H 2 4 2 16
V 0 9 18 4
H 6 5 2 14
V 1 17 12 1
H 4 11 10 4
V 3 10 16 2
V 8 17 2 1
V 6 13 6 5
V 6 18 2 1
H 7 10 2 10
H 11 11 1 2
V 0 12 18 1
V 4 3 2 17
V 1 4 16 3
H 12 0 2 8
V 0 0 12 7
H 0 0 13 4
V 0 2 16 2
H 8 4 2 14
H 5 9 1 2
V 0 10 20 1
V 3 9 10 2
H 8 1 1 14
V 1 3 16 1
V 7 2 6 2
V 7 0 2 1
H 8 0 1 20
V 1 12 16 2
H 3 5 1 2
H 0 4 17 4
V 6 3 4 1
V 0 0 8 5
V 6 11 12 1
H 16 11 1 2
H 5 14 1 6
V 0 16 10 1
H 11 1 3 8
V 9 6 10 1
V 4 10 12 2
H 5 3 4 16
V 3 18 8 1
V 0 5 4 7
V 1 8 2 1
H 2 1 1 18
H 8 13 1 2
V 1 13 14 1
H 6 8 4 12
V 3 19 6 1
H 6 1 2 14
V 2 1 12 3
V 0 14 14 1
V 0 14 8 1
H 7 11 1 2
H 1 12 9 6
V 6 18 2 1
V 3 16 4 3
H 8 4 1 8
H 1 0 11 6
H 1 0 3 4
V 0 1 8 1
H 5 17 1 2
H 4 16 3 4
V 2 13 4 5
H 8 9 8 4
V 8 9 10 2
H 8 12 1 8
V 5 11 8 5
V 7 1 6 8
V 6 11 8 3
H 12 9 2 6
V 7 5 10 1
V 7 8 12 1
H 18 7 1 2
V 0 10 10 2
V 4 6 2 1
V 4 12 2 1
H 0 11 1 2
V 3 7 2 1
H 4 4 1 16
H 9 2 1 8
H 9 0 1 18
V 8 12 4 5
H 1 8 1 2
H 0 10 1 2
H 0 7 10 4
V 0 8 20 1
H 9 8 1 2
H 9 0 1 18
V 8 5 8 2
H 3 2 11 6
V 6 6 2 1
H 6 2 1 16
V 0 14 12 2
V 13 3 2 1
V 1 8 14 1
H 1 1 1 16
H 14 12 1 2
V 16 7 2 1
H 12 11 1 4
V 15 8 4 1
V 4 11 2 8
H 4 15 3 4
V 2 5 14 1
V 3 9 6 1
V 5 2 4 17
H 3 8 3 10
V 0 2 4 13
H 0 7 5 8
V 2 11 14 1
H 14 11 1 2
V 10 5 4 1
H 3 3 11 4
V 7 11 2 1
H 8 2 2 12
V 5 2 8 7
H 5 4 1 12
H 5 0 6 8
H 8 0 2 10
H 6 4 1 10
H 5 6 1 10
V 0 9 18 1
V 4 5 4 4
V 6 3 2 1
H 6 1 1 10
V 2 1 10 3
H 4 0 4 6
H 5 4 1 2
V 1 4 14 1
V 0 8 10 4
H 6 6 1 14
V 2 15 10 1
V 0 10 16 1
H 4 1 1 16
V 0 2 8 1
V 1 12 12 2
V 0 7 10 7
H 1 1 1 14
H 1 1 2 10
V 2 15 2 1
H 5 17 1 2
V 6 3 4 14
H 7 13 3 4
V 12 5 2 4
H 12 3 1 6
V 0 7 4 4
H 0 3 1 8
V 7 9 6 4
H 10 10 1 6
H 4 6 1 6
V 1 10 12 4
V 3 5 12 1
H 9 9 3 6
V 7 9 10 1
V 6 12 4 4
V 7 12 2 1
H 7 9 1 10
V 2 13 2 1
V 3 3 4 14
H 3 3 1 14
H 11 2 1 2
H 0 4 9 6
V 1 7 16 2
V 1 6 14 2
V 4 8 6 1
H 6 1 1 2
H 1 2 6 8
H 5 3 4 12
H 1 3 1 2
V 0 4 14 3
V 5 3 4 12
H 8 2 1 16
H 2 8 1 2
V 0 9 10 1
H 0 6 1 8
H 1 10 1 2
V 0 8 6 3
H 3 0 1 16
V 4 12 2 1
V 1 7 4 6
H 1 7 1 8
V 5 3 2 1
V 5 15 2 3
H 6 9 1 10
V 0 12 14 1
V 7 5 2 1
V 6 3 4 11
H 7 0 1 16
V 1 11 14 1
H 7 0 2 12
H 3 6 1 2
V 2 6 14 1
V 3 15 2 1
H 6 17 1 2
H 5 6 1 2
V 2 9 4 6
H 4 13 1 4
H 5 12 1 4
V 0 11 6 2
V 9 9 2 5
H 4 10 6 6
V 8 12 4 1
H 11 12 1 2
V 4 2 2 13
H 5 12 2 6
V 8 11 2 4
H 8 9 1 8
H 6 15 1 2
V 4 12 4 4
V 3 13 8 2
V 6 5 6 2
V 6 7 2 1
H 7 3 5 6
H 7 0 2 8
V 3 6 2 1
H 4 1 2 6
V 0 4 8 3
V 4 2 4 8
V 3 2 8 1
H 4 7 6 4
H 6 6 1 2
V 4 7 12 1
V 5 10 10 1
H 10 9 3 4
V 12 6 2 1
V 2 2 2 13
H 3 1 1 14
H 3 1 2 6
H 6 0 1 18
H 5 0 1 2
V 4 1 6 2
H 0 10 1 2
V 3 14 2 1
V 7 1 2 1
V 11 11 2 1
V 1 4 4 4
V 6 8 2 1
V 6 16 2 1
V 3 2 4 8
H 5 11 1 6
V 5 0 2 15
H 5 0 1 2
H 0 7 1 2
H 9 7 6 2
H 13 6 1 2
H 6 12 1 6
V 9 13 2 1
H 4 1 3 4
V 2 3 8 3
V 8 2 2 6
H 8 2 2 10
H 8 2 1 2
H 5 3 6 2
V 2 4 10 2
V 2 10 12 1
V 2 4 2 4
H 1 7 10 2
H 2 4 3 10
V 0 8 4 1
H 0 5 4 6
V 6 7 2 1
V 1 7 6 4
H 1 9 8 4
H 0 7 5 2
H 4 2 1 14
H 7 14 1 2
V 8 7 2 1
V 5 7 4 3
V 6 14 4 1
V 7 10 2 1
H 7 3 1 14
V 5 10 8 1
H 7 6 2 10
H 3 8 1 2
V 3 9 12 1
H 4 5 1 6
H 4 5 5 8
V 6 9 8 1
V 1 5 12 1
V 13 7 2 1
H 3 12 1 2
H 9 8 1 2
V 5 9 6 4
H 6 6 6 2
V 10 7 4 2
V 5 12 2 4
H 5 10 1 6
H 5 12 1 2
V 2 12 6 1
H 8 11 1 4
V 5 12 4 2
H 4 13 1 2
H 8 13 1 2
V 2 5 4 3
H 3 3 3 6
V 3 4 8 4
H 9 3 1 2
V 6 5 6 1
H 7 9 1 2
V 4 9 10 1
V 1 5 6 1
H 4 4 1 10
H 2 6 1 6
V 0 10 8 1
H 4 7 1 8
H 2 5 9 2
V 3 6 10 2
H 5 5 4 8
V 1 9 8 3
H 6 9 1 8
H 7 1 1 14
V 0 6 12 1
V 0 6 2 1
V 10 6 2 3
H 10 4 1 4
V 7 9 4 3
H 7 2 2 12
H 8 2 1 4
V 3 8 12 1
H 4 2 1 12
V 2 5 6 3
H 2 4 2 6
H 1 6 2 2
H 3 4 1 8
H 3 11 7 2
V 2 8 4 4
V 6 8 2 1
V 4 4 6 5
H 7 3 2 6
H 4 4 5 2
V 2 5 6 1
V 6 2 2 11
H 7 2 1 4
V 4 3 4 5
V 4 3 2 1
H 5 6 5 4
V 4 6 8 2
V 6 3 2 1
V 6 6 2 1
H 6 1 1 12
H 4 9 5 4
V 4 10 8 1
V 0 8 14 1
H 3 4 2 8
V 5 9 2 1
V 4 5 4 7
H 5 2 2 6
H 6 5 1 10
V 3 11 8 1
V 5 4 2 1
H 5 4 1 10
V 1 8 8 3
V 1 8 10 1
V 0 8 14 1
H 5 12 3 2
V 4 12 2 1
V 6 13 2 1
V 7 12 2 1
V 0 8 4 1
V 7 4 2 9
H 8 11 1 2
V 6 7 2 1
V 3 6 4 3
H 3 5 3 4
V 1 7 6 1
V 3 10 8 1
H 3 10 1 2
V 7 7 2 2
H 5 4 4 8
V 8 5 2 1
V 7 6 2 2
H 6 3 2 6
V 5 4 2 8
V 4 6 6 6
V 5 6 2 6
H 5 10 2 4
H 9 6 2 2
V 8 7 4 2
H 6 2 1 12
H 6 7 1 2
V 1 8 12 1
H 4 8 4 4
V 3 10 8 1
H 7 4 1 2
V 6 12 2 1
V 8 10 2 1
V 1 8 4 1
V 3 6 4 3
V 4 6 2 1
H 4 5 1 4
V 5 4 2 3
H 5 4 1 2
V 9 9 2 1
V 7 7 2 1
V 5 5 2 1
H 4 6 4 6
V 6 6 4 4
H 8 5 1 4
V 3 8 6 1
H 5 8 4 4
H 5 7 1 2
H 4 8 6 2
V 4 8 8 1
V 3 7 2 2
H 3 7 1 4
V 2 7 6 2
H 2 7 1 2
H 5 5 1 2
V 7 6 2 1
V 6 7 2 5
H 6 11 1 2
H 3 8 7 2
V 9 8 2 1
H 6 4 1 6
V 4 6 4 4
V 6 6 2 6
H 7 10 1 2
V 6 8 4 2
V 4 7 4 2
H 4 7 2 4
V 4 9 2 1
H 5 8 2 4
V 5 7 4 2
H 7 7 1 2
H 5 8 3 2
V 3 8 6 1
H 6 8 1 2
H 5 7 2 2
V 4 8 6 1
V 5 6 2 1
V 5 9 2 1
H 6 6 1 4
H 6 6 1 6
H 5 8 2 2
V 6 8 2 2
V 5 8 2 1
H 6 7 1 2
V 5 8 4 1
