H 7 18 1 2
H 16 18 1 2
V 6 3 2 1
V 6 9 2 1
V 6 12 2 1
V 2 9 2 1
V 7 9 2 2
V 5 0 2 1
V 5 6 2 7
V 0 10 20 3
H 16 12 4 4
H 0 15 1 2
V 0 13 20 3
V 11 14 2 1
V 0 14 12 2
H 0 13 4 6
V 0 17 18 1
V 0 16 20 2
H 17 16 3 4
H 16 5 1 2
V 13 11 2 1
V 11 6 6 6
V 15 7 2 1
V 15 14 2 1
V 13 9 2 1
H 16 7 3 8
H 17 13 2 2
V 0 14 20 1
V 0 14 12 1
H 0 13 1 6
H 11 17 1 2
H 18 17 1 2
V 0 16 16 2
V 0 17 20 1
V 11 19 8 1
H 18 16 1 4
V 1 9 2 1
V 2 9 6 4
V 0 12 20 1
H 16 11 4 4
H 12 14 1 2
V 9 13 2 1
H 18 10 1 2
V 0 13 20 2
H 11 14 1 2
H 15 14 1 2
V 0 13 12 2
H 0 13 3 6
V 0 17 18 1
V 0 16 20 2
H 19 17 1 2
H 1 18 1 2
V 9 17 2 1
H 0 17 11 2
H 10 18 1 2
V 6 16 14 2
V 17 18 2 1
H 17 16 1 4
H 17 17 1 2
V 0 17 18 1
H 0 17 1 2
H 11 17 1 2
H 12 16 1 2
V 0 17 20 1
V 13 18 6 1
V 15 16 4 3
H 7 16 12 2
H 16 16 1 4
H 19 4 1 2
H 19 5 1 10
V 0 13 20 2
H 2 13 1 2
V 0 14 18 1
H 1 15 1 2
H 0 13 4 6
V 0 16 18 2
V 1 16 18 2
H 18 17 1 2
V 6 10 2 1
V 1 9 6 2
H 18 11 1 2
V 0 10 20 2
H 9 11 1 2
H 16 9 4 6
H 17 14 1 2
V 0 13 20 2
H 1 14 1 2
V 0 13 12 2
H 0 13 2 6
H 1 15 1 2
V 0 16 18 2
V 0 16 20 1
V 10 0 10 2
V 11 0 6 2
H 11 0 1 4
H 12 2 1 2
H 13 2 1 2
V 9 2 10 1
H 12 1 2 2
H 15 2 5 10
H 16 2 2 14
V 0 13 20 2
H 8 13 1 2
V 0 14 12 1
V 0 19 2 1
H 0 14 1 6
V 0 16 16 2
V 0 16 18 2
H 17 17 1 2
V 17 16 2 1
H 4 13 1 2
H 3 14 1 2
V 0 14 20 1
H 1 13 1 2
V 0 14 16 1
H 0 13 1 6
H 1 15 1 2
V 0 16 12 2
V 0 16 18 2
H 15 16 1 4
H 15 2 4 6
H 16 2 2 14
H 14 13 1 2
H 4 14 1 2
V 0 14 20 1
V 0 13 12 2
H 0 13 1 6
V 0 16 16 2
H 0 17 1 2
V 0 16 18 2
V 4 16 6 4
V 15 15 2 1
V 15 17 2 1
H 2 16 1 2
V 0 17 16 1
H 15 17 1 2
H 5 16 1 2
V 13 3 6 8
V 15 9 2 1
H 13 2 1 2
V 14 5 2 1
H 15 4 2 4
H 16 8 1 2
H 16 2 1 14
H 6 13 2 2
H 18 13 1 2
V 0 14 20 2
V 0 13 12 3
H 0 13 1 6
H 1 14 1 4
V 5 17 2 1
V 0 16 12 2
V 0 17 16 1
H 14 16 1 4
V 8 12 2 1
H 7 1 2 12
V 0 10 18 2
H 16 9 3 6
H 2 15 1 2
V 9 15 2 1
V 0 13 20 3
V 0 13 12 3
H 0 13 1 6
V 0 16 16 1
V 0 16 18 1
V 13 16 4 1
V 12 10 8 1
H 16 8 1 8
V 0 13 20 3
V 0 14 12 2
H 0 13 1 6
V 0 16 14 2
V 1 16 14 2
H 14 17 1 2
V 9 6 4 6
V 9 6 10 1
V 18 8 2 1
H 16 2 3 14
V 0 13 20 1
H 4 13 1 2
V 0 13 12 1
H 0 13 2 6
V 13 3 2 1
V 13 16 2 1
V 0 16 14 1
V 0 16 16 1
H 0 0 5 6
H 2 6 1 2
H 2 1 3 12
V 1 12 2 1
V 4 9 4 4
V 0 10 20 2
H 16 8 1 8
V 0 13 20 3
V 0 14 12 2
H 0 14 2 6
V 0 16 12 2
H 2 15 1 2
V 0 16 14 2
H 13 17 1 2
V 8 16 6 2
H 7 16 1 2
H 13 16 1 2
H 17 10 3 6
H 10 13 1 2
V 0 14 20 2
V 0 14 18 1
H 0 13 1 6
H 2 15 1 2
V 0 16 12 2
H 1 17 1 2
H 12 17 1 2
V 1 17 12 1
H 12 17 1 2
V 11 0 6 2
V 12 5 2 2
H 13 0 1 12
V 12 4 6 4
V 15 8 2 1
H 16 2 1 14
H 14 13 1 2
V 0 14 20 1
V 0 14 12 2
H 0 14 1 6
V 0 16 10 3
V 0 17 12 1
V 11 13 2 1
V 11 16 2 1
H 11 16 1 4
V 7 17 6 1
H 10 17 1 2
V 5 18 6 1
H 9 18 2 2
V 3 9 4 4
H 2 8 1 2
H 2 9 5 2
H 4 9 1 2
V 0 10 20 2
V 15 12 2 1
H 16 6 2 10
V 0 15 20 1
H 0 14 1 2
V 0 15 12 1
V 0 17 2 1
H 0 13 1 6
V 0 17 10 2
V 1 17 10 2
V 10 16 2 1
V 8 18 2 1
H 18 5 1 2
H 15 9 1 2
V 12 4 2 1
H 13 2 6 8
V 16 7 2 1
H 17 2 2 14
H 9 13 1 2
V 0 14 20 2
H 4 14 1 2
H 6 14 1 2
V 2 14 10 1
H 2 13 2 6
H 6 17 1 2
V 0 17 10 1
H 3 16 6 4
V 8 16 2 2
H 9 16 1 2
H 2 3 1 2
H 7 3 1 2
H 14 3 1 2
H 0 0 4 8
H 2 11 1 2
H 11 11 1 2
V 1 10 4 1
V 1 1 2 1
H 2 0 2 12
V 0 9 8 3
H 5 9 1 2
V 0 10 20 2
H 16 6 4 10
V 0 15 20 1
V 11 14 2 1
V 0 13 12 3
H 0 13 3 6
V 0 17 8 2
H 3 18 1 2
V 4 17 2 1
V 1 17 8 2
V 5 16 2 4
H 6 18 1 2
H 2 16 1 2
H 0 14 4 6
V 6 12 14 1
V 6 6 2 1
V 5 6 2 7
H 5 6 3 6
V 0 10 20 2
H 16 8 1 6
V 0 13 20 3
V 0 13 12 1
V 3 17 2 1
H 0 13 4 6
V 0 16 8 2
H 4 17 1 2
V 0 16 10 1
H 8 9 1 2
H 14 9 1 2
H 18 5 1 4
V 12 6 8 4
V 5 15 14 1
H 16 4 3 12
H 9 13 1 2
V 0 14 20 2
V 0 14 12 2
H 0 13 3 6
V 1 2 2 1
H 1 3 1 2
H 0 0 2 8
H 3 0 2 8
H 0 1 1 12
V 0 10 12 1
V 0 10 20 1
H 19 10 1 2
H 16 6 4 10
V 0 12 20 1
V 0 14 20 2
V 6 13 2 1
V 1 13 6 3
V 3 18 2 1
H 1 13 3 6
V 1 18 6 1
H 2 18 1 2
H 16 12 3 2
V 0 13 20 2
V 2 13 6 3
H 2 13 2 6
H 3 14 1 6
V 3 19 2 1
H 12 1 1 2
H 11 0 2 4
V 12 2 8 1
V 10 2 10 1
H 16 2 2 12
V 15 2 2 1
H 16 2 2 14
H 1 14 1 2
V 0 15 20 1
V 0 15 12 1
H 0 14 4 4
V 13 9 4 4
H 16 12 4 4
H 11 13 1 2
V 0 14 20 2
V 1 13 6 3
V 2 15 2 1
H 3 13 1 6
V 2 17 4 1
V 2 10 18 1
H 16 6 4 10
V 9 15 2 1
V 0 14 20 2
V 5 13 2 1
V 3 13 6 3
V 3 17 2 1
H 3 13 1 6
V 3 18 2 1
V 4 9 4 4
H 4 9 5 2
H 15 9 1 2
H 17 9 1 2
H 14 10 1 2
V 0 10 20 1
H 16 8 2 6
V 0 13 20 1
V 1 13 6 2
H 3 13 1 6
V 2 16 4 1
H 3 0 2 12
V 2 11 2 1
V 3 9 4 4
V 0 10 20 1
V 16 9 2 1
H 16 6 1 10
V 7 14 6 1
V 2 13 18 3
V 1 14 10 2
H 2 14 2 4
V 3 16 2 1
H 3 13 1 4
V 0 13 6 2
H 0 1 1 10
V 0 1 2 1
V 0 10 12 3
H 15 9 1 2
V 0 10 20 1
H 16 6 3 10
V 2 14 18 2
V 12 0 2 2
V 12 15 2 1
V 1 15 12 1
H 8 7 1 2
H 4 0 1 8
H 6 0 3 8
H 7 5 1 2
H 6 0 2 12
H 10 10 1 2
H 5 9 1 2
V 0 10 20 1
H 16 6 3 10
V 2 15 18 1
H 2 14 1 2
V 2 15 8 1
H 3 14 1 4
H 10 2 1 2
H 13 2 1 2
V 9 4 4 1
H 18 4 1 2
H 17 3 1 2
V 9 4 10 1
H 12 9 1 2
H 9 4 10 6
V 15 10 2 1
H 16 2 1 14
V 2 14 18 1
V 5 14 2 1
V 2 14 8 2
H 3 13 1 4
V 3 15 2 1
V 0 13 6 1
H 2 13 11 2
H 2 14 1 2
H 10 14 1 2
H 0 8 4 4
V 0 10 10 3
V 0 10 20 1
H 16 9 1 6
H 3 13 1 2
V 0 13 20 1
V 0 13 12 1
H 3 14 1 2
V 2 13 2 1
V 4 13 16 2
V 4 14 2 1
V 15 9 2 3
H 16 6 1 10
H 18 12 1 2
V 5 13 14 3
V 5 15 8 1
V 12 2 2 1
H 13 0 1 12
V 12 7 6 3
H 16 2 1 14
H 7 14 1 2
V 6 14 14 1
V 5 14 8 1
V 5 6 2 7
H 5 4 3 8
V 0 10 20 3
H 3 9 1 2
H 17 9 1 2
H 16 8 1 6
V 11 11 2 1
V 11 13 2 1
V 4 13 16 1
H 10 13 2 2
V 4 13 8 1
V 9 7 2 1
V 10 5 10 3
V 14 9 2 1
V 13 1 2 1
V 13 2 2 11
V 12 0 2 1
H 13 0 1 10
V 13 0 2 2
V 10 0 10 2
V 2 10 2 1
H 0 3 3 8
V 0 10 12 2
V 0 10 20 2
V 15 8 2 1
V 15 11 2 1
H 16 6 1 10
V 8 14 12 2
V 8 13 4 3
V 18 1 2 1
H 18 0 1 2
H 9 14 8 2
V 8 14 12 1
V 17 8 2 1
V 18 2 2 14
H 19 2 1 14
V 18 2 2 1
H 19 2 1 6
V 10 13 10 2
H 11 14 1 2
H 18 12 1 2
V 9 13 10 2
V 10 5 4 2
H 13 0 1 12
H 12 1 1 2
V 9 0 8 2
V 16 3 4 1
V 16 9 2 1
H 16 2 1 14
V 10 14 10 2
V 10 7 2 1
V 10 9 2 1
V 10 15 2 1
V 5 12 14 1
V 12 1 2 1
H 16 11 1 2
H 13 1 1 12
H 13 0 1 10
H 9 1 1 2
H 11 1 1 2
V 9 1 10 1
H 10 0 3 2
V 9 1 4 1
V 11 0 6 2
H 9 2 1 2
H 14 2 1 2
H 19 3 1 2
V 4 9 2 1
H 3 1 2 12
H 5 9 1 2
V 1 10 18 1
H 13 1 1 12
V 9 5 8 1
V 12 1 2 1
H 0 0 2 8
H 13 0 1 8
V 10 0 6 2
V 12 9 8 4
H 18 4 2 12
V 10 5 8 1
H 13 0 1 8
V 11 1 6 1
V 11 5 4 5
H 13 4 1 2
H 13 0 1 12
V 9 2 8 1
V 6 4 2 1
V 6 12 2 1
V 5 5 4 8
H 5 8 3 4
H 13 9 1 2
V 0 10 20 1
V 17 4 2 2
H 17 2 1 14
H 17 2 1 2
H 0 0 2 12
V 0 10 6 2
H 16 9 1 2
V 0 10 20 1
V 12 11 2 1
H 13 0 1 12
V 13 0 2 1
H 13 0 1 8
V 12 0 4 2
V 4 9 2 1
V 5 0 2 12
H 6 2 3 4
H 6 0 1 12
V 0 10 20 1
H 16 7 3 8
V 11 13 2 1
H 17 12 1 2
V 12 13 8 2
V 11 14 2 1
V 12 4 2 9
H 13 0 1 6
V 11 1 4 1
V 12 5 6 1
V 13 0 2 1
H 13 0 1 6
V 10 2 4 1
H 11 2 2 2
V 18 5 2 1
V 18 11 2 1
V 7 10 12 2
H 17 4 1 12
H 17 3 1 4
H 17 10 3 6
H 12 13 1 2
V 11 13 8 1
V 14 13 2 1
V 11 13 4 1
H 12 0 1 2
H 10 7 1 2
H 0 3 1 2
H 0 2 5 4
H 0 0 1 12
H 5 10 1 2
V 0 10 12 1
H 16 2 1 12
H 11 9 2 2
H 1 10 1 2
V 0 10 20 1
V 15 2 2 1
H 16 2 1 14
H 15 2 2 2
H 3 11 1 2
V 4 10 2 1
H 0 6 5 6
H 1 10 1 2
V 0 10 12 1
H 8 10 1 2
H 4 9 1 2
V 0 10 20 1
H 16 6 2 10
V 13 13 6 3
V 16 6 4 4
H 11 9 1 2
V 10 11 2 1
V 14 10 2 1
V 11 10 8 3
H 16 10 3 6
V 15 12 2 1
V 14 7 4 5
H 16 11 1 2
H 16 4 2 12
V 14 13 4 3
V 12 5 4 8
H 13 2 2 10
V 11 2 4 1
V 12 9 8 2
H 13 0 1 12
H 12 2 1 2
V 13 8 6 3
V 16 10 2 1
H 16 5 1 10
H 14 13 1 2
H 17 13 1 2
V 12 13 8 1
V 13 1 2 1
H 1 6 1 2
H 18 6 1 2
H 15 13 2 2
H 18 13 1 2
V 13 13 6 1
H 14 2 1 8
V 10 7 10 2
V 11 12 2 1
V 12 4 2 9
V 11 10 6 1
H 13 1 1 12
V 18 11 2 1
V 3 10 16 2
H 18 6 1 8
V 14 9 6 2
H 18 8 2 6
V 15 15 2 1
V 17 10 2 4
H 18 12 1 2
V 14 13 4 1
H 15 13 1 2
V 17 12 2 1
V 16 6 2 9
H 17 13 1 2
H 16 12 1 4
V 14 4 2 1
H 14 4 1 2
H 2 9 6 2
H 18 9 1 2
H 8 11 1 2
V 4 10 12 2
H 14 7 1 2
H 13 3 2 10
H 13 2 1 6
V 13 3 2 2
V 0 9 8 4
H 5 11 1 2
V 0 12 18 1
V 11 8 8 1
H 13 3 1 10
V 9 7 10 2
V 14 5 2 3
H 14 4 1 2
H 16 6 1 2
H 11 8 1 2
V 10 7 2 1
V 13 8 2 1
V 11 7 6 2
V 15 8 2 5
H 14 8 1 2
H 12 6 4 6
V 15 10 2 1
V 16 8 2 3
H 16 8 1 6
V 0 10 20 1
H 5 9 1 2
H 18 9 1 2
H 15 10 2 2
V 12 10 8 1
H 17 10 2 2
H 7 7 1 6
V 0 10 20 1
H 16 8 2 4
H 16 10 1 2
V 9 4 4 5
V 10 5 4 1
H 16 9 1 2
V 10 10 8 1
H 16 8 1 4
V 1 10 16 1
H 13 9 4 4
V 12 9 2 1
H 14 9 2 4
V 14 10 4 1
V 0 6 2 1
V 1 2 4 7
H 3 4 1 2
H 2 1 3 4
V 2 4 2 1
H 3 1 2 12
H 12 9 1 2
H 15 9 1 2
V 1 10 16 1
H 11 11 1 2
H 11 4 2 8
H 9 4 4 4
H 11 4 1 2
V 6 11 6 1
V 11 5 2 8
H 9 4 3 4
V 11 7 4 1
V 14 8 2 1
V 13 8 2 4
H 11 6 3 6
H 8 11 3 2
H 3 10 1 2
V 1 11 16 1
V 1 10 12 3
H 9 11 1 2
V 0 12 16 1
V 13 8 2 5
H 14 9 1 4
V 12 7 2 6
H 9 6 4 4
H 13 7 1 6
V 13 8 2 1
H 9 8 1 2
H 9 7 5 4
V 5 0 2 8
V 5 2 4 5
H 5 0 4 4
H 7 0 1 2
V 7 1 2 12
H 2 3 3 2
H 5 3 4 2
H 7 1 2 12
H 7 9 1 2
V 0 10 2 1
H 12 10 1 2
V 1 10 16 1
H 4 0 1 12
H 13 9 1 4
V 4 10 12 1
H 9 4 2 8
H 10 7 1 2
H 9 4 2 4
H 14 9 1 2
V 14 10 2 1
H 7 1 2 10
V 4 10 10 2
H 12 8 2 4
H 6 11 1 2
V 1 11 10 1
V 1 11 14 1
H 9 8 4 2
V 10 9 4 3
H 7 3 2 10
H 8 2 1 2
V 6 1 2 4
H 5 0 2 6
H 5 11 3 2
V 2 11 12 1
H 4 9 4 2
V 1 10 12 2
H 2 9 1 2
H 11 8 2 4
H 7 9 1 4
V 1 9 8 2
V 6 10 2 1
H 7 1 1 12
H 5 4 1 2
H 5 1 3 4
V 9 6 2 1
V 12 10 2 1
V 11 10 2 1
H 12 10 1 2
H 5 1 2 8
H 5 0 1 6
V 0 12 12 1
V 5 10 8 1
V 7 12 2 1
H 8 3 1 10
H 8 6 1 2
H 5 3 4 4
V 4 9 2 4
V 1 12 10 1
H 9 7 1 6
V 5 3 2 10
H 5 1 1 12
V 5 5 4 4
V 6 7 2 1
V 5 6 4 3
H 6 4 2 6
H 7 6 2 6
V 10 10 2 1
V 7 10 4 2
V 6 6 2 1
H 8 8 1 2
V 5 6 4 3
V 5 3 2 1
H 6 3 1 8
V 1 12 2 1
H 6 5 2 8
V 1 12 4 1
V 4 11 6 2
H 5 2 1 2
V 6 11 4 1
H 5 5 2 8
V 3 10 6 3
V 5 4 2 1
H 5 3 1 10
H 5 3 1 8
H 6 7 3 4
V 8 10 2 1
V 5 7 4 4
H 5 6 3 4
V 4 11 2 1
H 0 6 5 6
V 1 11 8 1
V 0 12 8 1
H 5 4 1 2
H 6 7 2 4
H 7 8 1 4
H 2 9 4 4
H 8 8 1 2
V 3 9 6 2
H 6 10 1 2
V 0 0 2 13
H 0 6 5 4
H 2 9 1 2
V 0 9 8 1
H 5 5 1 8
V 1 3 2 1
H 0 2 1 2
V 0 3 4 5
V 1 7 4 1
H 2 1 1 10
V 0 9 8 1
V 6 8 2 1
H 5 6 2 6
V 1 2 4 1
H 2 2 3 2
V 3 4 2 1
V 2 10 2 1
H 3 1 1 12
V 7 9 2 1
H 5 9 1 2
V 0 9 8 1
H 6 7 2 4
H 5 11 1 2
V 5 7 2 4
V 6 8 2 1
V 6 10 2 1
H 4 7 1 6
V 3 9 4 2
H 6 7 1 4
V 0 11 6 1
H 5 6 1 6
H 5 6 1 4
H 5 7 1 4
V 5 10 2 1
H 3 8 1 2
V 0 9 8 1
H 2 8 1 2
H 6 8 1 2
H 0 3 5 4
H 4 1 1 12
H 0 7 4 6
V 2 9 4 1
H 1 7 2 6
V 1 3 2 9
V 1 3 2 1
V 1 9 2 1
V 2 1 2 1
V 2 11 2 1
H 2 0 1 10
V 0 9 6 1
H 2 1 3 6
H 3 0 1 12
V 0 12 2 1
V 2 9 2 1
V 1 2 2 9
H 2 8 1 4
H 0 5 5 4
V 2 5 2 1
V 0 6 2 1
V 0 8 2 1
V 1 5 2 3
H 1 4 1 8
H 0 3 4 6
H 0 1 1 12
H 0 5 1 6
V 0 6 4 2
V 1 6 4 2
H 0 10 1 2
H 4 1 1 6
V 2 0 2 7
H 2 1 1 8
H 3 5 1 2
H 0 2 5 4
V 1 7 2 1
H 1 0 1 10
H 4 4 1 2
H 0 8 1 2
V 1 4 2 1
V 0 0 2 8
H 1 2 1 2
H 0 3 2 6
V 2 5 2 1
H 2 1 1 2
H 4 1 1 2
H 1 4 1 4
H 0 2 1 2
H 0 1 5 4
H 0 7 1 2
V 1 3 2 1
V 0 4 2 2
H 0 4 1 4
V 0 0 4 2
H 2 1 1 4
H 1 0 3 4
H 1 1 1 6
H 0 3 1 4
V 2 0 2 3
H 0 1 1 2
H 0 0 3 4
V 1 2 4 1
V 1 1 2 1
H 2 2 1 2
H 0 0 4 2
V 1 0 4 1
V 0 0 2 3
H 0 1 2 2
H 0 1 1 4
