V 15 0 2 1
V 15 12 2 1
V 8 12 2 1
H 10 0 1 2
V 17 18 2 1
H 2 13 1 2
H 4 13 1 2
V 6 1 14 2
V 6 0 4 4
H 6 0 3 4
H 0 0 5 8
V 3 2 2 1
V 3 7 2 1
H 2 1 2 12
H 4 9 1 6
H 9 9 1 2
V 2 10 8 1
V 6 8 2 1
V 5 11 2 1
H 6 4 1 14
V 4 17 12 1
H 12 17 8 2
V 9 18 6 2
H 9 18 11 2
V 0 19 18 1
H 0 18 1 2
H 0 11 13 2
H 18 11 1 2
H 11 10 1 2
H 6 13 1 2
V 5 12 14 2
H 13 0 3 14
V 13 7 2 1
H 14 0 2 10
H 8 0 1 2
H 10 0 1 2
V 10 0 10 1
V 5 11 2 1
V 5 17 2 1
H 1 11 5 2
H 7 11 1 2
V 0 12 20 1
V 13 0 2 1
H 13 0 1 14
V 14 5 2 1
H 13 1 2 8
H 6 2 1 2
V 6 1 14 2
V 12 12 2 1
H 13 7 2 6
V 9 12 2 1
V 9 19 2 1
H 13 11 1 2
V 2 12 16 1
H 6 8 1 10
V 4 17 12 1
V 15 17 2 1
H 12 17 8 2
V 9 18 6 1
H 9 18 1 2
V 0 19 18 1
H 13 0 3 8
H 13 0 3 14
H 11 11 1 2
V 10 13 2 1
V 4 12 14 2
V 6 10 2 1
H 6 8 1 10
H 5 16 1 2
V 5 17 12 1
H 12 17 8 2
H 13 17 1 2
V 9 18 6 2
H 9 18 6 2
V 1 19 16 1
H 1 18 1 2
V 2 1 4 8
V 1 1 2 1
H 2 1 4 8
H 3 1 1 12
H 14 11 1 2
V 0 12 20 1
H 13 0 2 14
V 14 11 2 1
H 13 1 4 8
V 7 1 12 3
H 7 0 1 2
H 7 1 1 2
V 1 19 18 1
H 6 18 1 2
V 1 19 10 1
H 2 18 1 2
H 6 18 1 2
V 3 14 8 3
H 6 13 1 2
H 4 12 3 4
H 12 12 1 2
H 2 11 2 2
H 14 11 1 2
V 0 12 20 1
V 14 6 2 1
H 14 0 1 14
H 16 4 1 2
H 14 0 3 10
V 11 0 8 1
H 5 11 1 2
H 4 10 6 4
H 6 11 1 2
H 9 12 1 2
V 2 12 18 1
H 8 11 1 2
H 13 0 2 14
H 15 0 2 2
H 13 1 3 8
H 15 0 1 2
V 8 1 12 1
V 7 12 2 1
V 6 4 2 9
V 6 5 2 1
H 6 4 1 12
H 6 4 1 14
H 9 16 1 2
V 5 17 12 1
H 12 17 8 2
V 9 18 6 2
H 9 18 7 2
V 1 19 16 1
H 12 17 8 2
H 10 16 1 2
V 1 17 18 1
H 4 10 3 8
H 10 12 1 2
V 17 13 2 1
V 0 13 18 1
V 14 10 2 1
H 13 0 2 14
H 13 3 1 2
V 13 5 2 1
H 13 0 1 8
H 16 1 1 2
H 18 1 1 2
V 6 2 14 1
V 2 19 10 1
H 3 18 6 2
H 9 18 8 2
V 16 5 2 1
V 16 11 2 1
V 16 18 2 1
H 12 17 8 2
V 0 17 20 1
V 5 11 2 1
H 4 10 2 8
V 4 13 16 1
H 13 0 1 12
H 13 0 1 14
H 13 0 2 10
V 8 1 10 2
H 8 0 1 2
H 15 2 1 2
H 9 0 1 4
H 10 0 7 4
V 8 1 2 1
V 2 19 10 1
V 6 3 8 1
V 14 9 6 2
H 13 0 4 14
H 16 6 1 2
V 15 1 4 5
H 14 1 5 4
H 6 7 7 6
V 11 12 4 2
V 14 4 2 1
H 13 0 2 14
H 13 0 2 6
V 7 2 12 1
V 0 13 20 1
H 4 10 1 8
H 6 16 1 2
V 1 17 16 1
H 12 17 8 2
V 9 18 6 2
H 9 18 9 2
V 3 19 12 1
H 3 18 1 2
H 4 12 1 2
V 3 13 2 4
H 4 10 2 8
H 8 11 1 2
H 5 12 1 2
V 0 12 18 1
H 13 0 1 14
V 12 0 6 1
H 13 0 1 10
V 10 0 8 1
V 4 5 2 1
V 3 0 2 9
H 1 5 3 8
V 0 7 2 1
V 0 12 20 1
H 13 0 1 14
H 13 2 1 6
H 9 1 1 2
V 8 2 12 1
V 3 19 16 1
H 14 0 2 14
V 13 12 2 1
H 13 0 3 8
V 11 2 8 2
V 3 14 8 3
V 3 15 2 1
H 4 12 1 6
H 13 17 1 2
V 0 17 16 1
H 12 17 5 2
H 9 18 11 2
H 19 18 1 2
V 4 19 16 1
H 4 18 1 2
H 7 18 1 2
V 0 9 6 4
H 0 9 5 4
H 13 10 1 4
H 1 8 1 2
V 0 12 20 1
H 1 6 1 2
H 13 6 1 2
H 13 0 2 14
V 14 4 2 1
V 17 4 2 1
H 13 2 5 4
V 7 3 12 1
V 0 17 8 1
H 6 8 1 10
H 15 12 1 2
V 0 12 20 1
V 15 7 2 1
V 13 10 4 1
H 16 0 1 14
V 12 3 2 1
H 13 0 4 10
V 4 17 16 1
H 4 10 3 8
H 5 12 1 2
V 2 13 18 1
H 13 6 1 2
H 13 0 3 14
H 13 2 2 6
V 8 3 12 1
V 9 18 4 2
H 12 17 8 2
H 7 16 1 2
V 3 17 16 1
V 3 15 2 1
H 4 10 1 8
H 7 12 1 2
V 0 13 18 1
H 1 13 1 2
H 13 0 1 14
V 12 12 2 1
H 13 0 1 10
H 14 0 1 4
V 10 1 8 3
H 18 3 1 2
V 14 4 6 2
H 15 2 1 2
H 14 5 1 2
V 13 3 6 3
H 13 2 3 4
V 9 2 8 2
H 8 15 1 2
V 4 14 14 2
V 3 17 2 1
H 4 12 1 6
V 3 17 16 1
V 11 18 2 1
H 12 17 8 2
H 9 18 11 2
V 4 19 16 1
H 11 0 1 2
H 9 4 4 6
H 9 8 2 2
H 9 4 2 10
H 12 11 1 2
V 10 12 6 2
V 14 13 2 1
V 12 13 2 1
H 13 0 2 14
H 13 3 3 4
H 12 2 1 2
V 8 3 10 1
V 0 11 12 2
V 6 17 2 1
V 6 18 2 1
H 6 8 1 10
V 4 17 2 1
V 5 17 12 1
H 12 17 8 2
H 5 18 1 2
H 9 18 11 2
V 5 19 14 1
H 5 18 1 2
V 6 14 8 1
V 5 11 2 1
V 5 19 2 1
H 6 11 1 4
V 0 12 20 1
V 16 3 2 1
H 13 2 4 12
V 11 1 4 1
H 14 1 3 10
V 9 18 4 2
H 9 18 11 2
H 12 17 6 2
V 4 17 12 1
H 6 8 1 10
H 18 12 1 2
V 0 12 20 1
H 16 2 1 12
H 16 7 1 2
H 15 4 2 4
H 14 3 1 2
V 14 4 6 2
H 12 0 3 4
V 11 1 2 1
V 12 1 4 1
H 10 2 7 2
V 9 3 6 1
V 14 2 2 12
H 14 5 1 2
V 13 4 6 2
V 1 13 16 1
H 7 10 2 4
V 3 12 16 1
H 16 2 1 12
H 15 2 2 8
V 9 16 2 1
V 11 2 4 1
H 13 0 1 4
V 13 9 6 4
H 15 2 1 12
H 15 2 1 8
H 10 16 1 2
H 8 15 1 2
H 17 15 1 2
V 6 16 12 1
V 10 16 2 1
H 4 16 7 2
H 6 16 1 2
V 0 17 20 1
H 19 17 1 2
V 10 3 6 1
H 11 2 4 2
H 12 1 1 2
H 6 4 5 6
V 5 13 2 1
H 6 4 5 10
V 4 12 10 1
H 13 2 1 12
V 11 3 4 1
H 13 3 1 6
V 10 3 6 1
V 3 17 2 1
H 4 10 3 8
V 8 12 2 1
H 5 13 1 2
V 4 12 10 2
V 0 13 20 1
H 19 6 1 8
H 18 6 2 6
V 0 3 6 4
H 0 3 6 2
V 3 5 2 1
H 0 1 4 12
V 0 10 10 1
V 6 6 2 1
H 6 4 1 14
V 1 17 12 1
H 12 17 6 2
H 9 18 9 2
V 7 19 10 1
H 7 18 1 2
H 9 18 9 2
H 12 17 6 2
H 4 16 1 2
V 2 17 18 1
V 5 11 2 1
H 4 10 2 8
V 0 13 20 1
H 15 4 1 10
V 15 5 2 1
H 13 5 4 6
V 13 5 6 1
H 13 1 1 8
H 13 2 2 10
V 13 7 6 1
V 14 7 6 1
H 9 12 1 2
V 5 11 2 1
H 6 11 7 2
V 9 12 6 2
H 13 2 2 12
H 14 2 1 8
H 5 14 1 2
V 13 3 2 1
V 0 14 20 1
H 6 13 1 2
H 2 14 10 2
H 18 14 1 2
H 4 14 7 4
H 5 16 1 2
H 4 15 1 2
V 0 17 20 1
H 18 17 1 2
H 7 10 1 2
V 1 10 10 1
H 6 10 2 4
H 7 11 1 2
V 0 12 20 1
H 15 4 2 10
H 13 4 4 6
V 6 4 2 5
V 6 15 2 1
H 6 4 1 10
V 5 17 2 1
H 6 4 1 14
V 5 14 6 4
H 5 16 1 2
V 0 17 20 1
H 0 5 3 6
H 5 12 1 2
H 7 12 1 2
V 0 10 12 3
H 6 4 1 14
V 3 17 12 1
H 12 17 6 2
H 9 18 8 2
V 7 19 10 1
H 7 5 6 6
H 0 7 1 2
H 7 7 1 2
V 1 10 12 1
V 6 7 2 1
H 6 4 1 14
H 6 10 1 2
V 6 17 12 1
H 12 17 6 2
H 9 18 8 2
V 8 19 8 1
H 8 18 1 2
V 14 6 4 3
V 14 8 6 1
V 14 10 6 4
V 12 3 2 1
V 12 13 2 1
H 13 6 5 8
H 15 6 1 2
H 13 5 4 4
V 10 12 6 2
V 15 9 2 1
H 13 4 3 10
V 13 7 6 5
V 8 14 6 3
V 10 14 2 1
H 6 14 5 4
V 1 17 18 1
V 9 9 2 1
H 6 4 4 10
H 11 11 1 2
V 7 12 10 2
V 12 12 2 1
V 14 13 4 1
V 14 9 2 1
H 13 4 2 10
V 14 10 2 1
H 13 3 2 8
H 15 10 1 2
H 13 9 7 4
V 10 12 2 1
V 10 15 2 1
V 4 12 14 2
H 6 8 1 10
H 7 16 1 2
V 6 17 12 1
H 12 17 5 2
H 9 18 7 2
V 8 19 8 1
H 16 6 1 8
H 7 12 1 2
V 0 12 20 1
H 6 9 1 8
V 1 15 6 1
V 3 13 2 2
V 4 14 6 4
V 0 16 20 1
V 13 5 2 1
V 14 5 2 2
H 13 4 2 4
H 13 3 1 4
H 13 7 4 2
V 13 8 6 2
V 7 4 6 9
V 7 17 6 1
H 9 14 2 4
V 0 15 20 1
V 6 4 2 3
H 6 4 1 12
H 6 4 1 14
H 12 17 1 2
V 5 17 12 1
H 12 17 5 2
H 13 18 1 2
V 9 18 6 1
H 9 18 1 2
V 16 9 2 1
V 15 7 2 7
H 14 6 2 8
V 14 8 4 6
V 7 14 2 4
V 0 15 18 2
H 9 9 3 4
H 15 11 1 2
V 4 12 16 1
H 16 11 1 2
H 13 10 7 4
H 15 15 1 2
V 15 14 4 2
H 18 14 1 2
V 6 4 4 5
H 6 4 3 8
H 6 4 1 14
V 6 14 4 4
V 1 17 16 1
H 11 10 1 2
V 1 11 12 1
H 11 11 1 2
H 6 6 1 12
H 13 17 1 2
H 7 16 2 2
V 4 17 12 1
H 12 17 3 2
V 10 18 4 1
H 10 18 1 2
V 10 12 2 1
V 2 5 2 1
V 0 4 6 4
H 0 5 4 8
V 1 10 4 3
V 3 17 2 1
H 4 10 3 8
V 0 14 10 3
H 0 14 1 2
V 0 14 20 1
H 0 0 3 12
H 0 1 3 12
V 11 12 2 1
V 0 11 12 2
V 0 12 20 1
H 13 8 4 6
H 13 10 1 2
H 13 7 4 4
V 16 9 2 1
H 14 10 1 2
V 4 14 14 2
H 3 13 1 2
H 0 14 17 2
H 16 15 1 2
V 8 14 2 1
H 4 11 3 4
V 5 11 2 1
V 6 11 6 2
H 12 11 1 2
V 0 12 20 1
H 19 11 1 2
H 0 7 4 6
V 1 10 6 1
H 1 10 1 2
H 6 4 1 14
V 6 14 2 4
V 0 17 16 1
V 1 10 10 3
H 9 8 4 6
V 0 13 20 1
V 0 14 8 2
H 4 11 1 6
H 5 11 1 2
V 0 12 20 1
V 13 9 2 1
V 13 17 2 2
H 14 6 1 8
H 13 6 2 4
V 12 18 2 1
V 16 13 2 1
V 2 13 2 1
H 4 16 7 2
V 9 17 4 1
H 12 17 1 2
H 12 18 1 2
V 6 14 4 1
V 4 14 6 4
V 15 15 2 1
H 9 14 1 2
V 0 15 16 2
H 15 15 1 2
V 8 5 2 6
V 10 13 2 1
H 8 10 3 4
H 4 12 1 2
H 15 11 1 2
V 0 12 20 1
V 0 10 10 3
V 6 11 2 1
H 6 8 1 10
H 12 17 1 2
V 1 17 12 1
H 12 17 1 2
V 11 18 2 1
V 17 12 2 2
H 16 9 1 2
H 14 8 1 4
V 12 14 4 2
H 15 14 1 2
V 12 12 2 2
H 13 7 1 6
H 13 7 1 4
H 13 10 4 2
H 11 11 1 2
H 14 11 1 2
V 14 11 4 1
H 16 10 1 2
V 6 9 6 3
H 6 6 1 10
V 6 14 4 2
H 7 14 1 2
V 1 14 16 1
H 13 10 2 4
V 10 12 8 1
H 4 14 6 4
H 3 14 1 2
H 8 14 1 2
V 4 15 10 2
H 10 5 2 8
V 11 13 2 1
V 7 12 10 2
H 16 11 1 2
V 3 12 2 1
H 4 12 3 6
V 4 14 4 4
H 4 14 1 2
H 6 14 1 2
V 0 14 16 1
H 14 14 1 2
H 13 8 1 2
V 2 16 2 1
V 0 6 6 3
H 1 3 1 2
H 0 4 3 8
H 8 7 1 6
H 2 10 1 2
V 1 10 10 1
H 6 4 1 14
V 1 17 12 1
V 13 10 2 1
V 5 15 2 3
H 1 15 8 2
H 3 14 1 2
H 8 14 1 2
V 0 15 14 1
H 15 12 1 2
V 1 12 16 1
H 15 11 1 2
V 0 1 6 3
H 0 3 6 2
V 1 9 2 2
H 2 0 2 12
H 4 10 1 2
V 1 10 8 1
H 1 9 1 2
H 6 5 1 12
V 1 16 12 1
V 6 7 2 7
V 1 13 14 1
H 12 5 1 2
H 7 11 1 2
H 5 12 8 2
H 10 11 1 2
V 8 12 8 1
V 8 12 2 1
H 9 4 2 10
H 12 12 1 2
V 10 6 2 1
V 10 8 2 1
V 5 12 10 1
H 13 11 2 2
V 11 8 2 1
V 11 15 2 1
V 3 13 4 3
H 4 15 1 2
V 0 14 12 2
V 5 15 2 3
H 6 9 1 8
H 1 9 1 4
V 1 12 14 1
H 13 11 1 2
V 0 13 6 4
V 0 16 10 1
H 8 16 2 2
V 0 14 12 1
H 6 7 1 8
H 4 10 1 2
V 1 10 12 1
H 12 6 1 8
H 10 4 1 2
V 11 13 2 1
V 0 17 8 1
V 6 5 2 7
V 7 5 4 9
H 9 4 1 2
V 7 7 2 1
V 6 5 4 7
V 7 9 6 2
V 8 9 2 1
H 9 7 4 4
H 6 7 1 10
V 4 14 6 3
H 3 6 1 2
H 11 6 1 2
V 5 10 6 4
H 4 12 3 6
H 4 13 1 2
V 1 14 10 2
V 8 11 2 1
H 7 8 1 2
V 5 10 2 1
H 6 4 3 10
V 7 5 4 9
V 3 10 2 1
V 0 7 2 1
H 1 7 3 6
V 4 12 2 1
V 2 10 6 3
V 0 12 14 1
H 10 7 1 6
H 1 11 1 2
H 6 11 1 2
H 4 10 8 4
H 10 9 3 2
H 8 9 5 4
H 4 16 4 2
V 1 17 6 1
V 3 14 8 1
H 1 15 7 2
V 6 14 4 2
V 7 16 2 1
H 7 4 1 8
H 10 11 1 2
V 9 9 4 3
H 12 10 1 2
V 2 14 6 3
V 1 16 6 1
V 7 5 2 1
V 11 9 2 1
V 4 9 2 9
H 4 12 6 2
V 3 11 2 1
V 3 17 2 1
H 4 10 1 8
V 2 17 4 1
H 2 9 4 4
H 4 10 2 8
V 3 15 6 1
H 11 11 1 2
V 0 12 12 1
H 6 4 1 12
V 3 16 4 1
V 6 5 2 1
V 6 13 2 1
H 6 4 1 14
V 0 15 2 1
V 9 7 2 1
H 10 8 1 2
V 1 13 2 3
H 2 13 5 4
V 6 5 2 3
V 6 7 4 1
H 10 9 1 2
V 7 10 6 1
H 11 10 1 2
V 1 14 6 2
V 1 13 4 3
H 3 14 5 2
V 0 14 6 1
H 6 5 1 12
V 5 14 4 1
H 8 6 1 8
V 7 10 4 3
H 7 5 1 8
V 7 8 2 6
V 6 10 2 1
V 6 9 6 2
H 10 9 1 2
H 5 10 1 4
V 2 10 10 1
H 7 6 2 8
V 3 17 2 1
V 1 13 2 1
H 1 13 1 2
V 6 13 2 1
V 7 12 2 2
H 8 12 1 2
H 4 11 1 6
V 3 12 2 1
V 3 15 2 2
V 3 13 4 2
H 4 11 2 6
V 6 9 4 2
H 3 11 1 2
H 7 11 1 2
H 7 6 1 6
H 0 1 1 10
H 0 9 3 2
V 0 10 8 2
V 0 10 12 1
V 2 15 2 1
H 5 2 1 2
V 2 3 4 5
H 3 1 1 12
V 0 10 10 1
H 7 7 2 6
H 6 6 1 2
H 8 11 1 2
V 8 9 2 3
H 8 9 2 2
V 1 11 8 1
V 3 12 2 1
V 3 14 2 1
H 4 10 4 4
H 8 11 1 2
H 5 12 1 2
V 2 13 4 1
V 4 11 4 1
H 7 11 1 2
H 5 11 1 4
H 0 10 7 2
H 6 9 1 2
H 4 9 2 6
H 0 3 6 2
H 2 1 2 12
V 4 10 4 1
V 3 11 2 1
V 2 10 4 3
V 0 10 10 1
H 3 3 1 10
H 4 12 2 2
V 1 11 4 1
V 3 9 2 4
V 3 13 2 1
H 4 10 1 6
V 1 0 2 5
H 0 2 5 4
H 2 5 1 4
H 0 5 1 2
H 2 1 1 12
V 0 10 8 2
H 6 8 1 6
V 2 11 6 1
H 4 9 1 2
V 2 1 2 1
V 2 5 2 1
V 2 10 6 1
H 6 9 1 2
V 0 6 2 1
V 1 3 2 6
V 2 5 2 1
H 2 5 1 8
V 5 11 2 1
V 0 11 6 2
H 2 0 1 4
V 0 1 6 2
V 1 5 2 1
H 1 1 1 8
H 0 1 2 12
V 1 10 6 2
H 4 10 1 4
V 3 0 2 7
V 3 12 2 1
H 1 0 3 10
H 2 0 2 12
V 1 11 6 1
V 3 1 2 1
V 3 3 2 1
H 3 1 1 12
V 3 12 2 1
H 4 10 1 2
H 1 0 1 2
V 2 1 4 7
H 3 4 1 8
H 0 7 4 4
V 0 9 6 1
V 1 7 2 3
V 1 9 4 1
H 0 7 4 4
V 3 6 2 1
V 2 3 4 6
H 3 3 1 8
V 2 5 2 1
H 2 5 1 6
H 3 1 1 8
V 0 5 6 1
H 3 4 3 4
H 0 2 2 10
H 3 0 2 8
H 3 1 2 8
V 0 6 6 1
H 0 7 1 2
V 0 6 4 2
H 0 1 1 12
V 0 1 2 1
V 0 7 2 1
V 0 5 6 2
H 4 6 1 2
V 3 0 2 1
V 3 2 2 3
H 0 3 1 8
H 3 4 1 2
H 0 3 5 4
V 0 0 4 5
H 0 0 2 10
H 0 8 1 2
V 2 3 2 3
H 3 4 1 2
V 3 3 2 1
H 0 0 3 6
H 0 1 2 8
H 0 4 1 2
V 0 1 2 7
V 1 6 2 1
V 0 1 6 1
H 1 0 5 2
H 0 2 3 4
H 0 1 1 8
V 1 1 2 3
H 2 2 1 4
H 1 0 2 6
H 4 2 1 2
H 1 4 1 2
V 1 3 4 2
V 0 3 4 2
H 1 3 1 2
V 1 2 2 3
H 0 1 2 6
H 0 6 1 2
V 0 3 4 1
H 1 4 1 2
H 0 1 3 4
V 0 1 2 5
H 0 1 1 6
H 5 1 1 2
H 5 2 1 2
V 0 1 6 1
H 4 0 1 2
V 1 1 2 3
H 2 0 1 2
H 0 1 3 2
H 1 1 1 4
V 1 3 2 1
V 0 2 2 1
H 0 2 1 2
V 2 0 2 1
H 1 0 2 2
V 2 0 2 1
