V 3 7 2 1
V 3 15 2 1
H 4 16 1 2
H 4 11 1 2
H 6 11 1 2
H 0 8 1 2
V 6 7 2 1
V 6 9 2 1
V 2 4 2 8
V 3 4 2 1
V 0 5 4 1
H 3 4 1 16
V 3 19 2 1
V 18 7 2 6
H 18 0 1 20
V 4 0 16 3
H 9 1 1 2
V 3 2 14 1
H 3 2 2 2
V 0 3 4 1
H 1 3 1 2
H 1 5 1 2
V 1 4 4 2
H 3 4 1 14
H 3 4 1 16
V 18 1 2 1
V 3 5 2 1
H 18 1 1 12
V 3 1 16 1
H 4 2 1 2
V 3 0 14 3
H 3 0 2 4
V 0 3 4 1
H 1 3 1 2
H 3 4 1 2
V 1 4 4 1
H 3 4 1 14
H 3 5 1 14
V 3 18 2 1
V 10 3 10 1
H 9 3 11 2
V 17 8 2 1
H 18 0 1 20
V 14 14 6 3
H 17 16 1 2
V 14 10 2 6
H 14 10 1 10
V 0 15 2 5
H 0 0 2 20
H 0 4 2 10
V 0 4 4 1
H 3 4 1 12
H 3 5 1 14
V 3 17 2 1
V 6 4 14 1
H 6 1 8 6
V 3 1 12 1
H 3 0 2 4
V 0 3 4 1
H 0 3 2 2
V 1 4 2 2
H 2 4 1 14
V 2 9 2 1
H 2 4 1 16
H 10 0 1 20
H 11 0 1 2
V 10 6 2 1
V 3 1 14 1
H 3 0 2 4
V 1 3 4 1
H 0 3 2 2
V 0 4 4 2
H 3 4 1 14
V 3 16 2 1
H 3 5 1 14
V 6 15 4 1
V 7 9 2 1
V 12 6 2 1
H 8 0 5 20
H 12 7 1 2
V 12 0 2 1
H 8 0 6 16
H 5 0 1 2
H 13 15 1 2
V 3 1 10 2
V 4 0 2 1
H 3 0 2 4
V 0 3 4 1
V 1 5 2 1
V 0 0 2 9
H 0 2 2 12
H 0 0 1 20
V 18 6 2 1
H 18 1 1 18
V 14 12 6 4
H 15 10 1 10
V 3 12 2 4
H 3 10 1 2
H 3 4 1 14
V 0 5 4 1
H 2 5 1 2
V 0 5 2 8
H 0 2 2 8
V 1 5 2 1
H 0 1 2 18
H 0 2 2 8
V 0 4 4 2
H 2 4 1 14
H 2 5 1 14
H 1 18 1 2
H 6 18 1 2
V 2 3 2 1
V 1 3 4 1
V 1 0 2 4
H 0 3 2 2
V 0 4 4 2
H 2 4 3 4
H 3 4 1 12
V 3 12 2 4
H 4 8 1 8
H 11 3 3 4
H 14 4 1 2
H 2 2 1 2
H 17 2 1 2
V 5 3 14 2
V 14 13 4 1
H 18 0 1 20
V 17 19 2 1
H 14 13 1 6
V 14 12 6 3
V 14 10 2 6
H 14 11 1 8
V 16 19 2 1
H 3 0 17 2
H 18 1 1 2
H 3 0 2 4
V 1 3 4 1
H 0 3 2 2
V 0 4 4 2
H 2 4 3 4
H 3 4 1 12
V 3 12 2 4
H 4 9 1 6
V 10 0 2 20
H 9 0 3 20
H 7 3 7 6
V 5 4 14 1
V 17 1 2 1
H 18 0 1 20
V 14 14 6 1
H 15 11 1 8
V 4 0 16 1
V 3 0 14 3
V 16 1 2 1
H 3 0 17 2
H 3 0 2 4
V 0 3 4 1
H 0 3 2 2
H 0 5 1 2
V 0 4 4 2
H 3 4 1 12
H 3 5 1 12
V 6 1 2 1
H 7 0 2 20
H 7 0 2 14
H 12 1 1 2
V 3 1 10 1
H 3 0 1 4
V 1 3 4 1
V 0 0 2 8
V 0 10 2 1
H 0 0 1 10
H 0 0 1 18
V 18 7 2 6
H 18 1 1 12
V 4 1 16 2
V 3 1 14 1
H 3 0 2 4
V 0 3 4 1
H 0 3 2 12
H 1 1 1 18
V 6 2 14 2
H 11 4 1 2
H 9 1 8 4
H 17 1 1 2
V 3 1 16 1
H 3 0 2 4
H 18 0 1 4
H 4 2 1 2
V 1 3 4 1
H 0 3 2 2
H 6 3 1 2
V 1 4 4 2
H 3 4 1 10
H 3 4 1 12
V 3 15 2 1
H 0 3 2 2
V 0 3 4 1
H 3 0 1 4
V 3 1 14 1
H 11 0 1 2
V 4 1 16 1
H 7 0 13 4
V 17 2 2 1
V 18 4 2 1
H 18 0 1 20
V 14 12 6 3
V 14 10 2 7
V 14 15 2 1
H 14 10 1 8
V 5 19 4 1
H 8 9 1 2
H 7 0 2 20
H 5 0 1 2
H 10 0 1 2
H 7 1 7 16
V 3 1 8 1
H 3 0 2 4
V 1 3 4 1
H 0 3 2 2
V 1 4 2 2
H 2 4 1 12
H 2 4 1 14
V 16 10 4 4
V 18 0 2 7
V 18 16 2 1
H 17 10 2 8
H 17 10 2 10
H 0 1 2 16
V 0 4 4 2
H 2 4 1 12
H 2 5 1 12
V 3 0 6 2
H 3 0 2 4
V 1 3 4 1
V 0 0 2 6
H 0 3 2 10
H 0 1 2 16
H 18 0 1 18
H 18 0 1 20
V 18 19 2 1
V 8 0 4 6
H 12 2 1 2
V 6 3 14 1
H 17 0 2 10
H 18 0 1 20
V 16 15 4 4
H 19 4 1 2
H 6 1 14 4
V 7 2 2 1
V 3 1 10 2
H 3 0 2 4
V 0 3 4 1
H 0 3 2 2
V 0 4 4 2
H 2 4 3 4
H 3 4 1 12
V 3 12 2 3
H 4 10 1 4
V 3 0 16 1
V 3 0 8 1
H 3 0 10 2
H 3 0 2 4
V 0 3 4 1
H 0 3 2 2
V 1 4 4 2
H 2 4 2 8
H 3 4 1 12
V 3 14 2 1
V 10 11 2 1
V 10 14 2 1
V 6 7 2 1
V 7 7 4 11
V 9 3 2 1
H 10 0 1 20
V 3 1 16 2
H 17 2 2 8
H 18 0 1 20
H 14 15 1 2
V 14 16 6 1
V 14 10 2 1
V 14 16 2 1
V 6 0 14 4
H 11 0 1 4
H 7 0 1 2
H 10 0 1 2
V 3 1 16 1
H 3 0 2 4
V 0 3 4 1
H 1 3 1 2
V 1 4 4 2
H 3 4 1 10
H 3 4 1 12
V 7 9 2 1
V 8 1 6 17
V 10 13 2 1
H 7 0 7 20
V 11 3 2 1
V 11 5 2 1
H 8 1 4 6
V 6 2 14 2
V 17 9 2 1
V 17 10 2 1
V 18 0 2 1
H 18 0 1 20
H 18 11 1 2
V 16 12 2 1
V 14 12 6 2
H 15 10 1 8
H 17 17 1 2
V 0 7 2 9
H 0 2 2 8
V 0 4 4 2
H 3 4 1 10
H 3 5 1 10
H 7 1 4 12
H 3 1 1 2
V 3 1 12 1
H 3 0 2 4
H 1 2 1 2
V 1 3 4 1
H 0 3 2 2
V 1 4 4 2
H 3 4 1 8
V 2 10 2 1
H 3 4 1 10
V 3 13 2 1
V 5 3 14 2
H 7 1 7 6
H 10 2 1 2
V 3 1 8 2
H 3 0 2 4
H 0 3 1 2
V 0 3 4 1
H 0 3 2 2
V 0 4 4 2
H 2 5 1 4
H 2 4 2 6
H 3 4 1 10
V 3 5 2 1
V 3 12 2 1
H 4 11 1 2
H 4 1 1 2
H 3 0 3 2
H 3 0 2 4
V 1 3 4 1
H 0 2 1 12
V 0 3 2 5
H 0 0 2 8
H 0 0 2 16
V 4 2 16 1
H 10 2 1 2
V 3 1 16 2
H 3 2 2 2
V 0 3 4 1
H 0 3 2 2
V 1 4 2 2
H 2 4 1 10
H 2 4 1 12
V 0 1 2 13
H 0 3 2 10
H 0 12 1 2
V 3 3 2 1
V 0 3 4 1
H 3 0 2 4
V 3 0 14 2
V 4 1 16 1
H 18 0 1 16
V 17 12 2 1
H 18 1 1 18
V 18 18 2 1
V 1 5 2 1
H 0 2 2 4
V 0 3 4 1
H 3 0 2 4
H 9 0 1 2
V 3 1 14 1
V 3 0 16 2
V 17 9 2 1
H 18 0 1 14
H 18 0 1 18
V 16 16 4 2
H 18 17 1 2
V 16 10 2 6
H 17 12 3 6
V 4 2 2 1
V 1 3 2 1
H 5 1 1 8
V 3 0 4 2
H 4 1 1 2
H 3 0 2 4
V 1 3 4 1
H 0 3 2 2
V 1 4 4 1
H 2 4 2 6
V 3 6 2 1
H 3 4 1 10
V 3 12 2 1
V 8 1 12 3
H 18 1 1 2
H 17 2 3 4
H 18 0 1 18
H 15 14 1 2
V 14 12 6 3
V 14 14 2 1
V 6 14 2 3
H 7 0 1 20
H 6 0 8 6
H 3 2 1 2
H 18 2 1 2
V 3 0 8 3
H 3 0 2 4
V 0 3 4 1
H 0 2 1 2
H 0 3 2 2
V 1 4 2 2
H 2 7 1 8
H 2 4 1 10
H 2 5 1 10
H 15 0 2 10
V 3 2 16 1
H 3 2 1 2
V 3 2 10 1
H 3 2 1 2
V 1 3 4 1
H 0 2 2 8
H 1 0 1 16
V 1 4 4 2
H 0 2 2 4
V 0 3 4 1
H 3 0 1 4
V 3 1 14 1
V 3 1 16 2
H 12 0 8 4
V 17 5 2 1
H 18 0 1 18
H 17 12 1 4
V 14 12 6 1
V 14 10 2 3
H 15 13 1 2
H 14 10 2 4
H 2 4 3 4
V 0 4 4 2
H 0 3 2 2
H 14 3 1 2
V 1 3 4 1
H 4 2 1 2
H 3 0 1 4
V 3 1 14 2
V 3 1 16 2
V 18 13 2 1
H 18 1 1 14
V 17 4 2 1
H 18 0 1 18
V 18 17 2 1
V 14 12 6 1
H 14 11 2 2
H 14 12 1 2
V 0 13 2 1
H 12 0 1 14
V 7 0 12 2
H 18 0 1 14
H 18 0 1 18
V 18 16 2 1
H 12 0 2 20
H 12 0 2 10
V 9 0 10 1
H 18 0 1 16
V 17 15 2 1
H 18 1 1 16
V 17 16 2 1
V 1 4 2 2
H 0 3 2 4
V 1 3 4 1
H 3 0 2 4
V 3 1 14 1
V 4 1 16 1
H 0 1 2 12
H 18 1 1 12
V 18 15 2 1
H 18 0 1 16
V 16 10 4 6
V 12 2 2 1
V 13 0 6 4
H 18 1 1 14
H 18 1 1 16
H 16 4 1 2
H 14 0 3 10
H 11 2 1 2
V 3 1 16 2
V 3 2 10 1
H 3 2 2 2
V 0 3 4 1
H 0 3 2 2
V 1 4 2 2
H 2 4 1 8
H 2 5 1 8
V 0 4 4 1
H 0 3 2 2
V 1 3 4 1
H 2 2 1 2
H 3 0 2 4
H 8 0 1 2
V 3 1 14 1
V 3 1 16 2
H 7 1 1 6
H 17 1 3 6
H 18 0 1 16
V 14 12 6 1
V 14 12 2 1
H 18 5 1 10
V 17 14 2 1
V 0 11 2 1
V 3 0 8 2
V 2 3 2 1
H 3 0 1 4
V 0 3 4 1
H 0 3 2 2
V 0 4 4 1
H 2 4 2 6
H 2 4 1 2
H 2 5 2 6
H 2 10 1 2
H 16 10 1 2
V 5 9 8 7
H 7 0 2 20
V 9 2 2 1
V 9 7 2 1
H 7 1 3 8
V 3 1 10 1
H 3 0 1 4
V 0 3 4 1
H 0 1 2 6
H 1 1 1 12
H 1 0 2 4
V 0 3 4 1
H 3 0 2 4
H 13 0 1 2
V 3 1 14 1
V 4 1 16 1
V 18 6 2 1
H 18 1 1 12
V 17 12 2 1
H 18 0 1 16
H 18 7 1 8
H 10 12 1 2
H 19 12 1 2
V 3 1 16 2
V 3 1 6 2
H 1 1 1 2
H 4 1 1 2
H 3 2 2 2
V 1 3 4 1
H 0 3 2 2
V 1 4 2 2
H 2 4 2 6
H 2 5 1 6
V 18 7 2 6
H 18 0 1 12
V 3 1 16 2
V 3 1 14 1
H 3 0 2 4
V 0 3 4 1
H 0 3 2 2
V 0 4 4 2
V 1 5 2 1
H 2 4 3 4
H 2 4 2 6
V 17 11 2 1
V 18 2 2 1
V 18 11 2 2
H 18 0 1 14
H 17 0 2 8
V 3 1 16 1
V 3 1 14 2
H 3 0 1 4
V 1 3 4 1
H 0 2 2 4
H 1 0 1 12
H 3 0 3 2
H 3 0 1 4
V 0 3 4 1
H 0 2 2 4
V 1 4 2 2
V 1 4 4 2
H 2 4 3 4
V 3 1 4 2
H 3 0 2 4
V 1 3 4 1
H 0 3 2 2
V 1 4 4 2
H 2 4 2 4
H 2 5 2 4
H 3 2 1 2
V 3 1 16 2
V 3 0 8 3
H 3 0 2 4
V 0 3 4 1
V 0 1 2 9
H 0 3 2 2
H 0 0 2 10
H 0 2 3 2
V 2 3 2 1
H 3 0 1 4
V 3 1 14 2
H 18 0 1 2
V 4 1 16 2
H 17 0 2 10
H 18 0 1 14
H 19 10 1 2
H 18 11 1 2
H 14 3 1 4
V 6 3 14 2
H 7 1 3 6
V 3 1 10 2
V 2 3 2 1
H 3 0 1 4
V 0 3 4 1
H 0 2 2 4
V 0 4 4 2
H 2 7 1 2
V 8 5 2 1
H 8 0 1 20
H 7 0 3 4
H 11 0 1 2
V 3 1 10 1
H 3 0 2 4
V 4 1 2 1
V 1 3 4 1
H 0 3 2 2
V 1 4 2 1
H 2 4 2 4
V 1 4 2 2
H 2 5 1 4
V 5 14 4 3
V 8 17 2 1
H 7 0 2 20
V 6 6 2 1
H 7 0 1 8
H 10 2 1 2
H 15 2 1 2
V 3 1 8 2
H 3 0 2 4
V 0 3 4 1
H 0 2 2 4
V 1 4 2 2
V 1 4 4 2
H 4 5 1 2
V 5 15 4 3
H 7 0 1 20
H 8 12 1 6
H 7 1 7 12
V 3 1 8 1
H 3 0 2 4
V 0 3 4 1
V 0 5 2 1
H 1 0 1 10
V 0 8 2 1
V 10 18 2 1
H 11 0 1 20
H 11 1 2 8
V 3 1 16 1
H 3 0 2 4
V 0 3 4 1
H 0 3 2 2
H 1 0 1 10
V 6 4 14 1
H 0 6 1 2
H 8 6 1 2
H 7 1 2 6
V 3 1 10 2
H 3 0 2 4
V 0 3 4 1
V 1 5 2 1
H 0 3 2 4
V 1 4 4 2
H 3 5 1 2
V 10 1 2 1
H 4 0 1 2
V 3 1 16 1
V 3 1 14 1
H 3 0 2 4
V 0 3 4 1
V 0 3 2 5
V 0 5 2 1
H 0 0 1 8
V 5 9 2 9
V 6 10 8 2
H 10 0 2 20
V 3 0 16 1
V 16 3 2 1
H 17 0 2 10
V 18 3 2 1
V 18 6 2 1
H 18 1 1 10
V 18 10 2 1
V 0 4 4 2
H 0 2 2 4
V 0 3 4 1
H 4 1 1 2
H 3 0 2 4
V 3 0 14 2
V 4 1 16 1
H 18 0 1 8
H 18 1 1 10
V 17 10 2 1
H 6 0 6 6
V 3 0 6 2
H 3 0 2 4
V 0 3 4 1
H 0 3 2 2
H 18 3 1 2
V 1 4 2 2
V 1 4 4 1
V 11 2 8 1
H 18 2 2 4
V 18 1 2 1
H 18 0 1 10
V 18 9 2 1
H 8 0 1 20
V 3 1 10 1
H 3 0 1 4
V 0 3 4 1
V 0 0 2 6
H 0 1 2 6
V 4 0 16 2
V 10 3 10 1
H 18 0 1 8
H 18 1 1 10
H 10 0 2 20
H 7 1 6 12
V 3 1 16 1
H 4 1 1 2
H 3 0 2 4
V 1 3 4 1
H 1 0 1 8
H 8 0 3 8
H 18 6 1 2
V 0 4 2 1
V 18 7 2 2
H 18 5 1 2
H 17 6 2 4
V 3 1 4 2
H 3 2 2 2
V 0 3 4 1
H 0 2 2 4
V 1 2 2 1
V 1 5 2 1
V 0 5 2 1
V 4 1 2 1
V 3 0 2 4
H 1 5 1 2
V 3 1 14 1
H 3 0 2 4
H 0 2 1 2
V 0 3 4 1
H 1 0 1 6
H 11 0 1 6
V 4 1 16 1
V 3 0 6 3
H 3 0 1 4
V 1 3 4 1
V 0 1 2 5
H 1 2 1 2
H 0 1 2 4
V 8 0 2 1
H 9 0 1 20
V 3 1 12 1
H 3 0 2 4
V 0 3 4 1
V 0 2 2 4
V 1 3 2 1
H 0 2 2 4
V 6 18 8 1
H 7 0 3 20
H 7 0 3 14
V 3 1 12 1
H 3 0 2 4
V 0 3 4 1
H 0 3 2 2
V 0 4 4 1
H 19 1 1 2
V 11 0 8 4
V 3 2 6 1
H 3 2 2 2
V 0 3 4 1
H 1 2 1 4
H 17 2 2 4
V 5 1 4 8
H 7 1 1 12
V 3 1 8 2
H 3 0 2 4
V 0 3 4 1
V 0 3 2 2
H 0 3 1 2
H 8 3 1 2
H 8 0 8 4
V 3 1 12 1
H 3 0 2 4
V 0 3 4 1
H 1 1 1 4
V 18 7 2 1
H 17 8 1 2
H 3 0 13 2
H 3 0 2 4
V 2 3 2 1
H 1 2 2 2
H 2 1 1 2
V 3 0 4 3
H 3 0 2 4
V 0 3 4 1
H 1 3 1 2
V 6 2 2 1
V 7 0 4 3
V 3 1 16 1
V 8 5 2 1
V 5 4 4 5
V 9 6 2 1
V 9 9 2 1
H 7 0 3 14
V 3 1 8 1
H 3 0 2 4
V 0 3 4 1
V 0 3 2 1
V 16 1 2 1
V 14 3 6 2
H 19 4 1 2
V 3 2 2 2
H 3 2 2 2
V 1 3 4 1
H 16 1 1 6
V 16 3 2 1
V 15 3 4 2
H 17 3 2 4
H 2 2 1 2
H 18 3 1 2
V 6 9 2 1
H 7 1 5 10
V 6 2 12 3
V 11 1 6 5
H 16 1 1 2
H 6 5 1 2
H 17 5 1 2
V 5 10 4 5
V 7 13 2 1
H 7 0 1 20
V 3 1 8 2
H 3 2 2 2
V 2 3 2 1
V 14 1 2 9
H 14 6 2 4
H 14 2 3 4
H 14 3 1 2
V 14 4 4 1
H 10 4 1 2
H 17 4 1 2
H 5 0 2 6
V 3 2 4 1
H 3 2 2 2
H 13 9 1 2
V 6 10 8 7
H 12 10 1 2
H 11 3 2 16
V 5 4 14 1
V 12 4 2 1
H 13 4 4 2
V 13 2 2 1
H 14 2 1 8
V 13 1 2 5
H 13 0 1 6
V 13 1 2 1
V 5 0 8 3
V 5 0 4 7
V 5 4 12 2
H 5 1 1 6
V 4 1 2 1
V 11 5 6 1
H 15 4 1 2
H 14 3 3 4
H 10 0 3 16
V 11 1 4 5
V 14 8 2 1
H 5 1 5 2
H 11 1 3 2
V 13 2 2 1
V 15 4 2 3
H 15 6 1 2
V 4 2 4 1
H 10 0 1 8
V 5 3 10 2
H 5 1 9 4
H 11 3 2 12
V 9 4 8 2
V 5 3 10 3
H 6 0 1 6
V 6 1 2 8
H 7 2 2 8
H 7 0 1 20
H 8 7 1 12
V 5 18 4 2
V 12 10 2 1
H 12 15 1 2
H 12 0 1 16
H 12 0 1 20
V 12 15 2 1
V 12 18 2 2
V 8 0 2 1
H 7 0 2 20
V 5 9 8 1
H 12 0 1 18
V 5 2 2 7
H 6 1 1 4
H 11 3 1 2
H 10 0 2 4
V 10 2 4 10
V 8 15 6 3
H 13 17 1 2
V 9 0 2 14
H 5 5 6 2
V 5 5 12 1
V 10 3 4 10
H 12 6 1 14
V 6 9 2 9
V 6 19 2 1
H 7 0 2 18
V 5 3 2 6
H 6 2 1 2
V 7 1 2 1
H 7 12 2 8
H 11 12 1 8
V 8 15 2 5
H 8 17 5 2
V 6 17 8 1
H 9 11 1 4
H 7 4 4 8
V 7 4 8 1
H 9 4 1 2
V 12 4 2 10
H 13 3 1 2
H 10 1 2 18
H 9 8 1 2
H 11 8 1 2
H 11 1 1 8
H 7 3 5 12
V 6 12 8 1
V 9 11 2 1
H 7 2 3 16
V 5 17 4 1
H 8 1 1 18
V 6 7 8 2
H 12 2 1 12
H 8 18 3 2
V 7 18 2 1
V 10 18 2 1
V 8 1 2 1
V 9 1 2 1
H 6 13 8 4
V 6 15 6 3
H 11 17 1 2
V 9 3 4 14
H 10 12 3 6
V 6 4 8 2
V 8 13 4 2
H 9 0 1 20
V 7 3 6 2
V 7 3 4 13
V 10 5 2 1
H 8 1 1 18
V 5 12 6 3
H 7 16 1 2
H 5 9 3 8
H 10 6 1 10
V 5 9 6 2
H 8 3 2 8
H 10 5 1 2
V 5 5 10 1
V 5 12 8 1
V 8 16 2 1
H 9 0 1 20
V 8 2 4 1
H 6 4 4 2
V 5 5 4 1
H 6 5 1 2
H 9 5 1 2
H 8 2 3 8
V 7 14 2 3
H 8 13 2 6
V 11 4 2 5
H 10 3 2 6
H 7 15 1 2
H 7 4 6 12
V 12 15 2 1
V 9 4 2 9
H 9 1 1 6
H 10 3 1 2
H 10 4 3 4
V 5 13 6 3
H 5 12 5 4
H 6 15 1 2
V 7 10 6 2
H 9 10 1 2
H 9 4 3 14
V 5 7 4 1
H 7 3 4 10
V 6 4 6 2
H 7 3 4 4
H 10 3 1 2
V 10 4 2 1
V 11 5 2 11
H 12 5 1 4
H 9 4 1 2
H 7 5 5 2
V 5 6 6 3
V 6 5 6 2
V 10 7 4 7
H 7 11 5 6
H 8 6 6 6
V 5 14 8 1
H 6 14 1 2
H 9 12 2 6
V 8 14 6 1
V 5 9 6 4
H 10 6 1 12
V 11 15 2 1
V 8 5 4 2
V 7 6 2 1
V 9 13 2 1
V 8 5 2 10
H 8 3 2 4
V 8 5 2 6
V 8 7 2 1
H 9 3 1 16
H 11 6 1 10
V 5 14 8 1
H 9 5 1 14
V 8 7 2 1
H 8 4 1 12
V 7 5 2 7
H 7 5 1 12
H 9 3 1 2
H 10 4 1 2
V 5 7 6 2
H 8 10 1 2
V 8 5 4 6
H 8 4 1 2
V 7 7 2 6
H 8 9 2 8
V 7 9 2 1
H 9 14 1 4
V 6 14 2 1
H 9 5 1 12
H 8 6 1 8
V 8 10 6 1
V 12 11 2 1
V 12 13 2 1
H 9 6 4 8
V 9 15 2 1
H 7 6 1 2
H 9 5 1 6
V 5 8 8 1
H 6 7 1 2
V 5 9 4 3
H 7 7 4 8
H 8 14 1 2
V 8 8 6 3
H 13 8 1 2
H 5 11 1 2
H 13 11 1 2
V 6 12 6 2
H 8 12 2 2
V 5 12 6 1
H 10 5 1 2
H 9 11 1 6
H 9 5 1 10
V 7 8 6 1
H 12 7 1 2
H 6 12 1 2
H 9 5 1 2
V 8 6 2 1
H 7 8 6 4
V 12 9 2 1
V 9 9 4 3
H 12 8 1 2
H 8 11 2 4
V 6 9 4 4
H 7 7 5 4
V 7 12 2 1
H 8 9 2 6
V 9 8 2 5
H 10 11 1 4
V 10 7 2 5
H 11 7 1 2
H 5 10 1 2
V 5 11 8 1
V 6 10 2 2
H 6 10 1 2
V 8 7 2 7
H 8 7 1 2
V 8 12 2 1
V 7 8 2 1
V 11 9 2 3
H 12 10 1 2
V 9 8 2 5
H 9 6 1 4
H 9 7 2 2
V 8 8 4 3
H 7 9 4 4
V 9 9 4 2
V 7 9 2 4
H 8 10 3 4
H 9 8 1 6
V 7 12 4 1
V 8 8 2 4
V 6 10 8 1
V 9 9 2 1
H 10 8 1 6
H 8 8 1 2
V 9 8 2 1
V 11 10 2 1
H 11 10 1 2
V 7 11 4 1
V 7 11 2 1
H 9 8 1 2
V 8 9 4 2
H 9 7 1 4
V 7 10 6 1
H 9 8 1 2
H 9 10 2 2
H 10 9 1 2
V 8 10 4 1
V 7 10 2 1
H 10 10 1 2
V 9 10 2 1
H 9 10 1 2
