V 15 14 2 1
V 8 8 2 1
V 8 16 2 1
V 5 11 2 1
H 5 17 1 2
H 19 2 1 2
V 9 0 2 1
V 9 9 2 1
V 10 6 2 1
V 9 6 2 2
H 7 8 1 2
H 10 4 1 2
V 3 5 16 4
V 16 3 4 1
H 9 8 1 2
H 9 1 10 8
H 18 0 2 6
V 0 0 20 1
V 0 0 16 1
H 15 10 1 2
V 5 10 14 1
H 5 10 1 2
V 6 4 2 1
H 5 2 2 12
V 5 5 2 1
V 5 11 2 1
V 8 2 2 1
V 3 1 6 8
V 3 15 2 1
H 3 1 1 18
V 2 13 2 5
V 1 11 2 1
H 2 1 1 18
V 1 1 2 9
V 0 1 2 9
H 0 1 3 6
V 3 10 2 1
H 3 8 1 10
V 3 15 2 1
V 2 13 2 5
H 2 1 1 18
V 1 1 2 9
V 0 2 2 8
H 1 1 1 2
H 0 2 3 4
V 8 5 2 1
H 14 2 1 2
H 1 4 1 2
H 3 1 13 4
H 8 2 3 12
V 16 8 2 1
V 16 10 2 1
V 7 9 10 5
H 16 13 1 2
H 13 9 7 10
V 6 14 10 1
V 7 16 2 1
H 8 14 3 4
H 9 16 1 2
H 8 14 3 6
H 2 18 1 2
H 6 18 1 2
H 19 18 1 2
V 5 19 6 1
H 8 11 1 2
H 12 11 1 2
V 6 9 14 3
V 10 4 2 1
V 10 13 2 1
V 5 7 2 1
H 6 2 5 12
V 18 4 2 1
V 3 3 16 2
H 18 0 2 8
V 2 0 18 1
V 2 0 14 1
V 3 0 6 1
V 14 16 2 1
V 11 14 8 6
V 17 15 2 1
H 11 15 7 4
H 12 15 1 2
H 9 14 1 2
V 5 15 10 1
H 5 15 6 4
H 6 16 5 4
V 3 8 4 2
H 3 6 2 8
V 2 13 2 4
V 1 14 2 1
H 2 1 1 18
V 1 2 2 8
H 1 2 2 4
H 4 10 1 2
H 14 10 1 2
V 4 4 2 1
H 4 2 1 18
V 7 4 2 1
V 4 1 4 5
V 9 11 2 1
H 6 2 4 12
H 7 10 1 2
V 6 9 14 2
V 6 9 8 1
H 13 9 7 10
V 8 14 10 2
H 8 14 3 6
V 5 15 6 4
V 5 9 14 3
V 8 12 2 1
V 6 12 2 1
H 7 1 2 12
H 6 7 1 2
V 3 3 8 5
V 3 6 2 1
V 3 11 2 1
H 3 4 1 16
V 3 11 2 1
V 3 15 2 1
V 2 13 2 5
H 2 1 1 18
V 1 3 2 7
V 1 12 2 1
V 0 3 2 7
H 0 3 1 2
V 18 16 2 1
H 14 9 5 10
V 6 9 14 5
H 10 2 1 12
H 15 6 1 2
V 3 7 14 1
H 3 7 1 12
V 2 13 2 2
H 2 1 1 18
H 2 1 1 6
V 8 12 2 1
V 11 10 2 1
V 9 9 6 5
H 10 8 1 2
H 3 9 1 2
H 8 9 12 2
H 13 10 2 10
H 7 15 1 2
H 14 15 1 2
H 17 15 1 2
H 15 14 1 2
V 5 15 12 1
H 6 15 4 4
H 7 16 3 4
H 4 4 1 12
V 4 6 2 1
V 6 6 2 1
V 3 4 4 6
V 5 12 2 1
H 6 2 1 12
V 6 10 14 4
V 12 3 2 1
V 12 15 2 2
H 13 9 1 10
H 5 15 1 2
V 5 15 14 1
H 5 15 6 2
H 6 15 1 4
H 0 4 1 2
V 3 7 16 1
H 18 0 2 8
H 18 0 2 6
V 4 0 16 1
V 4 0 12 1
V 6 3 14 2
H 8 4 4 10
H 10 9 1 2
V 4 9 16 1
H 11 18 1 2
H 16 18 1 2
H 16 9 4 10
V 17 9 2 1
V 17 14 2 1
V 15 18 2 1
H 18 10 2 10
V 12 13 2 1
V 6 12 14 2
V 11 12 2 1
V 9 6 2 1
V 9 11 2 1
H 10 2 2 12
H 3 5 1 2
V 3 6 16 2
H 3 7 1 12
V 1 7 2 1
V 1 15 2 1
V 2 13 2 5
H 2 2 1 18
H 2 2 1 4
V 17 11 2 1
V 17 19 2 1
H 2 5 1 2
H 18 9 2 10
H 19 9 1 8
H 4 9 1 2
V 4 9 16 1
V 3 9 16 1
H 3 11 1 2
V 2 13 2 1
H 3 8 2 8
V 1 16 2 1
V 2 13 2 5
H 2 3 1 16
V 1 3 2 3
V 1 10 2 1
H 1 3 2 4
H 3 17 1 2
H 12 3 1 2
V 4 4 16 1
H 10 4 1 2
V 3 4 12 1
V 2 17 2 1
H 3 2 1 18
V 2 13 2 5
H 2 3 1 16
V 1 5 2 5
V 0 5 2 1
V 6 10 14 2
H 10 2 2 12
V 4 4 16 1
H 18 0 2 8
V 5 0 14 1
V 5 0 12 1
H 0 10 3 10
V 0 16 2 1
V 1 13 4 4
H 3 9 2 8
H 5 3 1 2
V 3 4 4 6
H 13 9 1 2
V 3 9 16 1
V 13 14 4 1
H 13 9 1 10
V 8 14 10 2
H 8 14 2 4
V 5 15 6 2
V 17 0 2 1
H 18 0 2 8
V 4 4 16 1
H 4 3 1 2
H 11 3 1 2
H 6 8 1 2
V 3 4 14 5
V 3 10 2 1
H 3 1 1 18
V 2 13 2 5
H 2 3 1 16
H 2 3 1 4
H 0 6 3 4
H 10 14 1 4
V 5 14 14 1
H 8 14 3 4
H 9 14 1 6
V 5 15 10 1
H 4 15 1 2
H 12 15 1 2
V 5 15 14 1
V 18 16 2 1
V 12 13 2 1
H 13 13 6 6
V 16 19 2 1
H 19 16 1 2
V 15 2 4 1
H 18 0 2 4
V 6 0 14 1
V 6 0 10 1
H 7 1 1 12
V 3 5 8 2
V 2 13 2 1
H 3 2 2 14
H 2 12 1 2
V 2 13 2 3
H 2 5 1 14
V 1 5 2 5
H 1 5 1 2
H 6 4 1 2
H 6 5 6 8
V 7 9 8 5
H 13 9 1 10
V 5 14 10 1
H 8 14 3 4
H 8 15 2 4
V 9 18 2 1
V 7 15 4 2
V 0 13 4 3
V 0 10 2 10
H 0 10 1 10
V 12 17 2 1
H 12 14 1 6
V 9 14 4 2
H 9 15 2 2
H 14 15 2 2
H 10 14 1 6
H 5 1 1 12
V 3 1 4 7
H 3 2 1 16
V 3 6 2 1
V 3 15 2 1
V 2 13 2 5
H 2 5 1 12
V 1 7 2 3
V 0 7 2 1
V 0 9 2 1
V 0 10 2 9
V 5 1 14 1
H 18 0 2 2
V 7 0 12 1
V 18 0 2 1
V 7 0 10 1
V 5 14 2 1
V 4 5 16 3
H 7 7 5 6
H 14 9 1 2
V 11 10 4 1
H 13 9 1 10
V 6 15 14 1
H 13 15 1 2
H 4 4 1 16
V 6 5 2 1
V 3 5 8 5
V 3 9 16 1
V 17 15 2 1
H 14 9 4 10
H 1 10 2 10
H 15 10 2 10
V 1 13 4 3
V 3 7 2 1
H 3 2 1 12
H 4 6 1 2
H 19 6 1 2
V 3 7 14 1
V 10 13 2 1
H 10 2 1 12
V 6 9 14 5
V 17 14 2 2
H 17 9 1 10
V 12 0 8 1
H 18 0 2 6
V 5 3 14 1
H 10 1 2 12
V 4 9 16 1
H 14 9 6 6
H 19 9 1 8
V 11 0 6 1
V 9 0 4 1
V 8 0 12 1
H 18 0 2 2
V 6 1 14 3
H 11 1 1 12
V 11 12 2 1
H 11 2 1 12
V 6 9 14 5
H 18 10 1 8
V 9 14 2 4
H 10 17 1 2
V 17 4 2 1
V 17 9 2 8
V 18 15 2 1
H 17 13 2 4
V 13 1 2 1
V 13 15 2 1
V 8 14 12 2
V 7 14 2 1
H 17 14 1 4
V 1 19 2 1
H 2 6 1 14
V 0 13 4 3
H 0 10 1 2
H 0 11 1 8
H 8 15 1 2
V 3 2 8 2
H 3 3 3 2
V 3 6 2 1
H 3 1 1 18
V 2 13 2 3
H 2 6 1 14
V 1 7 2 1
V 4 7 16 2
H 10 4 2 10
V 9 11 10 3
H 16 9 1 10
V 6 14 2 1
V 12 10 2 1
V 12 19 2 1
V 9 0 6 1
V 9 0 10 1
H 18 0 2 6
V 3 2 16 2
H 10 2 2 12
V 8 9 10 2
H 15 18 1 2
H 14 9 2 10
V 15 17 2 1
H 14 10 2 10
H 14 18 1 2
V 11 14 4 5
V 11 17 6 1
H 13 10 1 2
V 11 11 4 3
H 13 11 4 4
H 13 10 2 10
V 12 10 8 2
H 18 9 2 6
V 17 0 2 1
V 17 15 2 1
H 4 9 1 2
V 10 3 2 1
H 14 12 1 2
V 3 2 8 8
H 7 1 1 2
H 9 3 1 2
H 3 2 11 4
H 3 1 1 18
V 2 13 2 5
H 2 8 1 12
H 9 8 1 2
V 4 5 16 4
V 3 5 2 9
V 2 13 2 1
H 3 1 1 18
V 0 13 4 5
V 0 17 2 1
H 1 11 2 8
H 11 1 1 10
V 10 9 4 2
H 13 9 1 10
V 9 14 8 2
H 9 15 1 2
V 3 5 14 4
H 8 3 1 2
H 11 3 1 2
H 7 4 4 10
V 6 12 14 2
H 16 9 2 8
H 18 10 1 2
V 5 11 14 1
V 7 12 2 1
V 6 13 2 1
H 7 2 1 12
V 3 3 8 6
H 3 2 1 16
V 2 13 2 2
V 1 9 2 1
H 2 7 1 12
V 0 14 4 3
H 3 1 1 18
V 3 3 6 3
H 5 3 3 10
V 5 9 14 3
V 14 13 2 1
V 12 16 2 1
H 2 9 1 10
H 13 9 2 10
V 9 14 6 2
V 11 15 2 1
H 10 14 1 4
V 4 2 16 1
H 16 1 1 2
V 3 2 16 1
H 3 1 1 12
H 3 1 1 18
V 0 14 4 4
V 0 17 2 1
H 18 0 2 8
H 7 1 1 10
V 4 4 16 1
V 3 4 14 1
V 3 5 4 1
H 3 1 1 18
V 2 13 2 2
V 1 8 2 1
V 1 16 2 1
H 2 8 1 10
V 1 8 2 1
H 11 15 1 2
V 9 14 8 2
V 13 13 2 1
H 13 9 1 10
V 9 9 6 5
V 10 3 2 1
H 8 2 3 12
V 3 3 16 1
H 18 0 1 6
V 9 0 10 1
V 9 0 8 1
H 19 12 1 2
V 9 14 4 2
H 10 15 1 2
V 11 15 2 1
V 10 0 2 1
V 10 14 2 2
V 14 17 2 1
H 11 14 4 4
H 13 14 1 2
H 13 13 6 2
H 17 13 1 2
V 8 14 10 1
V 14 9 4 7
H 15 9 1 2
V 17 13 2 1
H 5 10 14 4
H 13 10 3 8
V 8 12 6 1
V 12 13 2 1
V 12 17 2 1
V 15 11 2 1
V 15 14 2 1
H 13 11 3 6
H 16 13 1 2
V 9 14 8 2
H 5 1 1 12
V 3 3 4 3
H 3 1 1 18
V 0 13 4 3
V 0 10 2 7
H 0 10 1 6
V 1 10 2 1
V 1 15 2 2
V 0 11 2 6
V 1 14 2 1
H 0 11 2 4
H 1 10 1 8
V 11 0 6 1
V 11 0 8 1
H 18 0 2 2
V 3 1 16 1
H 9 1 2 10
V 9 3 2 1
V 9 13 2 1
H 10 1 1 12
V 8 12 12 1
V 12 11 6 1
H 15 9 2 8
H 2 11 1 2
H 19 11 1 2
V 16 9 2 6
H 14 11 4 4
V 12 14 4 3
H 11 15 4 2
V 10 15 6 1
V 3 10 2 1
H 3 5 1 14
H 3 8 1 6
V 3 9 16 1
V 2 17 2 1
H 3 4 1 14
V 1 16 4 1
H 4 16 1 2
V 6 3 6 5
V 3 1 16 3
H 18 0 1 6
V 11 0 8 1
V 11 0 6 1
V 1 15 2 1
V 0 12 2 1
V 13 13 4 2
H 15 14 1 2
V 14 12 2 1
H 15 9 1 6
V 14 12 4 2
H 6 6 4 8
V 3 9 6 1
V 3 16 2 1
H 3 2 1 16
V 15 14 2 1
V 18 11 2 1
V 9 13 8 1
H 9 2 2 12
H 5 7 1 2
V 4 7 16 1
H 17 1 2 8
H 18 0 1 6
V 12 0 8 1
V 12 0 4 1
H 3 14 1 2
H 3 13 2 4
H 4 12 1 2
V 1 13 4 2
V 11 13 6 1
H 13 11 1 6
H 12 12 2 2
V 6 12 10 1
H 13 10 2 6
H 5 9 13 2
H 9 8 1 2
V 4 9 12 1
H 4 2 1 16
V 4 9 2 1
H 5 3 1 8
V 5 9 14 2
V 6 9 14 2
H 18 10 1 2
V 13 14 2 1
V 9 10 10 1
H 6 9 10 4
V 12 14 2 1
H 13 10 1 6
H 11 5 1 4
V 11 6 4 3
V 10 6 2 1
H 11 6 1 6
V 6 11 12 1
V 3 9 12 1
V 3 8 8 1
H 3 4 2 12
H 13 9 1 2
V 4 7 2 1
V 4 6 16 2
V 4 9 16 1
H 5 5 7 8
V 5 10 14 1
V 4 6 2 1
H 5 6 7 6
V 3 5 8 4
H 4 1 1 16
V 9 11 2 1
H 10 2 1 12
V 3 6 16 2
H 16 1 3 8
H 18 0 1 6
V 14 0 6 1
V 14 0 2 1
H 13 9 1 6
V 13 13 2 1
H 4 2 1 8
H 4 2 1 10
V 4 2 12 5
H 10 2 1 12
V 6 11 10 2
H 6 6 1 8
V 3 4 14 4
H 9 6 2 8
H 14 11 1 2
V 5 11 12 1
V 5 6 2 1
H 5 4 1 10
V 14 7 2 1
V 3 4 12 5
H 4 7 1 2
V 4 8 16 1
H 13 1 1 6
H 16 4 1 2
V 5 5 14 2
V 14 4 6 1
H 18 0 1 8
H 18 0 2 2
V 16 0 2 1
V 15 0 4 1
V 15 5 4 4
V 15 0 2 1
H 9 11 5 2
V 12 11 4 1
V 13 9 4 2
H 16 9 1 2
V 9 9 2 1
H 11 8 1 2
H 10 9 4 2
V 6 9 12 1
V 3 3 10 2
H 3 2 2 6
H 3 4 1 2
H 3 2 1 12
H 10 5 1 2
V 6 4 14 2
H 19 2 1 6
V 4 4 14 1
H 4 7 1 6
H 10 7 1 6
H 3 4 4 6
H 4 1 1 14
V 12 13 2 1
H 14 11 1 2
V 16 2 4 5
H 18 6 1 2
V 8 11 6 2
V 12 2 8 4
H 18 0 2 6
V 17 0 2 1
V 7 5 10 4
V 8 4 2 1
H 7 2 2 12
V 5 13 8 1
H 7 9 9 2
H 13 10 1 2
V 6 13 6 1
H 8 6 1 2
V 5 7 8 2
H 10 12 1 2
V 9 11 4 1
H 8 5 3 8
V 5 12 8 1
V 7 9 8 2
H 18 2 1 2
H 18 0 1 6
H 17 1 2 6
H 3 3 1 2
V 3 4 4 5
H 5 2 1 12
H 6 7 1 2
H 3 8 8 2
V 3 6 14 1
V 3 8 14 1
V 3 11 2 1
H 3 2 1 10
H 3 9 1 2
H 15 7 1 2
V 18 2 2 3
H 19 2 1 2
V 6 7 2 1
V 5 1 4 12
H 6 12 1 2
H 9 4 1 2
H 3 3 7 4
H 7 2 3 12
V 7 10 6 2
V 8 1 4 8
H 10 4 1 4
V 4 4 16 1
V 11 4 2 1
V 3 7 12 1
H 10 1 1 12
H 12 1 1 4
V 3 1 16 1
V 3 1 2 9
H 4 9 1 2
H 9 5 1 2
H 7 4 9 4
V 17 2 2 3
H 18 3 1 2
V 3 3 4 7
H 5 8 3 4
V 3 9 6 1
H 15 1 1 6
V 13 2 6 2
V 5 4 6 7
H 9 1 2 12
H 7 12 1 2
H 9 10 1 2
H 6 9 4 4
V 7 10 6 1
V 7 1 4 5
V 4 5 14 1
H 16 5 1 2
H 11 1 1 10
H 9 2 3 10
H 11 1 1 8
V 10 2 2 1
V 6 1 12 2
V 18 3 2 1
V 13 7 2 1
V 3 6 4 3
V 6 4 2 8
H 7 9 1 4
H 7 10 1 2
V 12 3 6 2
H 17 2 1 2
H 4 4 1 2
H 3 5 8 2
H 10 2 1 10
V 13 3 4 3
H 12 1 2 8
H 11 1 1 6
V 7 1 10 1
H 14 1 1 2
H 10 3 1 8
H 7 5 1 2
V 5 5 12 1
V 5 4 2 6
H 6 9 1 2
V 11 8 2 1
H 9 6 3 4
V 14 1 2 1
V 14 5 2 1
H 10 4 1 2
H 8 3 7 4
H 15 1 1 4
H 7 4 1 8
V 6 9 2 1
V 3 3 4 2
H 7 4 1 4
V 3 5 2 1
H 4 1 4 8
H 3 2 1 4
H 3 1 10 2
V 7 2 10 2
H 9 7 2 2
H 12 7 1 2
V 4 5 10 2
V 7 9 2 1
H 8 1 1 12
V 15 4 2 1
V 7 7 6 1
V 7 5 8 1
V 3 2 6 4
H 3 3 6 4
V 4 3 2 5
H 4 6 1 2
V 5 3 6 6
V 5 2 4 7
H 8 3 1 2
V 5 3 12 1
V 6 1 2 3
H 5 1 2 6
H 6 2 1 8
H 10 2 2 6
V 8 3 8 2
V 7 4 6 2
H 9 1 1 10
V 4 6 8 1
H 3 4 1 2
H 11 4 1 2
V 6 5 8 2
V 8 9 2 1
H 8 1 1 2
H 8 2 1 10
V 6 2 2 5
H 8 4 1 2
V 3 3 12 2
H 11 3 3 4
V 6 3 10 1
H 8 2 1 2
H 15 2 1 2
H 8 9 1 2
V 10 3 2 1
V 11 1 2 6
H 12 5 1 2
H 7 3 1 2
H 5 4 6 4
V 8 4 6 2
H 5 3 7 2
V 6 3 10 1
V 9 3 2 1
V 6 2 4 5
H 13 1 1 4
V 3 2 12 2
H 9 1 1 8
V 6 1 8 2
V 6 4 4 4
V 6 7 2 1
H 9 1 1 8
V 5 5 8 1
H 5 5 1 2
H 7 4 3 4
V 7 4 6 2
V 7 3 2 5
H 8 4 1 6
H 6 5 6 2
V 4 5 8 1
H 13 2 1 2
V 3 3 4 1
V 4 2 4 2
V 5 5 6 1
H 6 5 5 2
V 5 5 4 1
H 8 2 2 6
V 6 5 2 1
V 7 1 4 6
H 7 6 1 2
V 5 1 2 1
H 6 1 6 4
H 11 1 1 2
V 4 4 4 1
V 10 2 2 3
V 10 3 2 1
H 9 3 2 4
V 8 4 2 1
H 9 3 1 4
V 7 4 6 1
H 7 1 1 6
V 5 1 4 4
V 7 6 2 1
H 10 1 1 2
V 7 3 6 1
H 5 2 8 2
V 4 3 2 1
V 11 3 2 1
H 11 3 1 2
H 6 2 2 4
H 6 1 1 2
H 8 5 1 2
V 6 2 4 4
H 9 4 1 2
V 10 3 2 1
V 5 3 6 2
V 5 4 4 1
V 6 3 2 2
H 7 1 3 2
V 9 2 2 2
H 8 1 2 4
V 8 1 2 1
V 6 2 4 1
V 7 4 2 1
H 7 4 1 2
H 7 2 2 2
H 8 1 1 6
H 7 3 3 2
H 7 2 2 2
V 8 2 2 3
V 7 4 2 1
H 9 3 1 2
V 8 3 2 1
