V 11 2 2 1
H 1 15 1 2
H 3 15 1 2
H 16 7 1 2
V 7 16 2 1
V 4 17 2 1
H 1 12 1 2
H 10 12 1 2
V 1 4 2 1
V 1 14 2 6
V 14 9 2 1
V 6 11 4 4
V 9 14 2 1
H 4 13 11 4
V 4 15 16 2
H 18 15 1 2
V 11 16 2 1
H 17 13 2 6
V 3 18 16 1
V 3 18 12 1
H 3 18 2 2
V 3 19 16 1
V 4 19 16 1
H 10 5 1 2
H 12 5 1 2
H 14 5 1 2
H 3 4 10 2
V 10 2 2 1
V 10 8 2 2
H 10 1 1 10
V 15 8 2 1
V 4 7 12 4
H 4 7 2 10
V 8 14 2 1
V 4 11 10 6
H 18 14 1 2
H 6 15 1 2
V 4 15 16 1
H 17 13 2 6
V 3 18 16 1
V 3 18 12 1
V 14 18 2 1
H 3 18 2 2
V 3 19 14 1
V 3 19 16 1
H 0 0 1 20
V 0 0 2 1
V 0 4 2 1
H 0 0 1 16
V 0 0 16 2
V 15 1 2 1
H 8 0 4 10
V 6 1 4 1
H 8 1 2 10
V 4 7 8 4
H 4 7 2 10
H 7 15 1 2
H 11 15 1 2
V 8 14 2 1
V 4 13 10 3
V 8 13 2 1
V 4 15 16 1
H 17 13 2 6
H 14 17 1 2
V 3 18 16 1
V 3 18 12 1
H 3 18 2 2
V 3 18 14 1
V 3 19 14 1
V 4 19 14 1
H 3 18 2 2
V 4 18 2 1
V 3 19 12 1
H 4 18 1 2
V 3 19 14 1
H 10 14 1 2
V 6 15 14 2
V 12 4 2 1
V 12 16 2 1
H 17 15 3 4
V 4 18 16 1
H 5 17 1 2
V 3 18 12 1
H 3 18 2 2
V 4 18 2 1
V 3 19 12 1
H 4 18 1 2
V 4 19 12 1
V 4 9 8 2
H 4 11 1 2
H 4 7 1 10
H 13 15 1 2
V 8 15 2 1
V 4 14 10 2
V 4 15 16 2
H 17 13 1 6
V 3 18 16 1
V 3 18 12 1
H 3 18 2 2
V 3 19 10 1
V 3 19 12 1
V 8 15 2 1
V 7 15 4 2
H 10 14 1 2
V 4 15 16 1
H 16 15 1 2
H 19 15 1 2
H 17 13 3 6
V 3 18 16 1
V 3 18 12 1
H 3 18 2 2
V 3 19 10 1
H 4 18 1 2
V 4 19 10 1
V 11 19 2 1
H 17 11 3 8
V 4 18 16 1
H 9 17 1 2
V 3 18 16 1
H 3 18 2 2
V 3 19 8 1
V 4 19 8 1
H 0 0 3 14
V 0 0 16 1
H 9 3 1 8
H 8 0 3 10
H 8 1 5 10
V 4 8 8 3
V 5 10 2 1
H 4 7 2 10
V 4 14 10 2
V 4 15 16 1
H 17 13 3 6
V 3 2 16 4
V 3 18 16 1
V 3 18 12 1
H 3 18 2 2
V 3 19 6 1
V 3 19 8 1
V 12 6 2 1
H 10 1 3 10
V 4 7 12 4
V 4 13 2 1
H 4 7 1 10
V 3 16 2 1
V 8 16 2 1
V 4 15 10 2
H 4 14 1 2
V 4 15 16 2
H 11 15 1 2
H 19 15 1 2
H 19 12 1 2
H 17 13 3 6
V 4 18 16 1
V 3 18 12 1
H 3 18 2 2
V 3 19 6 1
V 4 19 6 1
V 0 2 2 1
H 1 0 1 14
H 11 0 1 2
V 0 1 14 1
V 7 6 2 1
H 8 0 3 8
H 8 1 4 10
V 4 0 8 4
V 4 10 8 1
H 3 7 1 10
H 4 7 2 10
V 4 15 10 1
H 10 14 1 2
V 4 15 16 1
H 17 13 1 6
V 3 18 16 1
V 3 18 12 1
H 3 18 2 2
V 3 19 4 1
H 4 18 1 2
V 4 19 4 1
H 8 5 1 2
H 9 3 1 2
H 3 2 17 4
H 8 1 5 10
H 4 9 1 2
H 13 9 1 2
H 10 5 1 2
V 4 10 8 1
V 5 7 2 1
V 5 10 2 1
H 4 7 2 10
V 4 15 10 1
H 8 14 1 2
H 14 14 1 2
V 4 15 16 1
H 17 12 1 2
H 17 13 1 6
H 3 17 1 2
H 14 17 1 2
V 3 18 16 1
V 12 18 2 1
V 3 18 10 1
H 3 18 2 2
V 3 19 4 1
V 15 11 4 6
H 4 11 11 6
H 15 11 4 6
H 18 13 1 2
V 16 11 2 1
H 17 11 1 8
V 16 17 2 1
V 3 18 16 1
H 15 17 1 2
V 3 18 12 1
H 3 17 1 2
V 9 15 10 1
V 15 17 4 1
H 17 13 1 6
H 16 17 1 2
V 4 18 16 1
V 3 18 12 1
H 3 18 1 2
H 12 1 1 2
V 0 0 20 2
H 8 0 2 10
V 9 5 2 1
H 8 1 2 10
V 4 10 8 1
H 4 7 2 10
V 4 15 10 1
H 7 15 2 2
H 11 15 1 2
H 18 15 2 2
V 4 15 16 1
H 17 13 1 6
V 3 18 16 1
V 3 18 10 1
H 4 18 1 2
V 4 19 2 1
V 5 14 8 3
V 4 15 16 1
H 17 13 3 6
V 4 18 16 1
H 10 17 1 2
V 3 18 12 1
V 6 12 6 1
V 7 16 2 1
V 4 12 8 5
V 12 11 2 1
H 9 11 4 6
V 12 12 2 1
V 4 15 16 1
H 17 13 2 6
V 4 18 16 1
H 8 17 1 2
V 4 18 10 1
H 4 17 1 2
H 11 17 1 2
V 1 7 2 1
V 1 16 2 1
V 0 3 2 1
V 0 14 2 6
H 0 0 1 20
H 0 0 2 14
V 0 0 16 1
H 8 0 2 10
V 9 8 2 1
H 8 1 2 10
H 8 6 1 2
V 4 7 8 4
H 4 7 2 10
V 13 12 2 1
V 4 11 10 5
H 16 14 1 2
H 5 15 1 2
V 4 15 16 1
H 17 13 1 6
V 4 18 16 1
H 11 17 1 2
V 4 18 10 1
H 4 18 1 2
V 5 1 6 6
H 9 1 1 2
H 6 2 4 4
V 7 8 2 1
H 8 1 3 10
V 4 8 8 3
H 4 7 2 10
H 5 15 1 2
V 4 13 10 3
V 4 15 16 1
H 17 13 1 6
V 5 18 14 1
V 5 18 10 1
H 8 2 12 8
V 12 4 2 1
H 13 3 1 8
V 4 10 16 1
V 5 16 2 1
H 4 7 2 10
V 4 15 8 2
V 4 15 16 1
H 17 13 1 6
V 6 18 14 1
H 7 17 1 2
V 6 18 8 1
H 6 17 1 2
V 4 9 4 2
H 5 10 1 2
H 4 9 14 2
V 5 8 2 1
H 4 7 2 10
V 8 16 2 1
V 8 17 2 1
V 4 15 10 2
V 4 8 16 2
V 4 15 16 1
V 6 18 14 1
H 17 13 1 6
V 6 18 14 1
V 6 18 8 1
H 5 7 1 2
V 4 8 6 3
H 4 9 1 2
H 4 7 1 10
V 4 15 10 2
V 4 15 16 1
V 17 14 2 1
H 17 13 1 6
V 10 18 10 1
V 9 18 6 1
H 9 17 1 2
H 0 0 3 14
V 0 1 2 1
H 1 0 2 12
H 3 3 1 2
V 0 0 12 4
H 8 0 1 10
H 8 1 1 10
V 4 9 8 2
H 4 7 1 10
H 8 14 1 2
V 4 15 10 2
V 4 15 16 1
H 17 13 1 6
V 10 18 10 1
V 10 18 4 1
V 1 0 14 1
H 8 0 2 10
V 9 3 2 1
H 8 1 2 10
V 4 10 8 1
H 4 7 1 10
H 9 14 1 2
V 4 15 10 2
V 4 15 16 1
V 16 13 2 2
H 17 13 1 6
V 12 17 8 2
V 12 18 2 1
H 14 17 1 2
H 14 15 1 2
H 18 15 1 2
V 3 16 12 1
H 3 15 1 2
V 3 16 16 1
H 17 16 3 2
H 18 17 1 2
V 14 17 6 1
V 13 17 2 1
V 14 17 4 1
H 5 8 1 4
H 5 7 1 10
V 5 15 12 2
H 19 15 1 2
V 4 15 16 1
H 18 11 2 8
V 3 5 10 2
H 8 3 2 8
H 7 9 1 2
V 4 10 8 1
H 4 7 2 10
V 8 15 2 1
V 4 15 10 1
H 10 14 1 2
V 4 15 16 1
H 17 13 2 6
V 15 17 4 2
H 5 10 1 2
V 4 9 6 2
H 4 7 1 10
V 4 15 10 1
V 4 15 16 1
V 16 16 2 1
H 17 11 1 8
V 18 13 2 1
V 1 13 2 1
H 0 0 2 14
V 0 4 14 1
H 3 4 12 2
H 8 1 1 10
V 4 10 8 1
H 4 7 2 10
V 4 15 14 2
V 4 15 16 2
H 19 14 1 4
V 9 12 2 3
H 10 13 2 4
H 16 15 2 2
H 15 14 1 2
V 4 15 16 1
H 9 12 1 2
H 11 12 1 2
H 15 12 1 2
H 15 13 4 4
H 4 7 1 2
V 4 8 4 3
H 5 8 1 2
H 4 9 12 2
H 4 7 2 10
V 4 13 8 3
V 4 8 16 2
V 4 15 16 1
H 15 13 1 2
H 15 11 2 6
H 16 11 1 2
H 3 9 1 8
V 3 16 12 1
H 6 15 1 2
H 8 15 1 2
V 3 16 16 1
H 17 13 1 4
V 16 14 4 1
H 4 9 1 4
H 4 7 2 10
V 4 15 14 2
H 17 13 1 6
V 4 9 16 2
V 4 16 16 1
V 4 9 8 2
H 4 7 1 10
H 8 15 1 2
H 11 15 1 2
V 4 15 10 1
H 18 14 1 2
H 11 15 1 2
V 4 15 16 1
V 16 16 2 1
H 17 13 1 6
V 0 9 2 5
H 0 0 1 20
V 0 2 16 3
H 8 2 12 6
H 8 1 1 10
V 4 9 8 2
H 4 7 1 10
V 4 15 8 1
H 4 14 1 2
H 14 14 1 2
V 5 15 14 1
H 15 13 1 2
V 14 16 2 1
H 15 11 1 6
H 15 11 1 2
H 8 14 1 2
V 8 13 4 2
H 10 11 5 6
V 4 15 14 2
H 4 9 1 2
V 4 10 16 1
V 4 9 6 2
H 4 10 2 2
V 5 10 2 1
V 5 13 2 1
H 4 7 1 10
V 3 16 2 1
H 3 7 1 10
V 16 15 2 1
V 2 0 18 1
H 16 14 1 2
H 14 8 1 2
H 9 0 2 10
V 7 8 2 1
H 8 1 2 10
V 4 9 10 2
H 4 7 2 10
V 4 15 12 1
H 6 14 1 2
V 5 15 12 1
H 0 0 1 8
V 0 2 16 2
H 8 0 1 10
V 4 7 8 4
H 4 10 1 2
H 4 7 2 8
V 5 8 2 1
H 4 7 2 10
V 3 16 2 1
H 3 9 1 8
H 3 8 1 8
H 0 0 1 20
H 3 3 1 2
H 1 4 1 2
V 0 4 16 1
V 7 5 2 1
H 0 9 1 2
H 15 9 1 2
H 8 4 9 6
H 9 6 1 2
V 4 7 8 3
H 4 14 1 2
H 4 7 1 8
H 4 7 1 10
V 3 16 2 1
H 3 9 1 8
H 3 14 1 2
H 3 9 1 6
V 0 14 2 5
H 0 0 1 20
V 1 3 2 1
V 1 14 2 5
H 0 9 1 2
H 0 0 2 10
V 0 0 16 1
H 8 0 1 10
H 8 1 2 10
V 4 9 8 2
V 4 5 2 1
V 4 7 2 1
V 4 13 2 1
H 4 7 1 10
V 8 12 2 1
V 4 12 10 4
H 10 14 1 2
V 4 15 12 1
V 12 16 2 1
H 5 14 1 2
V 10 7 2 1
H 11 0 1 8
V 11 0 2 1
H 9 1 3 10
V 4 10 14 1
V 5 14 2 1
H 4 7 2 10
V 5 8 2 1
V 5 12 2 1
V 4 12 10 4
V 5 12 10 4
H 3 10 1 2
V 4 11 6 5
H 12 15 1 2
V 4 15 10 1
V 7 12 8 1
H 10 11 5 4
V 6 0 10 1
H 3 0 10 4
H 8 0 5 10
H 11 7 1 2
V 4 7 8 1
H 4 7 1 8
H 4 7 2 10
V 3 16 2 1
H 3 13 1 2
H 13 13 1 2
H 3 11 1 6
H 3 11 1 4
H 5 10 1 2
V 4 7 16 4
V 5 12 2 1
H 4 8 2 6
V 5 9 2 1
H 5 7 1 10
V 5 15 2 1
V 5 16 4 1
V 4 15 8 2
H 8 5 7 4
V 4 7 16 3
V 5 7 2 1
H 4 7 2 8
V 3 16 2 1
H 4 7 1 10
H 3 15 1 2
V 3 16 2 1
H 3 13 1 4
H 3 12 1 4
H 10 12 1 2
H 4 13 7 4
V 11 14 2 1
V 5 0 14 2
H 0 1 12 2
V 7 4 2 1
V 7 15 2 1
H 8 0 2 10
V 4 7 8 4
H 4 7 1 8
H 4 7 2 10
V 3 16 2 1
H 3 13 1 4
H 3 13 1 2
H 7 13 1 2
V 4 0 10 2
H 10 2 1 2
H 4 1 9 2
H 4 0 1 2
H 8 0 1 10
V 4 7 8 1
V 4 16 2 1
H 4 7 1 10
V 4 11 8 3
H 6 12 1 2
H 5 8 1 4
V 4 11 10 2
V 7 13 2 1
V 5 11 6 4
H 9 14 1 2
H 4 7 1 10
V 3 16 2 1
H 3 15 1 2
V 5 11 2 1
V 0 5 2 1
V 0 14 2 5
H 0 0 1 20
H 0 3 2 6
H 2 4 1 2
H 4 1 1 2
V 0 2 16 3
H 8 0 3 10
V 7 8 2 1
V 4 7 8 3
V 4 14 2 1
H 4 7 1 10
V 4 7 2 1
V 4 13 6 2
V 5 11 6 4
H 4 9 1 8
V 3 16 2 1
V 4 9 16 1
V 7 2 10 5
H 8 1 4 10
V 7 4 2 1
V 7 8 2 1
V 4 7 8 3
H 4 7 1 10
V 4 11 4 6
V 4 11 6 4
H 7 15 1 2
H 4 13 5 2
V 8 13 2 1
V 4 14 4 1
H 4 13 2 4
V 7 7 2 1
V 8 0 4 11
V 7 1 2 1
V 4 8 16 1
H 9 7 10 4
H 4 1 1 6
H 9 3 1 2
V 4 4 10 3
H 4 4 1 2
V 4 5 16 2
H 19 2 1 8
V 4 14 4 1
H 4 12 4 2
V 4 11 6 2
H 19 5 1 2
V 8 6 12 3
H 19 7 1 2
V 12 2 6 9
V 9 3 2 1
H 0 6 1 2
H 12 6 1 2
H 10 3 8 8
V 9 9 2 1
V 4 7 6 4
H 5 7 1 10
V 5 15 2 1
H 18 8 1 2
H 5 11 2 4
V 16 1 4 1
H 4 8 2 6
V 7 5 2 1
V 7 12 2 1
V 4 11 4 3
H 8 11 1 2
V 4 11 6 1
V 5 1 14 1
H 18 0 1 2
V 4 8 12 3
V 5 8 6 3
H 4 10 2 2
H 5 8 1 8
V 4 11 4 2
H 4 12 1 2
V 6 11 2 2
H 7 11 1 2
V 13 9 2 1
V 14 8 2 3
V 13 10 2 1
V 4 7 2 6
H 5 7 1 8
V 15 4 2 6
V 14 5 2 1
V 12 6 6 1
H 15 2 2 8
V 16 2 2 7
H 17 7 1 2
V 18 6 2 1
V 2 3 18 1
H 19 2 1 2
H 8 1 2 10
H 6 1 1 2
H 4 0 8 4
V 2 0 16 2
H 0 0 2 14
H 7 3 1 2
V 0 4 14 1
H 8 3 1 8
V 4 7 8 4
V 4 7 2 1
H 4 7 1 6
V 5 3 2 1
V 5 11 2 2
V 4 11 4 1
V 5 11 4 1
V 1 14 2 5
V 0 8 2 1
V 0 14 2 5
H 0 0 1 20
V 0 3 2 1
V 0 4 16 1
H 1 4 1 2
H 15 4 1 2
V 0 4 20 1
H 18 2 1 6
H 12 9 1 2
H 14 9 1 2
V 14 1 4 1
V 11 5 6 4
V 6 2 10 4
V 7 0 2 1
V 7 6 2 1
V 7 10 2 1
H 8 0 3 10
V 1 0 16 2
H 0 0 3 14
V 1 4 14 1
V 0 4 20 1
H 19 4 1 2
V 0 1 2 1
V 0 4 2 1
H 0 1 1 6
V 0 3 18 1
H 2 2 1 2
H 8 2 1 2
V 0 3 20 2
V 14 4 2 5
H 9 5 7 4
V 7 8 8 2
H 7 4 9 2
V 12 4 8 1
H 0 1 13 2
H 5 2 1 2
H 7 1 1 2
V 4 2 14 1
H 8 4 1 2
H 11 2 1 2
H 8 1 5 4
V 5 3 14 3
H 5 11 1 2
V 15 7 2 1
H 17 5 1 2
V 8 4 2 1
H 9 4 7 4
H 10 4 1 2
V 9 4 10 1
V 12 1 2 1
V 7 1 6 5
V 3 5 2 1
H 9 5 1 2
V 4 4 14 2
V 10 0 2 1
V 11 0 2 11
H 14 3 1 2
H 3 4 12 2
V 12 4 2 1
V 12 9 2 1
H 11 1 2 10
V 6 4 10 2
H 8 2 1 8
V 4 7 6 3
H 5 8 1 4
V 3 0 6 1
V 4 9 8 1
H 8 0 2 10
H 4 1 6 4
H 14 0 1 2
V 4 1 12 1
V 12 4 2 1
V 12 9 2 1
V 5 8 8 2
H 8 5 3 4
V 3 5 14 2
H 8 4 1 2
V 1 8 2 1
H 2 0 1 14
H 4 2 1 2
V 1 3 14 1
V 7 5 2 1
H 8 1 3 10
V 5 8 10 1
V 5 10 2 1
H 4 8 9 2
V 12 8 2 1
H 11 6 1 2
V 10 3 6 4
V 5 9 8 1
V 3 5 14 1
H 10 7 1 2
H 9 2 5 6
V 4 2 12 1
H 10 4 5 4
V 12 2 2 2
V 13 3 4 3
V 3 6 12 1
H 8 0 1 10
V 3 1 12 1
H 4 3 5 4
V 0 4 18 1
H 13 0 1 2
H 12 7 1 2
H 8 6 6 2
V 13 6 2 1
H 5 8 5 2
V 4 7 4 2
V 5 4 10 1
H 11 0 1 10
V 11 0 2 1
V 5 7 6 2
V 4 7 10 1
V 8 0 2 9
V 4 4 12 2
H 12 5 1 2
V 4 6 10 1
H 8 5 2 6
V 5 9 6 1
V 5 5 2 1
V 3 0 6 7
H 0 1 7 2
V 0 1 14 1
V 15 4 2 1
V 8 4 2 1
V 9 3 4 5
V 11 3 4 3
H 0 9 1 2
H 7 9 3 2
H 9 6 1 2
V 6 7 4 3
H 10 5 1 2
H 8 6 4 2
V 4 7 8 1
H 9 3 1 6
V 5 4 10 2
V 0 0 6 5
H 3 0 2 2
V 1 1 12 1
H 11 0 1 2
V 12 4 2 1
V 12 6 2 1
H 12 1 1 6
V 10 4 6 1
H 9 9 1 2
V 7 10 2 1
V 0 1 6 1
H 4 0 2 6
V 0 4 14 1
H 10 1 2 8
H 6 7 4 2
H 8 1 1 6
V 8 5 4 3
V 8 3 6 2
H 13 3 1 2
V 6 0 2 7
H 9 4 1 4
V 7 5 2 1
V 3 4 10 3
H 8 1 3 8
H 0 3 3 4
H 0 3 1 2
H 12 3 1 2
V 0 4 14 1
V 9 5 2 1
V 7 8 2 1
H 8 0 2 10
H 12 2 1 2
V 5 1 6 2
V 5 1 4 6
H 8 4 3 4
V 6 7 4 1
V 9 2 2 5
H 9 0 1 8
V 10 2 2 5
H 11 2 1 4
V 7 7 2 2
H 0 2 1 8
H 7 4 1 2
V 0 3 12 2
V 1 3 12 2
H 10 2 1 2
H 8 5 1 4
H 9 4 1 2
V 9 4 4 1
H 6 1 4 6
V 5 6 2 1
V 3 6 8 1
V 7 7 2 1
V 8 2 2 6
H 9 6 1 2
V 2 0 4 2
V 1 0 8 3
H 5 0 1 2
H 8 0 1 2
H 4 1 4 6
V 4 4 8 2
H 8 2 1 6
H 6 3 1 2
V 0 3 8 1
H 5 1 3 6
V 4 5 2 1
H 6 4 1 2
V 4 5 6 2
V 1 0 4 1
H 1 0 2 14
V 2 2 2 1
V 0 2 2 1
V 0 10 2 1
H 1 0 2 12
V 2 0 2 5
V 0 0 8 1
H 8 5 1 2
V 8 5 2 1
V 3 0 2 1
H 5 2 2 4
H 9 4 1 2
V 3 4 8 1
H 5 2 1 2
H 7 2 1 2
H 5 0 1 6
H 4 3 1 2
H 4 0 1 2
V 2 2 2 1
H 3 1 3 6
V 4 6 4 1
V 7 4 2 1
V 4 1 2 6
H 5 1 1 2
H 5 4 1 2
V 4 5 4 1
H 3 2 3 4
V 2 3 6 1
V 1 9 2 4
V 1 10 2 1
V 2 4 2 1
H 2 0 1 14
H 2 0 1 10
V 1 0 4 5
V 4 2 2 4
H 1 1 1 2
H 4 1 1 2
V 2 4 6 1
H 3 3 3 4
V 4 4 4 1
H 0 0 1 20
H 3 3 1 2
V 0 3 6 1
H 0 0 1 6
H 3 0 1 6
V 1 4 2 1
V 2 1 2 4
H 3 1 1 2
V 3 2 2 1
V 0 2 4 2
V 0 2 6 2
H 4 2 1 2
V 4 4 2 1
V 2 4 2 1
H 2 0 1 6
V 3 3 2 1
H 3 3 1 4
H 5 4 1 2
V 1 4 6 1
H 2 16 1 2
V 1 14 2 2
V 0 14 2 6
H 0 0 1 20
V 0 3 2 8
V 0 12 2 2
V 1 5 2 1
V 1 17 2 1
H 2 8 1 2
H 2 1 1 8
H 1 1 1 2
H 2 3 2 2
H 4 5 1 2
V 3 4 2 2
H 3 2 1 2
H 1 6 1 2
V 0 5 2 1
H 0 0 1 20
H 0 0 1 4
V 0 2 2 1
V 0 6 2 1
H 0 1 1 18
H 0 1 1 6
V 0 3 2 1
V 0 13 2 1
H 0 2 1 2
H 0 4 1 16
H 0 4 1 12
V 0 4 2 1
V 0 8 2 3
V 0 14 2 1
V 0 17 2 1
V 1 4 2 1
V 1 6 2 2
V 1 16 2 2
H 0 3 1 4
H 1 6 1 6
H 0 5 1 14
V 0 13 2 1
V 0 14 2 1
H 0 8 3 6
H 0 8 3 4
H 0 6 1 2
H 1 8 1 2
H 2 9 1 2
V 0 10 2 1
H 0 7 1 10
H 1 10 1 2
V 1 11 2 3
V 1 14 2 1
H 1 10 1 4
H 1 10 1 2
H 0 13 1 2
V 0 13 2 1
V 1 12 2 2
V 0 11 2 1
H 0 12 1 8
H 0 11 1 4
H 0 12 1 2
V 0 14 2 2
H 0 13 1 2
V 0 13 2 1
H 2 15 1 2
H 0 13 1 6
H 1 14 1 4
H 0 14 2 6
H 1 14 1 2
H 1 18 2 2
H 2 17 1 2
V 0 18 2 2
H 1 16 1 4
H 0 15 1 2
V 0 18 2 1
V 1 18 2 1
H 1 18 1 2
