H 9 4 1 2
V 9 18 2 1
H 11 13 1 2
V 1 5 2 1
V 13 0 6 1
V 13 5 6 15
V 15 18 2 1
H 15 2 1 18
V 12 6 6 5
V 11 19 2 1
H 12 2 1 18
H 10 18 1 2
V 9 19 4 1
V 8 18 4 2
H 8 2 2 18
H 8 1 1 18
H 3 2 1 2
V 2 1 8 2
V 6 7 2 1
V 1 1 6 7
H 1 0 1 2
V 1 0 10 1
V 10 0 2 1
V 2 0 10 1
H 0 10 3 8
V 0 10 4 1
V 0 10 8 3
V 5 13 2 1
V 6 6 2 1
H 6 1 1 14
V 2 2 6 1
V 2 2 8 2
V 2 4 2 1
V 1 1 2 9
H 1 0 1 6
V 1 4 2 1
V 1 0 8 1
H 1 0 1 2
V 1 0 10 1
V 6 13 2 3
V 5 1 2 1
V 5 6 2 1
H 6 3 2 12
V 0 8 10 1
H 1 0 1 10
H 1 0 1 6
V 1 0 8 1
V 2 0 8 1
V 12 3 4 5
H 12 2 1 14
H 12 2 1 18
V 9 19 4 1
V 8 19 4 1
H 8 2 2 18
V 7 5 2 1
V 7 8 2 1
H 8 1 2 18
V 2 1 8 3
V 1 1 6 1
H 1 0 1 2
V 1 0 6 1
V 1 0 8 1
H 0 7 1 2
H 8 7 1 2
V 0 8 10 1
V 0 9 2 1
H 1 0 1 10
H 1 0 1 6
V 1 0 6 1
V 2 0 6 1
V 1 0 2 1
H 1 2 1 2
H 1 0 1 6
V 1 1 2 6
V 2 1 8 3
V 6 5 2 1
H 6 2 1 14
V 0 10 8 3
V 0 10 4 1
H 0 10 2 8
H 0 10 1 10
V 0 16 2 1
V 12 2 8 1
H 12 2 1 16
H 12 2 1 18
V 9 19 4 1
V 8 19 4 1
H 8 2 2 18
H 8 18 1 2
H 8 1 2 18
V 1 1 8 3
H 1 1 1 2
V 1 1 6 1
H 1 0 1 2
V 1 0 4 1
H 1 0 1 6
V 1 0 6 1
V 0 10 4 3
H 6 11 1 2
V 0 10 8 2
H 6 1 1 14
H 7 3 1 2
V 2 3 8 1
V 1 1 2 6
H 1 0 1 6
V 1 0 4 1
V 2 0 4 1
H 11 6 1 2
H 10 7 2 12
V 8 18 4 2
V 7 4 2 1
H 8 2 2 18
H 8 7 2 4
V 6 3 4 6
V 2 5 8 1
H 6 2 2 14
H 6 9 1 2
V 4 10 4 6
V 4 13 2 1
H 4 10 1 10
V 4 16 2 4
V 5 18 2 1
V 4 16 4 4
V 12 10 6 1
H 12 2 1 18
V 9 19 4 1
V 8 18 4 2
H 9 1 1 2
H 8 2 2 18
H 8 3 1 14
H 6 2 1 2
V 6 3 4 5
H 6 2 2 14
H 7 9 1 2
V 0 10 8 1
V 0 10 4 3
H 0 10 2 8
H 0 11 2 8
V 13 13 6 3
H 14 8 4 6
V 12 10 4 1
H 12 2 1 18
V 9 19 4 1
H 9 18 1 2
V 8 19 4 1
V 7 6 2 1
H 8 2 1 18
H 8 2 2 14
V 6 2 4 5
H 6 1 1 14
V 0 10 8 2
V 1 10 2 10
H 1 10 1 8
H 1 10 1 10
H 1 2 7 8
V 0 8 10 1
V 6 7 2 1
V 6 14 2 1
H 6 3 1 12
V 3 11 4 5
H 3 10 2 10
H 3 13 1 6
V 3 16 4 4
V 8 18 4 2
H 9 2 1 18
H 9 2 1 12
V 4 1 6 6
H 6 2 2 14
V 0 10 8 1
V 0 16 2 2
V 1 10 2 8
H 1 10 2 8
H 1 11 2 8
H 11 15 1 2
H 10 13 2 6
V 8 18 4 2
H 8 1 1 18
H 8 5 2 6
V 6 1 4 6
V 5 7 2 1
H 6 1 1 14
V 4 10 4 5
H 3 10 2 10
V 4 16 2 4
V 4 16 4 3
H 10 17 2 2
V 9 19 2 1
V 8 18 4 2
V 8 13 2 1
H 8 2 1 18
H 8 2 1 12
V 6 2 4 2
V 5 12 2 1
H 6 2 1 14
V 0 10 8 2
H 2 10 1 8
H 2 10 1 10
H 12 9 3 2
H 12 2 1 18
V 9 19 4 1
V 8 18 4 2
H 8 2 2 18
H 8 1 2 18
V 2 1 8 1
V 1 1 6 2
H 1 0 1 2
V 1 0 2 1
V 2 0 2 1
V 13 12 6 3
H 14 10 1 4
V 12 10 4 1
H 12 2 1 18
V 9 19 4 1
V 8 19 4 1
V 8 18 2 1
H 8 2 1 18
H 8 2 1 14
V 5 3 4 5
H 6 1 1 14
H 2 11 1 2
H 4 11 1 2
H 10 11 2 2
V 0 10 8 2
V 0 10 4 3
H 0 10 3 6
H 2 12 1 2
H 0 10 3 8
V 3 19 2 1
V 1 14 2 1
V 0 10 2 7
H 0 15 1 2
H 11 15 1 2
V 12 1 2 10
H 12 2 1 18
V 9 19 4 1
V 8 19 4 1
H 8 2 1 18
H 8 2 1 14
V 5 2 4 5
H 6 1 1 14
V 0 10 8 1
H 7 10 1 2
H 2 10 1 8
H 2 11 1 8
V 12 10 6 1
H 12 2 1 18
V 9 19 4 1
V 8 18 4 2
H 8 2 1 18
H 8 7 2 4
V 0 8 10 1
V 0 8 6 1
H 0 0 1 10
H 0 0 1 6
H 15 0 3 20
V 12 6 6 5
V 12 6 2 1
H 12 2 1 18
V 9 19 4 1
V 8 18 4 2
H 8 2 1 18
H 8 2 1 10
V 5 3 4 4
V 6 14 2 1
H 6 1 1 14
H 7 11 1 2
V 4 12 4 4
H 4 10 1 10
V 4 16 2 4
V 4 16 4 2
V 18 1 2 1
H 19 0 1 16
V 12 2 8 1
V 12 2 6 1
H 12 2 1 16
H 12 2 1 18
V 9 19 4 1
V 8 18 4 2
V 8 5 2 1
H 8 2 1 18
H 8 4 1 2
H 8 5 1 6
H 6 5 1 2
V 6 6 4 3
H 6 2 2 14
V 5 15 2 1
V 3 10 2 1
V 4 10 4 6
V 4 17 2 1
H 4 10 1 10
V 4 19 2 1
H 19 0 1 10
V 12 0 8 1
H 15 0 3 20
V 12 10 6 1
H 12 2 1 18
V 9 19 4 1
V 9 18 2 1
V 8 18 4 2
H 8 2 2 18
H 8 1 2 14
V 6 3 4 4
H 6 2 1 14
V 0 10 8 2
V 1 15 2 2
V 1 10 2 4
H 1 10 1 6
H 1 10 1 8
V 1 1 8 3
V 1 1 2 1
H 1 0 1 6
H 5 17 1 2
H 10 17 1 2
H 4 5 1 4
V 0 8 8 1
H 0 1 1 8
H 0 1 1 6
V 0 8 2 2
H 7 8 1 6
H 8 8 1 6
V 0 8 10 1
H 6 6 1 8
V 4 11 4 3
V 3 15 2 1
V 3 17 2 1
H 4 10 1 10
V 3 16 4 2
H 4 15 1 2
H 12 9 1 2
H 12 2 1 18
V 9 19 4 1
V 8 19 4 1
H 8 2 2 18
H 8 7 1 6
H 9 8 1 2
V 6 6 4 3
V 5 4 2 1
H 6 1 1 14
V 3 10 4 5
V 6 11 2 1
H 4 10 1 10
H 12 9 1 2
H 12 2 1 18
V 9 19 4 1
V 8 19 4 1
H 8 2 2 18
H 8 3 2 14
V 5 1 4 3
H 6 2 1 14
V 1 10 6 3
H 3 10 2 8
H 3 11 1 8
V 13 8 2 1
H 14 8 5 12
V 12 8 4 3
H 12 2 1 18
V 9 19 4 1
V 8 19 4 1
H 8 2 1 18
H 8 2 2 10
V 6 4 4 3
H 6 2 1 14
V 0 11 2 1
V 1 11 6 2
H 3 10 1 8
V 3 16 4 1
V 4 16 4 1
H 14 9 5 6
V 12 9 4 2
H 12 2 1 18
V 9 19 4 1
V 8 19 4 1
V 7 6 2 1
H 8 2 1 18
H 8 4 1 10
V 6 5 4 2
H 6 2 1 14
V 0 12 8 1
V 0 12 4 1
H 0 10 2 6
V 12 8 6 3
H 12 9 5 2
H 12 2 1 18
V 9 19 4 1
V 8 19 4 1
H 8 2 2 18
H 8 2 2 14
V 5 3 4 4
H 6 8 1 2
H 6 2 1 14
V 0 10 8 2
V 1 10 2 3
V 2 11 2 1
H 1 10 1 6
H 1 11 1 6
H 13 4 3 14
V 12 6 2 5
H 12 2 1 18
H 9 18 1 2
V 9 19 4 1
V 8 18 4 2
H 8 2 2 18
H 8 5 2 10
V 8 7 2 1
V 5 5 4 4
H 6 1 1 14
V 0 10 8 3
V 0 12 2 1
V 1 10 2 6
H 1 10 1 6
V 12 2 6 1
H 12 2 1 16
H 12 2 1 18
V 9 19 4 1
V 8 18 4 2
H 8 2 1 18
H 8 2 2 14
V 5 3 4 3
V 5 11 2 1
H 6 2 1 14
V 0 10 8 3
H 2 15 1 2
H 2 12 1 2
H 2 10 1 6
H 2 11 1 6
V 13 15 6 2
H 13 8 5 10
V 12 10 6 1
H 12 2 1 18
V 9 19 4 1
V 8 19 4 1
H 8 2 2 18
H 9 10 1 2
H 8 5 2 6
V 5 6 4 3
H 6 2 1 14
V 4 13 4 3
V 3 15 2 1
H 4 11 1 8
V 14 17 6 3
V 13 17 6 3
H 13 4 1 16
V 12 8 2 3
H 12 2 1 18
V 9 19 4 1
V 8 19 4 1
H 8 2 2 18
H 8 2 2 14
V 5 3 4 1
H 6 2 2 14
V 1 10 6 2
H 3 10 2 6
V 3 10 2 1
H 3 10 1 8
H 19 7 1 2
H 19 0 1 16
H 19 0 1 10
V 12 0 8 1
H 15 0 3 20
V 12 0 6 1
V 12 10 6 1
V 12 7 2 1
H 12 2 1 18
H 9 18 1 2
V 9 19 4 1
V 8 18 4 2
H 8 2 1 18
H 8 6 2 8
V 6 6 4 3
V 5 9 2 1
H 6 2 2 14
V 3 12 4 3
V 4 14 2 1
V 4 16 2 1
H 4 10 1 8
V 4 17 2 1
H 4 11 4 4
H 4 10 1 8
H 6 7 1 6
V 7 2 2 1
H 6 1 2 10
V 2 1 8 2
H 10 12 2 8
V 8 18 4 2
H 8 2 2 18
H 8 7 1 2
H 8 8 2 2
V 0 8 10 1
V 0 8 8 1
H 0 3 1 6
H 0 3 1 4
V 12 7 4 4
H 12 9 6 2
H 12 2 1 18
V 9 19 4 1
V 8 19 4 1
H 8 10 1 2
H 8 2 2 18
V 8 8 2 1
V 8 16 2 1
H 8 1 1 12
V 6 4 4 1
H 7 8 1 2
H 6 2 2 14
H 7 9 1 4
V 0 11 8 1
V 0 11 4 2
H 1 13 1 2
H 7 13 1 2
H 0 10 2 4
V 13 11 6 2
H 8 10 1 2
H 13 10 6 2
V 12 10 4 1
H 12 2 1 18
V 9 19 4 1
V 8 19 4 1
H 8 2 1 18
H 8 1 1 16
V 1 2 8 2
V 1 2 6 1
H 13 3 1 2
H 13 4 5 16
V 12 8 6 3
H 12 2 1 18
V 9 19 4 1
V 8 18 4 2
H 8 2 1 18
H 10 2 2 18
H 8 3 1 14
V 5 2 4 2
H 6 2 1 14
V 2 6 6 1
V 2 10 6 2
H 3 10 4 6
H 3 10 1 2
H 3 11 1 6
H 2 11 1 4
V 3 1 4 5
H 3 1 1 6
H 4 15 1 2
H 8 2 1 18
V 0 8 10 1
V 0 8 6 1
H 0 4 1 6
H 0 4 1 2
V 8 18 4 2
H 8 1 1 18
H 8 2 2 8
V 6 2 4 4
H 6 2 1 14
V 1 11 6 2
H 4 12 1 2
H 3 10 3 6
H 12 2 1 16
H 12 2 1 18
V 9 19 4 1
V 8 19 4 1
H 8 2 2 18
H 8 1 2 14
V 2 2 8 2
V 1 3 6 7
V 12 4 4 6
H 12 5 4 6
H 12 2 1 18
V 9 19 4 1
V 8 18 4 2
H 8 2 1 18
H 8 2 1 16
H 5 2 1 2
V 2 2 8 1
V 5 9 2 1
V 2 2 4 8
H 2 3 6 2
V 1 4 2 1
H 2 4 1 2
V 4 1 4 4
H 4 14 4 2
V 3 13 4 2
V 1 5 2 1
H 13 6 1 2
H 12 3 4 8
H 12 2 1 18
H 15 2 1 18
V 9 19 4 1
H 9 17 1 2
V 8 18 4 2
H 8 2 1 18
H 8 7 1 4
H 6 7 1 2
V 0 8 10 1
H 0 7 1 2
H 2 7 1 2
V 0 8 6 2
H 0 5 1 4
H 0 5 1 2
V 12 10 6 1
H 12 2 1 18
V 9 19 4 1
V 8 19 4 1
H 8 2 2 18
H 8 2 2 10
V 6 5 4 2
H 6 1 1 14
V 1 10 6 3
V 1 10 4 3
V 1 10 2 2
H 2 11 6 2
H 1 6 7 4
H 1 5 1 2
H 5 10 2 6
H 12 16 1 4
V 9 19 4 1
V 8 18 4 2
H 8 2 2 18
V 7 3 2 1
H 8 1 2 14
V 3 3 6 1
V 3 3 4 2
V 13 8 6 4
H 13 10 1 2
V 12 8 2 3
H 12 2 1 18
V 9 19 4 1
V 8 18 4 2
H 8 1 1 2
H 8 2 2 18
H 8 5 2 6
V 5 7 4 2
H 6 2 1 14
V 4 13 4 2
V 12 7 6 4
H 12 5 1 6
H 12 2 1 18
V 9 19 4 1
V 8 18 4 2
H 8 2 2 18
V 6 1 4 1
H 8 1 2 14
V 5 3 4 2
H 6 2 2 14
V 0 10 8 1
V 0 10 4 1
V 12 1 2 4
H 12 4 1 12
H 12 3 1 2
H 12 2 1 18
V 9 19 4 1
V 8 18 4 2
H 8 2 2 18
H 8 1 2 18
V 5 1 4 2
V 5 1 2 1
V 13 4 6 4
V 12 5 4 5
H 12 3 4 8
H 12 2 1 18
V 9 19 4 1
V 8 18 4 2
H 8 2 2 18
H 8 3 2 12
V 5 4 4 1
V 6 13 2 1
H 6 2 1 14
V 2 10 6 2
V 1 10 2 1
V 1 10 4 2
H 13 4 1 16
V 12 3 2 8
H 12 2 1 18
V 9 19 4 1
V 8 18 4 2
H 8 2 2 18
H 8 17 1 2
H 8 2 2 16
V 4 2 6 1
V 4 2 2 1
V 13 15 6 1
H 13 9 4 10
V 12 10 6 1
H 12 2 1 18
V 9 19 4 1
V 8 18 4 2
H 8 2 2 18
H 8 1 2 12
V 2 4 8 1
V 2 4 4 1
H 15 0 1 20
V 12 9 6 2
H 12 2 1 18
V 9 19 4 1
V 8 19 4 1
V 6 6 4 1
H 8 2 2 18
H 8 4 2 12
V 5 3 4 2
H 6 2 2 14
H 3 10 1 4
V 2 11 6 1
H 3 10 2 4
V 2 5 2 1
H 5 11 3 4
H 6 1 1 14
H 6 1 1 4
H 12 6 1 14
V 9 19 4 1
H 12 18 1 2
V 8 18 4 2
H 8 2 1 18
H 8 5 1 6
V 6 7 4 2
V 5 10 2 1
H 6 3 2 12
V 4 13 4 1
H 10 8 1 2
H 10 1 1 16
H 10 2 1 18
V 8 18 4 2
H 8 1 2 18
H 8 8 2 2
H 0 7 1 2
V 0 8 10 1
V 0 8 6 1
H 0 7 1 2
V 15 11 2 1
V 13 10 6 2
V 13 16 6 3
H 13 10 5 2
V 12 10 6 1
V 11 19 2 1
H 12 2 1 18
V 9 19 4 1
H 10 17 2 2
V 8 18 4 2
H 8 2 2 18
H 8 1 2 14
V 4 3 6 1
V 4 3 2 1
H 13 5 3 14
V 12 8 2 3
H 12 2 1 18
V 9 19 4 1
V 8 18 4 2
H 8 2 2 18
H 8 2 2 16
V 6 2 4 2
V 5 2 2 1
H 6 2 1 2
H 13 10 4 2
V 12 10 6 1
H 12 2 1 18
V 9 19 4 1
V 8 18 4 2
H 8 2 1 18
H 8 7 2 4
V 5 8 4 1
H 6 4 1 10
V 5 13 2 1
H 12 14 1 6
V 9 19 4 1
V 8 19 4 1
H 8 2 1 18
H 8 5 2 6
H 6 5 1 2
V 2 6 8 3
H 3 5 1 2
H 2 6 3 4
V 1 8 6 2
V 12 8 6 3
V 12 6 4 3
H 12 7 3 4
H 12 2 1 18
V 9 19 4 1
V 8 19 4 1
H 8 2 1 18
H 8 3 2 8
V 2 6 8 1
V 3 9 2 1
V 2 6 4 4
V 14 17 6 3
H 15 2 1 18
V 12 10 6 1
H 12 2 1 18
V 9 19 4 1
H 8 17 1 2
V 8 18 4 2
H 8 2 1 18
H 8 5 2 6
H 9 4 1 2
V 5 6 4 3
H 6 4 1 10
V 4 11 4 2
H 19 0 1 16
H 19 0 1 12
H 15 0 1 2
V 12 0 8 1
V 14 2 2 1
V 14 14 2 1
H 15 0 1 20
V 12 10 6 1
H 12 2 1 18
V 9 19 4 1
V 8 19 4 1
H 8 2 1 18
H 8 1 1 18
V 7 1 2 1
H 7 13 1 2
V 6 13 2 1
V 2 7 8 1
H 11 18 1 2
H 10 7 2 12
V 8 18 4 2
H 8 2 1 18
V 8 2 2 1
V 8 5 2 1
H 8 8 2 2
V 7 5 2 4
H 7 3 1 12
H 12 7 4 4
H 12 2 1 18
V 9 19 4 1
V 8 18 4 2
H 8 2 1 18
H 8 3 2 14
V 6 3 4 3
V 12 10 6 1
V 12 7 2 4
H 12 2 1 18
V 9 19 4 1
V 8 19 4 1
H 8 10 1 2
H 8 2 1 18
H 8 6 1 8
V 3 6 6 3
V 3 6 4 4
H 15 8 3 8
V 12 9 6 2
H 12 2 1 18
V 9 19 4 1
V 8 19 4 1
H 8 2 1 18
H 8 7 2 4
V 1 8 8 1
V 1 8 6 1
V 12 8 2 3
H 12 2 1 18
V 9 19 4 1
V 8 19 4 1
H 8 2 1 18
H 8 2 1 10
V 7 3 2 5
H 7 3 1 10
V 4 10 4 2
V 3 10 4 1
V 12 6 6 1
V 12 6 4 1
H 12 3 2 8
H 12 2 1 18
V 9 19 4 1
V 8 19 4 1
H 8 2 1 18
H 8 7 2 4
V 5 8 4 1
H 6 5 2 8
V 5 12 2 1
V 13 15 6 1
V 15 6 2 1
H 15 6 1 10
V 12 10 6 1
H 12 2 1 18
V 9 19 4 1
V 8 19 4 1
H 8 2 1 18
H 8 6 2 6
V 6 6 4 2
H 6 5 1 8
V 4 10 4 2
H 6 11 1 2
H 12 1 2 10
H 12 2 1 18
V 9 19 4 1
V 8 19 4 1
H 8 4 2 16
H 8 4 2 8
V 3 7 6 2
V 3 7 4 2
H 13 9 2 6
V 12 9 4 2
H 12 2 1 18
V 9 19 4 1
V 8 19 4 1
V 7 7 2 1
H 8 4 2 16
H 8 3 2 14
V 6 4 4 5
H 13 10 5 2
V 12 10 2 1
H 12 2 1 18
V 9 19 4 1
V 9 18 2 2
H 9 2 1 18
H 9 1 1 18
V 13 10 2 1
H 13 5 1 12
V 12 10 2 1
H 12 2 1 18
V 9 19 4 1
V 8 19 4 1
H 8 4 2 16
H 8 3 2 16
V 7 3 2 1
V 13 12 6 4
H 13 7 1 8
V 12 6 2 5
H 12 2 1 18
V 9 19 4 1
V 8 19 4 1
H 8 4 1 16
H 8 4 1 12
V 6 5 4 4
V 5 5 2 1
H 13 6 1 10
H 12 10 1 2
V 12 9 2 2
H 12 2 1 18
V 9 18 2 2
V 9 19 4 1
V 8 18 4 2
H 8 4 1 16
H 8 4 2 8
V 5 6 4 2
H 6 5 1 6
V 4 10 4 1
V 18 0 2 1
H 19 0 1 6
V 12 0 8 1
H 15 0 1 20
V 12 10 6 1
H 12 2 1 18
V 9 19 4 1
V 8 18 4 2
H 8 4 1 16
H 8 8 2 6
H 5 6 1 2
V 5 7 4 2
H 6 6 2 6
V 5 11 2 1
H 19 0 1 16
H 19 0 1 6
V 12 0 8 1
H 15 0 1 20
V 12 0 6 1
V 12 10 6 1
H 12 2 1 18
V 9 19 4 1
V 11 19 2 1
V 8 18 4 2
H 8 4 2 16
V 7 7 2 1
H 8 4 2 8
V 4 7 6 1
H 5 6 3 4
V 6 8 2 1
V 3 8 4 2
V 12 1 8 1
V 12 1 6 1
H 12 1 1 18
H 12 2 1 18
V 9 19 4 1
V 8 19 4 1
H 8 4 2 16
H 8 6 2 6
V 7 4 2 5
H 7 4 1 10
V 4 7 2 1
V 4 9 2 1
H 8 3 2 6
V 13 17 6 1
H 13 5 1 14
V 12 4 2 7
H 12 2 1 18
V 9 19 4 1
V 9 18 2 2
V 8 16 2 1
H 9 2 1 18
V 8 9 2 1
H 9 2 1 16
V 14 3 2 1
V 13 2 4 1
H 15 0 1 20
V 12 10 6 1
H 12 2 1 18
V 9 19 4 1
V 8 19 4 1
H 8 4 2 16
H 8 4 2 12
V 6 5 4 1
H 19 0 1 16
V 12 1 8 1
H 12 1 1 2
V 12 1 6 1
H 12 1 1 18
H 12 2 1 18
V 9 19 4 1
H 10 2 2 18
H 10 1 2 18
H 12 14 1 6
V 11 19 2 1
H 11 1 1 2
H 10 2 2 18
H 11 1 1 18
H 10 10 1 2
H 13 10 5 2
V 12 9 2 2
H 12 2 1 18
V 9 19 4 1
V 9 18 2 2
H 9 4 1 16
H 9 3 1 16
H 12 5 1 2
H 12 6 1 14
V 9 19 4 1
V 10 15 2 1
H 10 2 1 18
H 10 2 2 16
H 13 9 2 4
V 12 7 4 4
H 12 2 1 18
V 9 19 4 1
V 8 19 4 1
H 8 6 2 14
H 8 6 2 10
V 5 7 4 2
V 5 7 2 1
V 13 10 6 1
V 12 10 2 1
H 12 2 1 18
V 9 19 4 1
V 8 19 4 1
H 8 6 1 14
H 8 5 1 14
V 7 5 2 1
V 8 5 2 7
H 9 4 1 12
V 12 7 2 2
H 12 5 2 6
H 12 2 1 18
V 11 19 2 1
V 10 6 2 1
H 11 2 1 18
H 11 2 1 16
V 12 7 4 1
H 12 5 1 6
H 12 2 1 18
V 9 19 4 1
V 8 18 4 2
H 8 6 2 14
H 8 5 2 12
V 7 6 2 1
V 14 2 2 1
V 13 1 6 4
V 12 3 2 1
H 12 2 1 14
H 12 2 1 18
V 9 19 4 1
V 8 18 4 2
V 8 17 2 1
H 8 6 1 14
V 7 8 2 1
H 8 7 2 8
V 7 8 2 1
H 7 7 1 4
H 8 6 1 2
V 12 1 8 2
H 18 2 1 2
V 12 1 6 3
H 12 1 1 18
H 12 2 1 18
V 9 19 4 1
V 8 19 4 1
H 8 8 2 12
H 8 7 1 12
H 8 8 1 2
V 6 7 4 2
H 8 7 2 6
V 7 7 2 1
H 9 5 1 6
V 6 8 4 1
V 6 8 2 1
H 13 8 3 10
V 12 10 4 1
H 12 2 1 18
V 9 19 4 1
V 8 19 4 1
H 8 8 2 12
H 12 8 1 12
H 8 7 2 10
V 7 8 2 1
H 7 8 1 2
H 9 5 1 2
V 9 19 4 1
V 8 19 4 1
H 8 7 1 2
H 8 8 2 12
H 8 7 2 12
V 12 1 8 1
V 12 1 4 1
H 12 1 1 18
H 12 2 1 18
V 9 19 4 1
V 8 19 4 1
H 8 8 1 12
H 8 8 1 10
V 7 8 2 1
H 16 1 1 2
V 12 5 2 4
H 12 7 4 4
H 12 2 1 18
V 9 19 4 1
V 8 19 4 1
H 8 8 1 12
H 8 8 1 10
V 12 8 2 1
H 12 4 1 16
V 8 19 2 1
V 9 19 4 1
H 10 6 1 12
H 10 6 2 14
H 10 6 1 12
V 12 4 6 1
V 12 4 2 4
H 12 2 1 12
H 12 2 1 18
V 9 19 4 1
V 9 18 2 2
H 9 8 1 12
V 8 16 2 1
H 9 7 1 12
H 8 9 1 10
H 8 9 2 6
H 10 16 1 2
V 15 4 2 1
V 15 12 2 1
H 14 2 2 18
V 12 7 4 4
H 12 2 1 18
V 9 19 4 1
V 9 18 2 2
V 8 18 4 1
H 9 8 1 12
H 9 8 1 10
H 19 0 1 16
H 19 0 1 6
H 16 0 1 2
V 12 0 8 1
H 15 0 1 20
V 12 10 6 1
H 12 2 1 18
V 11 19 2 1
H 11 6 1 14
H 11 6 1 12
H 10 10 2 4
H 11 13 1 2
H 10 8 2 12
V 9 18 2 2
H 9 9 1 10
H 9 9 1 8
H 8 11 2 4
H 10 9 1 2
H 15 9 1 2
H 19 0 1 16
H 19 0 1 14
V 12 0 8 1
H 15 0 1 20
V 12 9 6 2
H 12 2 1 18
V 9 19 4 1
V 9 18 2 2
H 9 10 1 10
V 8 15 2 1
H 9 10 1 8
H 10 10 1 2
V 10 11 2 1
V 14 9 2 1
H 13 5 2 12
V 12 10 4 1
H 12 2 1 18
V 11 19 2 1
H 11 10 1 10
H 11 10 1 8
V 10 13 2 4
H 10 12 2 6
H 10 13 1 4
V 13 6 6 2
V 12 7 6 1
H 12 5 2 6
H 12 2 1 18
V 9 19 4 1
V 9 19 2 1
H 9 12 1 8
V 8 14 2 1
H 9 12 1 6
V 15 0 4 2
H 18 1 1 2
H 15 0 1 20
V 12 10 6 1
H 12 2 1 18
V 11 19 2 1
H 11 12 1 8
H 11 11 1 8
V 18 0 2 1
H 19 0 1 16
V 18 0 2 1
H 19 0 1 12
V 12 0 8 1
H 15 0 1 20
V 12 10 6 1
H 12 2 1 18
V 9 19 4 1
V 9 18 2 2
H 9 14 1 6
H 9 13 1 6
V 12 5 2 2
H 12 6 1 8
H 12 2 1 18
V 9 19 4 1
V 8 18 4 2
H 8 16 2 4
H 8 15 2 4
H 12 8 1 12
V 9 19 4 1
V 9 18 2 2
H 9 14 1 6
H 9 14 1 4
H 19 0 1 16
H 8 16 1 2
H 11 16 1 2
V 18 1 2 1
H 19 0 1 10
V 12 0 8 1
V 14 1 2 1
H 15 9 2 2
V 15 12 2 1
H 15 0 1 20
V 12 10 6 1
H 12 2 1 18
V 11 19 2 1
H 11 14 1 6
H 11 13 1 6
H 13 6 1 12
V 12 9 2 2
H 12 2 1 18
V 9 19 4 1
V 9 18 2 2
H 9 16 1 4
H 9 15 1 4
H 13 8 3 8
V 12 10 2 1
H 12 2 1 18
V 11 19 2 1
H 11 14 1 6
H 11 14 1 4
V 13 14 6 6
V 14 10 4 1
H 14 2 1 18
V 12 10 4 1
H 12 2 1 18
V 9 19 4 1
H 12 18 1 2
V 8 18 4 2
V 11 19 2 1
H 8 18 4 2
H 8 17 1 2
H 17 13 1 2
H 14 10 4 4
V 12 10 4 1
H 12 2 1 18
V 8 19 2 1
V 9 19 4 1
H 10 16 2 4
H 10 15 2 4
H 18 0 1 20
V 18 0 2 3
H 19 0 1 12
H 19 0 1 14
V 13 15 2 1
H 13 4 1 14
V 12 10 2 1
H 12 2 1 18
V 9 19 4 1
H 10 16 2 4
H 10 16 1 2
V 13 6 6 2
V 12 6 6 2
H 12 5 4 6
H 12 2 1 18
V 9 19 4 1
V 9 18 2 2
H 10 17 1 2
V 18 0 2 1
H 19 0 1 6
V 12 0 8 1
H 15 0 1 20
V 12 10 6 1
H 12 2 1 18
V 11 19 2 1
H 11 16 1 4
H 11 15 1 4
V 13 1 4 2
H 15 0 1 2
V 12 1 8 2
H 19 2 1 6
H 19 0 1 12
V 12 7 6 1
H 12 5 1 6
H 12 2 1 18
H 9 18 1 2
V 9 19 4 1
H 9 17 1 2
V 9 18 2 2
H 19 8 1 2
H 12 2 1 14
H 12 2 1 18
V 12 7 6 4
H 12 2 1 12
V 12 5 2 1
H 12 3 1 14
H 12 16 1 2
V 13 7 4 6
H 13 2 1 12
V 13 6 6 1
V 13 10 2 1
V 15 11 2 1
V 14 6 2 6
V 13 9 2 1
H 14 1 1 10
H 15 0 1 20
H 15 0 4 4
V 12 4 2 4
H 13 3 2 8
V 14 2 2 1
H 15 1 1 2
H 14 3 2 16
H 12 7 1 4
H 13 7 1 2
V 12 8 4 1
H 12 4 1 8
V 15 3 4 16
V 16 6 2 1
V 16 13 2 1
H 16 0 1 20
V 15 8 2 1
H 16 0 1 12
H 18 0 1 12
H 17 0 1 2
H 12 12 1 4
H 16 1 1 14
V 18 0 2 3
V 18 16 2 1
H 19 0 1 2
H 19 1 1 4
H 12 7 2 2
V 13 8 4 2
H 16 11 1 2
H 14 4 5 8
V 12 6 2 1
V 15 6 2 1
V 13 6 6 2
H 15 9 1 4
H 15 3 2 8
V 15 15 4 1
H 18 0 1 20
V 17 6 2 1
V 17 9 2 1
H 18 0 1 10
V 18 1 2 1
H 12 8 1 6
V 15 4 2 3
H 15 4 2 4
V 13 6 2 14
H 13 6 3 10
V 12 9 4 2
H 15 10 1 2
V 12 8 6 3
V 15 5 4 1
V 13 14 6 1
H 17 2 2 16
V 16 12 2 1
V 17 5 2 15
H 18 1 1 6
V 18 2 2 1
V 18 17 2 2
V 17 6 2 1
H 18 1 1 18
H 18 1 1 16
H 13 7 4 2
V 12 8 2 1
V 14 6 4 2
H 14 6 1 2
H 14 10 1 2
V 12 9 4 2
H 17 9 1 4
H 13 7 6 6
V 12 9 4 2
H 12 9 1 4
V 17 3 2 1
H 18 2 1 10
V 12 9 6 2
H 16 4 1 12
V 12 10 4 1
H 12 10 1 2
V 17 4 2 1
H 16 6 1 2
V 12 10 4 1
H 15 7 3 8
V 16 8 2 8
H 17 5 2 6
V 18 17 2 2
H 18 4 1 16
H 18 4 1 12
V 13 12 2 1
H 13 10 4 4
V 17 6 2 9
H 17 6 2 4
V 15 8 4 6
V 16 8 2 1
H 17 6 1 10
H 14 9 1 10
H 14 9 1 6
V 13 12 4 4
V 13 12 6 1
H 18 5 1 14
H 14 10 5 2
V 13 11 4 3
V 16 15 2 1
V 15 12 4 4
H 18 7 1 10
V 14 16 6 1
V 16 12 2 2
H 15 16 1 2
H 17 8 2 12
V 16 11 2 1
H 17 8 2 4
V 14 12 2 1
H 15 12 1 2
V 13 13 4 1
H 18 8 1 8
H 17 9 2 10
H 17 13 1 4
H 18 9 1 6
V 15 16 4 1
V 13 14 6 4
H 13 14 1 2
V 13 15 4 3
V 14 14 2 1
H 15 12 2 8
H 15 12 2 2
V 13 15 2 1
V 17 14 2 3
H 17 11 2 6
H 16 13 2 4
H 17 12 1 2
H 17 14 1 6
V 14 15 4 2
H 14 15 1 2
V 13 18 6 2
H 13 16 4 4
V 13 17 6 2
H 16 14 1 6
H 16 14 1 2
V 15 16 4 3
V 14 17 2 1
V 13 19 4 1
H 13 18 1 2
V 16 17 2 1
V 17 14 2 1
H 18 12 1 8
V 17 14 2 6
V 16 15 2 1
H 14 17 1 2
V 14 18 4 2
H 14 17 1 2
H 17 17 1 2
H 18 13 1 2
V 13 19 2 1
V 17 16 2 1
H 18 14 1 4
V 15 18 2 1
H 16 18 2 2
H 17 16 1 4
V 16 18 2 1
V 16 19 4 1
H 18 16 2 4
H 18 16 2 2
H 18 18 2 2
V 16 19 4 1
V 18 18 2 2
H 18 17 1 2
H 18 18 1 2
V 18 18 2 1
V 17 19 2 1
