V 16 6 2 1
V 16 8 2 1
H 12 7 1 2
H 12 8 1 2
H 15 8 1 2
V 4 5 2 1
V 3 7 2 1
V 3 10 2 1
V 13 13 2 1
V 0 2 2 1
V 0 6 2 1
H 3 7 3 10
V 0 14 8 1
H 0 7 1 12
H 0 7 1 2
H 12 7 2 2
H 15 7 1 2
H 2 0 1 2
V 0 0 20 1
H 0 0 3 2
V 0 2 14 1
V 0 1 18 2
V 0 1 20 2
H 12 5 1 2
H 18 6 1 2
V 0 6 20 1
H 0 1 4 6
H 0 0 3 6
V 0 0 16 1
H 3 0 1 2
V 0 0 20 1
V 2 7 18 1
H 11 6 1 2
H 2 7 4 2
H 4 12 1 2
H 3 7 3 12
V 0 14 8 1
H 0 8 1 12
V 10 6 2 1
V 11 4 8 4
H 11 6 9 2
H 12 5 1 2
V 0 6 20 1
H 0 1 4 6
H 0 0 4 6
V 7 0 2 1
V 0 0 16 1
V 15 0 2 1
V 1 0 18 1
H 0 5 4 2
H 9 5 1 2
H 19 5 1 2
H 2 5 1 2
H 18 6 1 2
V 0 6 20 1
H 11 7 1 2
H 14 7 1 2
H 11 6 6 2
V 2 7 16 1
V 4 13 2 1
V 4 17 2 1
H 3 7 2 12
H 4 7 1 2
H 3 8 2 12
V 3 16 8 4
V 4 0 8 1
V 4 14 8 6
V 18 6 2 1
H 18 4 1 14
V 12 7 8 2
V 15 8 2 1
H 13 7 5 2
H 14 8 1 2
V 2 6 18 1
V 2 7 18 1
V 5 8 2 1
V 5 13 2 1
H 3 7 3 2
V 5 7 2 1
H 3 7 3 12
H 0 13 1 2
H 3 13 1 2
H 14 13 1 2
H 4 14 1 2
V 1 14 8 1
H 3 14 1 2
H 1 7 1 12
H 1 7 1 2
H 3 10 1 10
V 2 12 10 2
H 2 13 5 2
H 1 14 1 2
V 0 14 8 1
H 0 9 2 10
H 12 5 1 2
H 16 5 1 2
H 18 5 1 2
H 15 4 1 4
H 11 6 9 2
V 2 7 18 1
H 2 7 4 4
H 2 7 1 10
V 1 14 2 4
H 1 8 1 12
V 6 18 2 1
V 3 17 8 3
H 3 12 5 6
V 0 14 10 1
H 0 10 2 10
V 14 16 2 1
V 12 14 6 3
H 12 3 2 14
H 13 6 1 2
V 2 7 18 1
V 5 11 2 1
V 5 15 2 1
H 3 7 3 10
H 3 7 2 12
V 3 15 8 4
H 5 18 1 2
V 4 16 8 3
H 0 3 4 4
H 11 5 1 2
V 17 6 2 1
V 0 6 18 1
H 11 6 2 2
V 2 7 18 1
H 2 7 4 4
H 2 8 1 10
V 1 14 2 4
H 1 10 1 10
V 1 19 2 1
V 2 10 10 4
V 4 12 2 1
H 3 7 2 6
H 5 7 1 2
V 2 7 16 1
H 11 6 4 2
H 0 5 1 2
H 2 5 1 2
H 10 5 1 2
V 0 6 20 1
H 0 1 4 6
H 0 2 4 2
V 8 2 2 1
V 1 1 16 2
V 0 2 20 1
H 0 2 1 2
V 0 1 10 2
H 2 1 1 2
H 0 0 4 4
H 0 1 4 6
H 3 5 1 2
V 0 6 20 1
H 11 6 4 2
V 3 7 16 1
H 3 7 3 12
H 3 8 2 12
V 3 16 6 4
V 3 18 8 2
V 3 16 6 1
V 3 8 2 1
H 3 8 1 12
H 3 12 1 2
H 3 7 3 6
H 13 3 1 6
H 17 7 1 2
V 2 7 16 1
H 11 6 4 2
V 0 6 20 1
H 0 1 3 6
H 0 1 4 4
V 0 1 16 2
V 1 1 18 1
H 2 7 3 8
V 1 14 2 4
V 0 10 2 1
H 1 9 1 10
H 8 17 1 2
V 10 16 2 1
H 3 14 8 4
V 10 14 2 1
H 0 14 1 2
V 0 14 6 1
H 1 10 1 10
H 0 12 2 6
V 1 14 4 1
H 5 13 1 2
H 10 13 1 2
V 0 14 12 1
V 8 19 2 1
H 9 10 1 10
H 12 1 1 2
V 0 1 16 1
H 0 1 16 2
H 3 1 1 2
V 1 2 18 1
V 4 3 14 1
H 12 3 2 8
H 14 7 1 2
V 2 7 18 1
H 2 7 4 2
H 3 8 2 12
V 0 14 6 1
H 0 11 2 8
H 18 4 1 14
H 12 8 1 2
V 12 7 8 2
H 13 7 4 2
V 2 7 18 1
H 2 7 10 2
V 2 13 2 1
H 3 8 3 12
V 0 14 8 1
H 1 11 1 8
V 1 18 2 1
H 13 6 1 2
H 8 4 1 2
V 4 5 16 2
H 5 4 1 2
H 8 5 12 2
H 14 6 1 2
V 0 6 20 1
H 0 1 2 6
V 1 6 2 1
H 0 0 2 6
V 0 0 16 1
H 3 0 1 2
V 1 0 16 1
H 13 6 5 14
V 0 6 20 1
V 0 6 14 1
H 0 1 2 6
H 0 0 3 4
V 0 1 16 2
V 0 1 18 2
V 10 3 2 1
V 10 10 2 7
H 4 13 8 4
V 8 9 2 10
H 3 14 1 2
V 0 0 6 1
V 0 14 6 1
H 2 14 1 4
V 0 14 12 1
H 10 12 1 6
V 9 4 4 3
H 11 3 1 6
H 5 7 1 2
V 2 7 18 1
H 2 7 2 4
H 2 7 1 10
V 0 14 4 1
H 0 12 2 6
H 4 5 1 2
V 0 6 18 1
H 11 6 6 2
V 2 7 18 1
H 4 10 1 2
H 2 7 4 4
H 2 7 1 10
V 1 14 2 4
H 1 10 1 8
V 10 7 2 2
H 11 6 3 2
V 0 6 20 1
H 0 1 4 6
H 1 0 1 6
V 0 0 12 1
V 0 0 16 1
H 18 6 1 8
V 2 7 18 1
V 2 7 14 1
H 2 7 1 4
V 2 8 2 1
H 2 8 1 10
H 1 17 1 2
V 1 14 2 4
H 1 11 1 8
H 13 3 1 16
V 14 8 2 1
V 14 19 2 1
H 12 6 3 4
V 2 7 18 1
H 3 7 9 2
H 4 7 2 12
V 0 14 8 1
H 0 11 2 6
V 15 1 2 1
V 1 14 2 2
H 2 8 1 10
H 2 7 2 4
V 2 7 18 1
H 11 6 8 2
H 3 5 1 2
V 0 6 20 1
H 0 1 2 6
H 0 2 4 2
V 0 2 14 1
V 0 2 18 1
V 0 13 2 4
H 1 11 1 4
H 0 14 3 2
H 4 14 1 2
V 0 14 4 1
H 3 10 1 10
H 0 13 2 2
V 0 14 12 1
V 6 12 2 2
H 7 10 1 10
V 18 14 2 4
H 18 4 1 14
V 16 6 2 1
V 15 4 4 6
H 13 8 5 4
V 14 7 2 1
H 15 4 2 16
V 14 18 6 2
V 8 4 4 3
H 11 4 1 4
V 2 7 12 1
H 12 6 1 2
H 3 7 3 10
V 2 10 10 5
H 10 9 1 8
H 12 8 1 2
V 11 3 2 1
V 11 6 2 1
H 12 3 2 6
V 2 7 18 1
H 4 7 3 2
V 4 7 2 1
H 4 7 1 12
H 0 13 1 2
V 0 14 8 1
H 0 13 2 4
H 19 6 1 8
H 13 6 1 2
V 2 7 18 1
H 4 7 1 2
V 8 7 2 1
V 3 7 12 1
V 3 16 2 1
V 3 18 2 1
H 4 7 1 12
V 2 11 10 3
H 7 10 3 8
V 12 3 2 1
V 6 3 14 1
H 11 3 1 6
V 0 6 20 1
H 0 1 2 6
H 0 2 3 2
V 0 2 14 1
H 2 2 1 2
V 1 2 16 1
H 3 9 1 2
V 2 10 10 1
H 5 12 1 2
V 2 10 8 3
H 2 7 1 6
V 2 7 18 1
H 11 6 8 2
V 0 6 20 1
H 1 1 3 6
H 1 1 3 4
V 0 1 12 2
V 0 1 16 1
V 7 15 2 3
H 3 15 5 4
V 0 14 8 1
H 2 12 1 6
H 6 18 1 2
V 13 5 6 5
H 16 7 1 6
H 16 4 1 16
V 14 18 6 1
V 0 6 16 1
H 1 0 1 2
H 0 1 4 6
H 0 1 2 4
V 6 2 2 1
V 6 12 2 1
V 0 1 14 2
V 1 1 14 2
H 13 9 1 2
H 13 6 7 4
H 16 7 1 2
V 2 7 18 1
H 3 7 3 8
H 3 7 3 12
V 3 16 6 2
V 2 9 8 1
H 3 7 3 4
V 3 7 6 2
V 2 7 18 1
V 16 12 2 1
H 14 7 1 2
H 13 7 4 8
V 12 3 2 1
V 12 7 2 1
V 14 4 2 1
H 15 4 1 16
V 13 18 6 2
V 12 6 6 4
H 12 7 7 2
V 2 7 18 1
H 2 7 10 2
V 2 11 2 1
H 5 12 1 2
V 5 16 2 1
H 3 7 3 12
H 0 14 1 2
V 5 13 2 1
V 0 14 4 1
H 1 12 1 4
V 9 14 2 1
H 10 1 4 2
V 13 2 2 1
V 13 11 2 1
H 17 18 1 2
H 13 17 4 2
V 15 18 4 1
V 3 13 2 5
H 5 7 1 10
V 3 16 6 1
H 7 16 1 2
H 15 16 1 2
V 0 14 6 1
H 3 12 3 6
V 0 14 8 1
H 1 13 1 2
V 4 14 2 1
V 6 16 2 1
V 5 9 2 8
H 6 15 1 4
V 3 10 6 1
H 4 7 1 12
V 2 12 4 3
V 2 14 2 1
H 2 9 1 8
V 4 7 2 11
V 3 8 2 1
H 4 7 2 8
H 9 14 1 2
V 1 14 10 1
V 0 1 14 2
H 0 0 3 2
H 1 0 1 2
V 0 0 8 1
V 1 0 12 1
H 16 5 1 4
V 6 7 14 1
H 18 6 1 6
H 11 10 1 4
H 18 4 1 14
V 18 17 2 1
V 10 13 2 1
H 1 14 1 2
V 12 15 6 2
H 13 4 1 16
V 12 7 2 1
H 13 7 4 2
V 2 7 18 1
V 3 11 2 1
H 4 7 1 10
H 18 7 1 10
V 3 7 2 1
H 4 7 1 12
V 1 2 2 1
V 0 0 2 7
H 0 2 4 2
H 1 1 1 6
V 0 6 20 1
H 11 6 7 2
V 2 7 12 1
H 5 7 1 12
H 5 8 1 12
V 0 0 8 1
H 0 0 1 6
H 0 1 1 6
H 5 5 1 2
V 0 6 14 1
V 0 6 20 1
H 13 5 5 10
V 12 6 2 1
H 17 4 1 16
H 3 15 1 2
V 3 13 2 1
H 3 8 1 8
V 2 7 2 8
H 2 8 1 8
V 8 10 4 3
H 11 9 1 4
H 17 17 1 2
V 14 14 4 4
H 13 14 4 6
V 18 16 2 1
V 15 8 4 1
V 18 4 2 6
H 18 8 1 4
H 18 4 1 14
V 1 14 2 1
V 10 4 8 3
H 11 6 1 2
H 10 7 1 2
V 3 7 12 1
V 5 8 2 1
H 2 7 4 8
H 5 7 1 12
V 5 17 2 1
H 19 4 1 10
V 2 7 18 1
H 15 6 1 2
H 18 6 1 2
V 4 7 12 1
H 4 7 1 10
V 2 10 8 3
H 6 10 3 6
H 5 13 2 4
V 4 13 2 1
H 5 13 1 4
H 5 12 1 2
V 3 13 6 2
H 14 18 1 2
H 13 9 4 10
H 12 7 4 4
H 18 7 1 2
V 5 7 14 1
H 2 7 4 6
V 6 11 2 1
V 2 10 10 2
H 3 9 8 4
H 8 5 5 2
V 17 6 2 1
H 12 4 1 2
V 0 6 18 1
H 0 1 1 6
H 0 2 4 2
V 0 2 12 1
H 11 1 1 2
V 1 2 12 1
V 0 6 8 1
H 0 1 4 6
H 0 0 2 6
V 0 0 10 1
V 1 0 10 1
H 2 7 4 4
V 10 7 2 1
V 3 7 8 2
V 2 7 18 1
H 17 6 2 4
V 18 14 2 1
H 18 4 1 12
V 18 15 2 1
H 13 4 1 16
V 2 7 18 1
H 3 7 3 6
V 6 10 2 1
V 3 9 4 4
H 11 9 1 2
V 2 10 10 1
H 11 9 1 2
H 4 7 2 6
V 4 7 12 1
H 11 6 3 2
V 0 6 20 1
H 1 1 1 6
H 1 1 1 4
H 3 2 1 2
V 0 1 8 2
V 0 1 12 1
V 1 0 8 1
H 3 5 1 2
H 0 0 4 6
H 0 3 1 2
H 0 1 2 6
V 0 6 20 1
H 11 6 3 2
V 2 7 18 1
H 2 7 4 6
H 2 7 3 8
V 0 1 10 1
H 2 0 1 2
V 0 1 8 1
V 3 1 2 1
H 0 1 4 4
H 0 1 1 6
H 11 5 1 2
V 0 6 16 1
V 0 6 20 1
H 18 6 1 8
H 18 5 1 12
V 4 12 2 1
V 5 9 2 6
H 5 11 1 6
V 4 15 2 1
V 7 9 4 3
H 7 9 1 6
H 15 17 1 2
H 18 4 1 12
V 17 7 2 1
V 16 4 4 6
H 16 4 1 12
H 16 4 1 14
V 15 9 2 1
H 15 4 1 14
V 13 9 6 1
H 18 4 1 12
H 12 5 1 2
H 15 6 1 2
V 0 6 18 1
H 0 1 4 6
H 2 3 1 2
H 0 0 1 6
V 0 0 8 1
V 0 0 10 1
H 15 5 3 8
H 15 5 3 12
H 2 7 10 2
V 9 7 10 1
H 14 6 3 8
V 14 8 2 1
H 14 4 1 16
H 11 6 8 2
V 0 6 20 1
V 0 3 2 1
V 1 2 2 1
V 1 4 2 1
H 1 1 1 6
H 0 2 4 2
V 0 1 8 2
V 0 2 12 1
H 8 12 1 2
H 12 4 1 16
V 11 7 2 1
H 12 6 2 4
V 2 7 14 1
H 3 7 9 2
H 5 7 1 8
V 2 12 8 1
V 10 6 2 1
V 10 8 2 1
H 11 5 1 4
V 9 6 2 1
H 13 5 1 2
V 0 6 20 1
H 1 1 2 6
H 1 1 2 4
V 1 1 8 1
V 1 1 10 1
V 1 5 2 1
V 0 4 2 3
H 0 5 4 2
V 0 6 20 1
H 11 6 4 2
V 4 7 14 1
H 4 7 2 8
V 3 10 4 3
V 3 10 8 2
H 5 8 1 8
V 5 1 2 1
V 5 9 2 6
H 5 14 1 2
V 5 0 4 1
V 2 7 2 6
H 16 11 1 4
V 12 14 6 2
H 15 12 1 6
V 18 4 2 6
H 18 5 1 10
H 13 7 5 6
H 15 5 2 12
H 17 14 1 2
V 7 12 2 1
V 12 8 8 1
H 12 5 7 4
H 2 5 1 2
V 0 6 20 1
H 1 1 2 6
H 1 0 2 4
V 2 1 4 2
V 2 9 4 2
H 2 0 1 2
V 0 1 10 1
H 4 8 2 6
V 12 11 2 1
H 12 4 1 16
V 17 9 2 1
V 12 7 6 5
H 14 7 2 10
V 2 0 2 3
H 3 0 1 4
V 0 0 8 1
H 8 10 1 2
V 5 5 10 2
H 11 4 1 4
V 5 7 12 1
H 5 8 1 2
H 3 7 3 4
V 3 8 4 1
H 5 7 1 8
V 5 13 2 1
H 5 7 1 6
V 4 7 10 1
V 2 7 18 1
H 12 7 8 2
V 18 7 2 1
H 19 5 1 8
H 8 1 1 2
H 2 3 2 4
H 5 5 1 2
H 9 5 1 2
V 3 6 16 1
H 11 6 5 2
V 4 7 12 1
H 5 7 1 6
V 2 9 8 2
H 1 3 1 2
H 0 0 4 4
H 0 1 4 6
V 0 6 8 1
V 0 6 20 1
H 17 5 1 6
H 17 5 1 10
V 2 5 2 2
H 0 5 4 2
V 0 6 20 1
V 12 13 6 1
V 13 5 2 1
V 13 12 2 1
H 13 6 1 8
H 13 3 1 16
V 15 4 2 11
H 16 11 1 4
V 4 0 2 1
V 4 8 2 5
H 5 8 1 6
H 0 1 1 6
H 0 0 4 6
V 5 7 4 2
H 3 8 3 2
V 2 9 8 1
V 12 4 4 7
V 12 8 8 2
H 18 5 1 8
V 9 5 8 2
V 13 11 2 1
H 14 6 4 6
V 14 8 2 1
H 15 4 1 12
H 12 8 1 4
H 12 4 5 10
V 2 7 14 1
H 5 7 1 6
H 5 8 1 2
V 2 9 6 2
H 0 5 1 2
V 0 6 20 1
H 13 4 3 8
H 14 5 1 12
V 4 4 14 1
H 11 3 1 6
V 3 7 16 1
H 3 7 2 4
H 3 8 2 4
V 7 2 2 1
V 4 3 16 1
H 12 3 1 8
V 2 7 14 1
V 5 10 2 1
H 5 7 1 4
V 4 7 2 1
H 5 7 1 6
V 5 12 2 1
H 12 17 1 2
V 0 1 6 1
H 1 0 3 4
H 0 1 4 6
V 1 6 18 1
H 11 6 8 2
V 4 7 12 1
H 5 9 1 2
H 8 9 1 2
H 5 7 1 6
V 3 10 6 1
V 4 7 2 5
H 4 10 1 2
V 6 2 2 1
V 6 9 2 1
H 7 9 1 2
H 12 9 6 4
H 13 7 4 6
V 15 6 4 2
H 18 4 1 8
V 3 0 2 1
V 3 10 2 1
H 12 16 1 2
V 4 3 16 1
H 4 3 8 2
H 9 4 1 2
H 7 3 7 4
H 8 5 1 2
H 12 4 1 8
V 0 6 14 1
H 0 1 2 6
H 0 1 4 4
V 12 15 2 1
H 18 9 1 2
V 2 7 2 2
H 3 8 1 2
V 15 9 2 4
H 16 11 1 2
H 13 10 1 2
V 12 4 4 7
V 12 9 8 1
H 12 3 1 6
H 2 7 1 2
H 17 7 1 2
V 2 7 14 1
H 5 7 1 4
V 4 9 4 1
V 12 6 8 2
H 12 4 1 2
H 12 5 3 6
H 14 5 1 10
V 4 4 14 2
H 13 7 1 2
H 17 7 1 2
H 11 4 7 4
V 2 7 12 1
H 5 7 2 2
V 5 10 2 1
H 5 7 1 4
V 5 10 2 1
V 2 7 18 1
H 15 6 1 2
H 12 7 6 4
H 12 3 1 14
V 5 7 2 1
H 5 7 1 4
V 3 7 12 1
H 3 7 1 2
H 15 7 1 2
H 11 6 8 2
H 8 5 1 2
V 0 6 20 1
V 0 3 2 4
H 0 3 2 4
H 0 2 4 4
H 15 12 1 2
H 3 0 1 2
V 3 1 2 1
H 13 11 1 4
V 12 4 4 9
H 14 6 1 8
H 12 8 1 8
V 12 10 4 2
V 13 11 4 1
V 15 5 2 1
H 14 4 2 8
V 13 7 2 1
V 12 8 8 1
V 2 6 12 1
H 2 1 1 6
H 2 1 2 4
V 4 9 2 1
V 8 7 10 1
H 12 7 1 4
H 12 4 1 12
V 12 12 2 1
H 8 3 2 4
H 0 5 1 2
H 3 5 1 2
V 0 6 20 1
H 12 4 7 6
V 12 3 2 8
V 13 12 2 1
H 13 5 1 10
V 5 5 8 2
H 11 6 2 2
H 10 7 1 2
V 5 7 12 1
H 4 7 8 2
H 5 8 1 2
V 5 9 2 1
V 0 3 2 1
V 4 5 14 1
H 11 4 2 4
V 2 7 18 1
H 3 0 1 2
V 4 7 8 2
V 4 7 4 2
H 11 6 1 2
H 5 7 7 2
H 5 8 1 2
V 6 3 14 1
V 16 7 2 1
V 13 6 4 4
V 12 8 4 2
H 12 5 1 10
H 11 5 1 4
V 4 7 14 1
H 9 7 1 2
H 17 7 1 2
V 5 7 14 1
H 18 7 1 2
V 3 2 2 1
H 10 5 1 2
H 12 3 1 2
V 4 4 16 2
V 5 4 6 1
H 6 3 7 4
V 2 6 18 1
H 2 3 2 4
H 2 2 2 4
V 4 7 2 1
H 12 11 2 2
V 13 10 2 2
H 14 6 5 2
V 18 4 2 1
V 18 6 2 1
V 13 5 6 3
H 18 6 1 2
H 13 3 1 10
V 11 5 6 3
H 16 4 1 6
H 12 5 4 6
H 3 5 1 2
H 6 5 12 2
V 0 6 10 1
H 2 3 2 4
H 2 3 1 2
V 10 3 2 4
H 11 4 3 4
H 12 7 1 2
V 5 7 12 1
H 5 7 1 2
H 9 3 4 4
V 7 3 12 1
V 17 4 2 1
H 10 4 1 2
V 4 4 14 1
H 10 3 1 4
H 1 5 1 2
H 3 5 1 2
V 3 6 16 1
V 10 7 4 1
V 12 4 4 5
H 12 5 1 8
V 13 7 2 1
H 14 5 2 4
H 12 5 3 6
V 16 3 2 1
H 9 3 1 4
H 17 5 1 2
H 16 6 1 2
V 0 6 18 1
V 12 6 2 1
H 12 4 1 8
V 10 5 2 1
H 11 4 2 4
V 6 8 6 1
H 12 3 1 2
V 6 5 14 1
H 6 7 1 2
V 14 4 2 5
H 12 6 3 4
V 8 3 4 4
V 8 7 4 2
H 13 7 1 2
V 7 7 10 1
V 12 4 2 1
V 12 7 2 3
H 9 5 1 2
V 5 5 14 1
V 10 7 2 2
H 11 6 1 2
H 14 5 1 2
V 1 6 16 1
V 1 6 2 1
V 2 5 2 2
H 2 5 1 2
V 2 6 8 1
H 3 5 1 2
H 4 5 12 2
H 3 4 1 2
H 10 4 1 2
H 13 8 1 2
V 2 6 4 1
H 8 7 2 2
H 12 7 3 2
V 14 7 2 1
H 12 3 1 2
V 11 4 6 3
H 16 4 1 2
H 12 3 1 8
V 6 4 6 1
H 12 4 1 2
H 4 3 10 2
H 5 3 1 4
H 4 3 1 2
V 4 3 12 1
H 10 3 1 4
V 3 6 14 1
H 3 5 1 2
V 11 5 6 2
H 5 3 2 4
V 3 6 6 1
V 5 3 10 1
V 4 3 6 1
V 9 4 6 1
H 11 3 1 6
V 8 7 6 1
H 15 4 1 2
H 10 7 1 2
V 11 4 4 1
H 14 5 1 2
V 4 5 12 1
H 4 5 1 2
V 5 5 6 2
H 9 4 1 2
H 6 5 7 2
H 11 3 1 6
V 4 5 12 1
V 9 5 4 2
H 12 3 1 6
V 7 6 6 1
V 5 4 4 3
H 9 3 3 4
V 7 6 2 1
H 9 4 2 2
V 8 5 6 2
H 11 6 1 2
V 10 4 4 2
H 13 4 1 2
V 10 7 2 1
H 11 4 1 4
V 9 5 6 1
V 6 4 6 3
H 6 3 6 4
H 7 3 2 4
V 10 5 4 1
H 8 3 3 2
V 6 4 4 2
V 8 5 4 2
H 11 6 1 2
V 6 5 2 1
H 10 5 1 2
V 7 5 4 1
H 7 4 1 2
V 8 6 4 1
V 10 4 2 3
H 10 4 2 2
V 7 5 6 1
V 8 4 2 1
H 9 3 2 4
H 9 3 2 2
V 8 5 2 2
V 9 5 2 1
H 9 5 1 2
