V 13 17 2 2
V 12 8 2 1
V 7 3 2 1
H 3 1 1 2
H 4 0 1 14
V 1 9 4 11
V 0 1 4 18
H 0 0 1 20
V 10 4 2 1
H 11 3 4 16
H 8 10 1 2
H 13 15 1 2
V 5 14 2 1
H 14 2 1 2
V 6 11 14 5
V 6 10 2 1
H 13 10 1 2
H 7 0 2 20
V 4 0 6 4
H 4 14 1 4
H 4 1 1 14
V 2 7 2 1
V 1 5 4 7
H 1 0 2 20
V 3 11 2 1
V 0 10 4 9
V 5 6 8 5
V 12 10 2 1
H 5 1 1 10
V 4 0 2 5
H 4 0 1 16
V 1 5 4 5
V 1 0 2 10
V 0 6 2 1
H 1 0 1 20
V 5 0 2 1
V 4 0 4 5
V 4 2 2 1
V 3 7 2 2
H 4 0 1 10
H 3 10 1 2
V 1 5 4 6
V 1 3 2 1
V 1 7 2 1
V 1 10 2 1
H 2 0 1 20
V 1 18 2 1
H 2 18 1 2
V 11 13 2 1
V 16 12 2 1
V 16 15 4 1
V 7 6 10 14
H 8 9 1 2
V 11 8 2 1
V 9 15 2 1
V 6 3 2 1
H 7 0 3 20
V 4 0 6 5
H 4 0 1 10
V 1 5 4 6
V 1 8 2 1
H 2 0 2 20
H 11 7 1 2
H 13 7 1 2
V 5 8 10 3
H 5 0 2 10
V 5 1 2 1
V 5 3 2 1
V 4 0 2 5
H 4 3 1 4
H 4 0 1 20
V 1 12 4 6
V 0 12 4 5
H 14 3 1 2
H 10 4 7 12
V 5 11 14 1
H 7 0 3 20
V 4 0 6 2
H 4 1 1 12
V 2 5 2 1
V 3 5 2 3
V 3 9 2 1
V 2 9 2 1
H 3 0 1 20
V 1 14 4 4
H 8 10 1 2
H 17 10 3 2
V 6 11 14 1
V 7 10 6 5
H 7 0 3 20
H 8 1 1 2
V 4 1 6 1
H 4 8 1 2
H 4 1 1 16
H 2 0 1 14
V 1 9 4 1
V 1 8 2 1
V 1 16 2 1
H 2 1 1 18
V 0 0 2 16
H 0 8 1 8
V 5 6 4 5
H 7 0 1 20
V 4 0 6 4
H 4 0 1 16
V 4 2 2 1
H 4 0 1 20
V 3 18 2 1
H 1 15 1 2
H 12 15 1 2
H 6 1 1 10
V 5 1 2 1
V 5 7 2 1
V 7 1 2 1
V 4 0 4 3
H 4 2 1 14
H 4 0 1 20
H 4 0 1 18
V 1 14 4 2
V 0 13 4 2
H 17 3 3 10
V 6 11 14 5
V 7 9 10 5
V 7 8 4 1
V 6 10 2 1
H 7 0 2 20
H 8 4 1 2
H 10 4 1 2
V 4 0 6 5
V 4 2 2 1
H 4 0 1 10
V 3 9 2 1
H 4 0 1 18
V 3 14 2 2
V 1 15 4 1
H 4 8 1 10
V 5 9 8 2
H 7 0 1 20
V 4 0 6 2
H 4 0 1 10
V 1 5 4 2
H 3 7 1 2
H 2 0 2 16
V 0 12 4 2
H 7 0 1 18
V 4 0 6 1
V 4 4 2 1
H 4 0 1 14
H 4 4 1 2
V 1 5 4 4
V 1 14 2 1
H 1 4 1 2
V 2 8 2 1
H 2 0 1 16
H 3 15 1 2
H 3 10 2 6
V 1 1 2 1
H 0 0 2 12
H 0 1 1 12
V 14 9 2 1
V 14 17 2 1
V 5 9 10 1
H 5 0 1 10
V 4 0 2 5
H 4 4 1 8
V 3 14 2 1
H 4 1 1 16
H 17 6 3 6
V 6 11 14 3
H 9 10 1 2
V 5 11 10 2
H 11 12 1 2
H 7 0 1 20
V 4 1 6 1
H 4 0 1 8
V 3 9 2 1
H 4 0 1 16
V 0 11 2 1
V 1 5 4 9
V 1 12 2 2
V 3 13 2 2
H 18 8 2 6
V 5 11 14 1
V 7 9 8 3
H 7 0 1 20
V 4 1 6 1
H 4 1 1 10
V 1 5 4 3
H 2 0 1 14
V 0 6 4 5
H 3 8 1 2
H 2 5 3 8
H 4 12 1 2
V 12 13 2 1
V 6 11 14 3
V 7 10 2 1
H 7 2 1 18
V 4 3 6 2
V 3 10 2 1
V 4 2 4 1
H 4 0 1 14
V 1 9 4 3
H 0 5 1 2
V 0 6 4 5
V 6 12 6 2
H 7 0 1 20
V 4 3 6 1
V 3 6 2 1
H 4 3 1 4
V 1 5 4 2
V 0 4 4 3
H 0 0 1 10
V 7 17 8 1
H 7 0 1 20
H 6 4 1 2
H 6 2 4 6
H 10 2 4 6
V 4 2 6 3
H 4 0 1 14
V 1 8 4 4
V 1 11 2 1
H 0 1 4 4
H 7 9 1 2
V 5 6 10 4
H 5 1 2 10
V 4 0 2 5
H 4 4 1 2
H 4 0 1 10
H 4 0 1 14
H 14 0 2 20
H 19 10 1 2
V 13 4 2 1
H 14 11 1 2
V 12 11 8 1
V 18 4 2 1
H 19 0 1 20
H 10 0 7 2
H 19 0 1 2
H 9 7 1 2
V 5 8 12 3
V 8 14 2 1
V 7 0 2 20
V 9 10 2 1
H 7 0 3 20
V 4 0 6 1
H 4 0 1 10
V 1 5 4 2
V 1 2 2 7
H 1 0 1 10
V 18 2 2 3
V 18 12 2 1
H 17 5 2 8
H 7 10 1 2
V 5 13 2 1
V 6 11 14 3
V 7 6 6 6
V 9 7 2 1
H 7 1 3 16
V 6 4 2 1
V 4 0 6 5
H 4 0 1 12
V 1 7 4 3
V 0 9 4 1
H 2 8 1 2
V 5 0 2 1
V 4 0 2 4
H 4 2 1 4
V 1 5 4 1
V 1 9 2 1
H 2 0 1 12
H 17 0 2 4
V 3 6 2 1
V 3 11 2 1
H 4 1 1 8
V 1 5 4 5
H 2 1 2 10
V 5 6 12 3
H 5 0 4 10
V 4 2 4 3
H 4 10 1 2
V 3 6 2 1
H 4 1 1 10
V 1 5 4 5
V 0 4 4 5
V 1 9 2 1
V 6 16 12 1
V 6 16 8 1
H 7 0 2 20
H 7 0 2 12
V 4 0 6 5
H 4 0 1 12
V 3 10 2 1
H 4 1 1 12
H 0 3 2 4
H 0 4 2 4
V 0 3 2 3
H 3 0 1 10
V 1 5 4 3
H 3 0 1 10
H 4 0 1 10
H 8 1 1 2
H 15 7 2 8
V 14 11 4 1
H 17 0 1 20
H 17 0 1 2
V 2 1 2 1
V 2 3 2 1
V 2 8 2 1
V 6 8 2 1
H 7 1 3 14
V 8 6 8 8
V 6 11 14 1
H 19 2 1 18
V 1 7 4 1
V 1 7 2 1
V 18 7 2 4
V 18 15 2 1
V 17 8 2 8
V 18 14 2 1
H 17 1 1 14
V 4 2 6 1
H 4 2 1 8
V 1 5 4 2
V 0 5 4 2
V 9 6 4 8
H 19 4 1 14
V 6 11 14 2
H 18 3 2 16
H 17 8 3 4
V 16 11 4 1
H 19 4 1 16
H 13 6 4 14
H 18 10 1 2
V 16 12 2 1
V 15 11 4 4
H 18 2 1 18
H 6 13 1 2
H 9 13 1 2
V 6 14 12 6
H 7 0 3 20
H 7 0 2 18
V 4 0 6 4
V 4 3 2 1
H 4 0 1 10
V 2 6 2 1
V 3 5 2 4
V 2 6 2 1
H 3 1 1 8
H 10 8 1 10
V 5 14 6 6
V 6 4 2 1
V 6 6 2 1
H 7 0 2 20
V 8 10 2 1
H 7 0 2 18
V 4 0 6 1
H 4 0 1 10
H 2 4 1 4
H 3 4 1 2
V 1 5 4 1
V 1 4 2 1
H 2 3 2 6
H 4 8 1 2
V 0 5 2 1
V 11 9 2 8
V 9 10 2 1
H 10 10 7 2
H 11 11 1 2
V 6 11 14 1
H 18 5 2 14
V 17 10 2 3
H 17 2 1 18
H 15 0 2 20
H 8 10 1 2
H 18 10 1 2
V 15 11 4 1
H 18 3 1 16
V 5 8 12 3
V 9 9 2 1
H 6 7 1 2
V 7 7 6 12
V 5 8 4 1
H 7 1 1 12
V 4 4 6 1
H 4 1 1 8
V 3 8 2 1
V 1 5 2 1
H 2 5 1 2
H 15 18 2 2
V 16 17 2 3
V 5 5 2 1
V 6 4 4 2
H 6 0 1 8
V 4 0 4 3
H 4 2 1 6
H 4 1 1 8
V 3 5 2 3
H 3 3 1 4
H 13 12 1 2
H 12 9 5 4
V 13 13 2 1
V 8 11 12 5
H 18 6 2 12
V 12 13 2 1
H 19 11 1 2
H 9 10 4 10
V 5 19 8 1
H 13 4 3 8
H 17 15 1 2
V 12 11 6 5
V 17 4 2 1
H 17 3 1 16
H 16 14 1 6
H 14 1 1 18
V 7 10 10 8
V 6 3 2 1
H 7 0 1 12
V 4 2 6 3
H 4 1 1 8
V 7 12 8 2
H 7 1 1 18
V 6 2 2 1
V 4 1 6 4
H 4 0 1 8
V 3 7 2 1
H 5 17 1 2
V 5 15 10 3
H 10 15 1 2
V 6 15 14 1
V 17 6 2 1
V 17 15 2 1
H 18 5 2 12
H 17 5 3 8
H 19 12 1 2
V 10 0 6 4
V 16 11 2 1
H 10 0 7 12
H 5 5 1 2
H 12 7 1 8
H 13 7 1 2
V 5 6 12 2
H 6 0 1 8
V 4 2 4 2
H 4 1 1 6
V 3 5 2 2
V 6 11 4 9
H 6 14 3 6
H 9 5 1 2
V 5 6 8 5
H 5 0 1 10
V 4 2 2 3
H 4 2 1 6
H 4 6 1 2
V 2 4 2 2
V 3 5 2 2
H 2 4 2 2
V 9 7 4 13
V 6 11 14 1
H 19 7 1 10
H 10 5 6 4
H 10 0 2 20
V 6 18 12 1
H 18 16 1 2
H 9 0 1 20
V 9 7 6 5
V 6 11 14 1
H 18 11 1 6
H 17 6 3 10
H 17 5 1 2
H 6 15 4 4
V 5 1 2 2
V 6 0 4 9
H 6 0 1 2
H 7 4 1 2
H 6 1 1 2
H 5 2 3 6
V 4 3 4 2
H 4 2 1 4
V 3 5 2 1
H 7 16 7 4
V 5 17 10 1
V 14 17 2 1
V 15 3 2 13
H 16 0 1 12
H 11 0 5 18
V 14 11 4 7
H 11 10 1 2
V 9 11 10 2
H 17 6 2 10
H 18 6 1 2
V 16 16 2 1
V 7 15 10 4
H 7 14 2 6
H 14 4 3 4
H 13 1 4 18
H 19 10 1 6
V 14 15 6 1
H 14 11 1 2
V 7 7 8 5
H 18 10 1 2
V 6 11 14 1
H 19 7 1 8
V 5 10 10 1
H 5 1 3 10
V 4 3 2 1
H 5 1 3 8
H 5 4 1 2
H 14 1 3 4
V 11 0 2 7
V 13 2 2 1
V 11 2 6 12
H 14 0 2 4
H 8 6 1 14
V 9 6 4 12
V 7 16 10 2
V 17 11 2 5
H 18 8 1 8
H 18 7 1 8
H 18 10 1 2
V 10 11 10 1
H 17 6 1 10
V 10 11 2 1
V 5 6 10 4
H 6 1 1 10
H 6 1 1 2
H 15 7 1 8
H 17 7 1 8
V 13 8 2 1
V 14 1 2 11
V 14 5 2 1
H 15 1 1 18
H 7 0 1 18
H 7 0 3 4
V 5 7 10 2
H 5 8 12 2
H 11 0 4 20
H 10 16 1 2
V 5 14 10 3
H 7 11 3 8
V 16 15 2 1
H 7 13 10 4
V 15 14 4 1
H 10 3 7 14
V 6 15 8 2
V 7 9 4 9
H 7 16 1 2
H 14 16 1 2
V 6 11 2 1
V 6 14 2 1
V 7 7 2 7
H 8 0 1 14
V 4 4 2 1
V 5 8 12 1
H 8 10 1 2
V 7 8 4 3
V 7 11 2 1
H 7 1 1 14
V 12 12 8 1
V 15 11 2 1
H 14 1 2 16
H 15 6 1 2
H 13 1 3 6
V 9 13 10 1
H 9 8 1 12
V 12 11 2 1
V 11 0 2 1
V 11 5 2 1
H 12 4 1 16
V 6 11 14 1
H 19 9 1 4
H 8 1 1 12
V 7 8 10 2
V 12 5 2 1
H 13 0 1 20
H 9 0 1 4
V 13 7 4 9
V 18 10 2 3
H 18 12 1 2
V 6 3 4 3
V 6 3 2 1
V 12 11 4 6
H 12 15 2 4
V 7 14 8 3
H 12 14 1 6
H 10 8 1 2
H 10 3 7 12
H 16 3 1 2
H 13 0 1 8
V 13 1 2 1
V 7 14 10 1
H 10 12 1 2
H 7 13 9 4
V 11 12 2 7
H 14 11 1 4
V 6 11 14 2
H 6 14 1 2
V 5 5 4 4
V 6 7 4 1
H 7 8 1 2
H 6 9 1 2
H 5 4 2 6
V 7 12 8 3
H 8 8 2 10
H 7 6 9 10
V 10 14 8 1
V 8 6 8 3
H 13 2 3 8
V 16 11 2 1
V 17 10 2 1
H 17 8 1 6
V 15 13 2 1
V 14 11 4 3
H 15 6 1 2
H 11 11 1 4
H 12 7 4 10
H 11 1 1 14
V 5 6 12 4
V 6 6 2 1
V 7 6 2 4
H 7 2 2 8
V 13 9 2 1
V 8 6 6 6
H 7 6 3 4
H 11 6 1 4
V 9 14 2 1
H 9 1 1 18
V 12 1 2 1
H 8 13 3 4
H 11 15 2 4
H 7 3 1 6
H 11 17 1 2
V 9 16 4 2
V 14 3 2 13
H 14 2 1 6
H 7 4 1 12
V 6 11 2 4
H 7 8 8 8
V 10 3 4 5
H 10 0 2 6
V 15 11 4 2
H 15 8 1 8
V 10 3 4 3
V 11 4 6 7
H 15 3 1 4
H 15 8 2 4
H 17 10 1 2
V 14 11 6 1
V 13 12 2 1
H 13 2 1 12
H 10 8 1 6
V 9 12 10 1
H 7 8 1 2
V 5 6 10 3
H 8 2 2 10
V 5 11 10 2
H 11 4 1 16
H 14 15 1 2
H 10 16 1 2
H 12 1 1 2
H 7 4 3 4
V 10 1 2 9
V 11 1 2 1
V 13 9 2 5
H 8 12 7 4
H 9 6 1 4
V 7 9 4 6
H 9 13 5 4
H 11 16 1 2
V 12 14 4 1
H 9 9 2 8
V 8 11 2 5
H 8 14 1 2
V 11 9 6 2
H 16 6 1 8
H 10 9 7 4
V 13 11 6 1
V 9 7 6 3
H 14 3 1 12
V 14 4 2 4
H 12 4 4 4
V 11 7 6 2
H 14 4 1 2
H 13 5 4 6
V 7 7 6 1
H 9 2 1 10
V 7 7 2 6
H 8 3 2 12
H 8 3 1 6
V 6 12 8 1
V 11 9 2 7
H 11 0 1 18
V 10 2 4 1
H 12 14 1 2
V 10 15 4 1
H 12 9 1 2
H 9 10 5 6
V 5 12 12 1
V 8 7 6 6
V 11 4 2 1
H 11 15 1 2
H 11 0 1 16
V 11 2 2 1
H 12 2 1 12
H 12 2 1 16
V 14 5 2 1
H 7 5 3 4
V 8 6 4 1
V 7 6 2 2
H 8 4 2 4
V 12 3 2 13
H 13 12 1 4
V 7 6 6 7
H 7 12 1 2
H 7 7 6 6
V 6 12 2 1
V 5 9 4 1
H 5 7 1 4
V 8 14 6 1
V 9 14 6 1
V 9 9 4 3
H 10 7 1 10
V 8 7 4 8
H 8 13 1 2
V 5 9 12 1
H 13 3 1 12
V 16 11 2 1
H 15 11 1 2
H 15 6 1 4
H 8 7 1 2
H 12 7 1 2
V 11 6 2 2
H 11 2 1 8
H 11 3 2 8
V 11 9 4 4
H 12 9 1 2
H 11 10 2 6
V 10 10 2 6
H 10 6 1 10
H 8 5 2 6
H 11 6 1 2
V 6 7 6 3
V 8 12 6 2
H 10 12 5 2
V 7 12 6 1
V 9 7 2 1
H 10 3 1 8
V 11 8 6 4
V 13 6 2 1
H 13 4 1 8
H 9 5 1 8
H 11 7 1 2
V 5 8 8 1
V 8 6 2 1
V 8 13 2 1
V 5 9 6 1
V 5 9 12 1
H 13 5 2 8
H 7 10 1 2
H 10 4 1 2
H 11 14 1 2
V 11 14 2 1
V 12 13 2 1
V 15 8 2 2
H 15 7 1 2
H 10 7 2 8
V 7 7 8 3
V 10 5 4 4
H 11 3 1 4
H 14 9 1 2
H 14 7 1 6
V 14 11 2 1
V 9 8 8 2
H 6 8 1 2
H 16 8 1 2
H 12 4 1 8
H 13 5 1 8
V 8 11 6 2
V 8 12 4 1
H 13 6 1 2
H 12 7 2 4
V 11 9 6 2
V 10 9 2 1
H 11 7 1 6
V 6 9 10 2
H 9 6 2 8
V 7 9 8 2
H 13 6 2 6
H 11 4 1 2
H 13 6 1 2
H 7 9 9 2
V 6 9 2 1
H 7 9 1 2
V 8 7 2 5
H 9 6 1 2
H 10 12 3 2
V 9 12 2 1
V 11 7 4 4
V 12 7 2 1
V 12 9 2 1
V 11 5 2 3
H 12 5 1 2
H 10 8 3 6
V 13 9 4 1
H 11 12 2 2
V 12 12 2 1
H 11 8 4 4
V 14 9 2 2
H 15 8 1 2
V 8 7 6 5
V 7 8 4 1
V 11 10 4 1
V 9 7 4 5
H 10 5 1 6
V 8 9 4 2
H 10 6 1 2
H 9 7 5 2
V 13 8 2 1
H 10 6 3 6
V 9 7 2 5
V 11 8 2 1
V 11 11 2 1
V 10 9 2 4
H 11 8 1 6
V 11 12 2 1
V 8 8 2 1
H 9 7 3 4
V 9 7 2 1
H 10 7 1 6
H 11 7 2 2
H 10 8 1 4
V 9 8 4 3
H 10 9 4 2
V 8 9 8 1
V 12 10 2 1
V 9 9 4 2
V 9 9 2 2
H 12 8 1 4
V 10 9 2 1
H 10 7 1 4
V 11 8 2 1
V 11 10 2 1
V 10 10 2 1
H 11 9 1 4
V 9 9 2 1
V 10 8 2 3
H 10 8 2 2
H 11 10 1 2
V 10 10 2 1
H 10 9 1 2
V 10 9 4 1
H 10 9 1 2
