V 5 19 2 1
H 14 9 1 2
V 7 14 2 1
V 1 12 2 1
V 0 0 20 18
V 0 0 2 20
H 2 17 1 2
H 11 17 1 2
H 0 16 6 4
V 9 12 10 1
V 3 12 6 1
V 1 9 12 9
H 1 0 5 20
H 18 11 1 2
H 12 11 1 6
V 0 12 20 2
V 2 7 2 1
H 5 15 1 2
V 0 1 6 15
H 0 1 1 18
H 0 0 12 8
V 3 0 2 1
H 2 18 4 2
V 0 18 8 1
V 8 7 2 1
V 1 4 16 5
H 1 0 1 8
H 1 6 1 2
V 0 7 8 5
H 0 1 1 14
V 0 5 2 1
V 1 1 2 18
V 16 6 2 1
H 11 11 1 2
H 1 5 16 14
H 8 4 1 2
V 8 18 12 2
H 11 17 1 2
H 14 17 1 2
H 17 17 1 2
H 8 16 12 4
H 15 16 1 2
V 0 17 16 1
H 5 9 1 4
H 13 10 1 2
H 14 7 1 4
V 0 8 20 3
V 0 9 14 2
H 2 2 1 18
H 1 12 12 6
V 1 11 6 1
V 2 14 4 1
V 0 4 10 13
H 2 10 1 6
H 2 15 1 4
V 3 8 2 1
H 3 1 1 16
V 0 2 6 1
H 5 5 1 2
V 0 6 20 1
V 1 2 2 1
V 1 4 2 9
H 1 1 1 10
V 0 4 20 1
H 7 6 1 2
V 1 4 14 3
H 6 6 1 2
H 2 0 1 8
H 3 7 1 6
H 6 4 1 2
V 0 5 20 3
V 2 6 8 2
H 2 7 2 6
H 3 2 1 18
V 1 5 2 1
V 2 1 18 7
H 1 2 9 8
H 8 5 1 14
H 7 0 2 20
V 0 16 14 1
V 0 9 10 5
H 0 12 10 4
V 1 2 18 2
H 7 2 11 2
V 0 3 14 5
V 2 8 2 1
V 2 14 2 1
V 1 3 2 14
H 1 2 1 2
H 2 1 3 16
H 11 4 1 8
H 2 1 3 12
V 6 5 6 1
V 7 12 2 1
H 0 5 8 8
V 4 10 4 1
V 1 16 6 1
H 4 0 1 20
V 0 6 20 1
H 9 0 2 20
V 1 5 16 12
V 2 8 2 9
H 2 15 1 2
H 4 17 1 2
V 3 1 2 17
H 4 11 7 8
V 3 9 2 1
V 2 13 2 1
H 3 4 1 14
V 0 7 12 3
H 0 4 5 6
V 0 10 20 2
H 3 5 1 10
V 0 7 12 5
H 0 7 10 8
V 0 5 20 2
V 2 6 12 4
H 3 1 1 10
V 2 7 4 1
H 4 4 1 2
V 1 5 6 8
H 4 4 7 8
V 4 15 2 1
H 5 0 1 20
H 0 10 1 4
V 1 4 2 6
H 1 5 3 10
H 8 3 9 4
H 1 4 1 2
H 14 5 1 6
V 0 5 16 1
V 0 10 20 1
H 9 0 1 20
H 12 5 1 8
V 8 6 2 1
V 8 14 2 1
V 5 0 8 6
V 11 13 2 1
V 12 0 2 20
H 12 0 1 20
V 0 9 20 1
H 2 3 2 12
H 0 6 1 4
V 5 1 10 3
H 5 1 1 2
H 9 3 1 2
H 6 17 8 2
V 14 13 2 1
V 5 13 10 5
V 6 9 2 1
V 4 14 2 1
V 5 2 2 15
H 11 16 1 2
H 6 15 7 4
H 3 10 12 6
H 9 12 1 2
H 8 11 1 2
V 0 12 10 1
V 6 10 2 1
V 2 9 10 6
H 4 13 10 4
H 13 12 1 2
H 6 0 1 16
V 2 5 6 9
H 4 2 3 12
H 5 7 1 2
V 0 8 18 1
H 1 8 19 2
H 3 4 1 12
V 5 6 2 1
V 6 2 6 15
H 10 8 1 2
H 0 9 20 2
V 6 9 2 1
H 7 2 1 18
H 15 14 1 4
V 6 8 2 1
V 5 14 14 3
H 10 11 1 6
H 18 14 1 2
V 6 15 14 3
H 19 14 1 6
V 13 0 2 1
V 8 0 12 10
H 10 0 8 10
V 1 5 18 1
H 15 16 1 4
H 6 14 14 4
V 3 12 10 3
H 13 10 1 6
H 5 6 14 10
H 6 13 1 2
V 2 13 6 1
H 2 11 1 2
V 2 11 2 1
H 11 16 1 2
V 5 13 8 4
H 7 13 8 6
V 8 16 12 2
H 12 14 7 6
V 8 10 10 6
V 8 13 12 1
H 8 10 1 10
V 1 9 12 2
H 6 2 1 2
H 4 3 7 12
V 1 8 12 1
H 2 5 7 6
V 3 5 16 1
H 6 1 4 8
V 0 9 8 2
H 6 2 2 16
H 11 5 1 4
V 0 7 20 1
V 0 7 8 1
V 5 13 4 1
H 5 11 7 6
H 10 2 1 16
H 1 8 1 2
V 0 9 18 1
V 1 7 2 1
H 1 7 1 6
V 2 6 18 2
V 4 5 8 10
H 5 2 2 8
V 10 10 2 1
H 10 0 1 20
V 0 9 20 1
H 0 8 1 4
V 0 10 20 1
H 7 8 1 6
H 6 3 5 12
V 3 4 6 1
H 8 0 11 2
V 16 1 4 8
V 9 0 2 1
V 0 8 12 2
H 3 6 3 8
V 1 7 4 3
H 8 5 1 2
H 10 5 1 2
V 5 4 10 2
H 5 3 1 2
V 10 10 2 1
V 4 7 2 1
H 9 14 1 2
H 15 14 1 2
V 5 7 6 8
H 7 12 1 6
V 2 8 2 1
V 3 6 4 8
H 8 8 1 2
V 18 7 2 1
H 3 5 16 4
V 2 7 2 1
H 6 6 1 2
V 4 5 4 2
H 6 2 2 8
V 6 16 14 1
H 6 15 14 2
V 5 15 2 1
H 10 11 3 8
H 0 9 1 2
H 16 9 1 2
V 4 10 16 5
V 10 4 2 12
V 12 4 2 1
V 6 4 14 2
H 18 0 1 8
V 18 2 2 1
V 17 1 2 8
H 18 7 1 4
V 18 8 2 1
V 18 10 2 1
H 17 1 2 18
H 9 3 1 2
H 9 4 3 6
V 0 9 20 1
H 0 9 1 2
V 4 6 16 1
H 8 0 1 12
V 13 2 2 1
V 10 2 8 14
H 14 9 1 2
H 13 8 6 2
H 17 0 1 20
V 6 3 12 13
V 6 14 14 2
V 15 15 2 1
H 16 14 4 4
V 16 6 2 1
H 13 0 4 16
V 4 6 16 2
H 7 1 1 10
V 6 3 2 10
H 7 2 1 2
V 7 3 2 1
H 6 7 1 2
V 6 4 6 4
H 6 3 1 2
H 8 3 1 2
H 6 13 1 2
V 5 14 4 1
H 7 13 7 4
H 4 6 1 8
H 4 5 1 2
H 12 12 1 2
H 9 7 4 12
H 17 8 2 10
V 18 5 2 12
H 19 13 1 4
V 17 5 2 9
H 17 0 1 10
V 6 9 2 3
H 6 4 1 12
V 7 4 2 12
V 9 15 2 1
H 8 6 2 12
H 7 4 1 2
V 8 5 2 10
H 9 0 1 12
V 16 11 2 8
H 16 4 1 16
V 3 7 6 6
H 9 8 1 2
V 7 12 2 2
V 9 15 4 1
H 8 1 2 16
V 4 6 12 1
H 6 5 3 10
V 5 7 2 1
H 6 4 1 4
V 6 11 14 4
H 5 11 15 2
V 15 16 2 1
H 16 9 3 8
H 14 14 1 6
V 10 11 10 5
V 7 8 4 5
H 7 9 1 2
H 7 10 2 6
H 11 11 2 8
V 5 13 12 1
H 15 8 1 12
V 2 9 18 1
H 3 7 2 4
V 2 8 6 2
H 2 9 1 2
H 17 16 1 2
H 14 1 2 18
H 15 0 1 2
V 12 1 6 2
V 4 7 6 2
H 8 7 4 4
V 8 2 2 1
H 9 2 1 16
V 6 13 14 1
V 11 12 2 1
V 10 9 4 7
H 10 9 2 10
V 11 0 4 1
H 11 0 1 18
H 5 11 1 2
V 4 12 14 1
H 10 10 1 2
V 3 10 10 1
H 9 8 1 2
V 3 9 16 2
V 15 14 2 1
H 16 3 1 16
V 15 17 2 1
V 12 18 2 2
H 12 18 1 2
V 14 2 4 1
H 16 1 1 2
V 8 3 8 1
V 9 3 2 14
H 9 2 1 2
V 8 10 2 1
V 9 6 6 10
H 13 10 2 10
H 13 10 1 2
H 11 11 3 8
H 8 13 1 2
V 7 14 10 1
V 3 9 10 2
H 6 8 2 6
V 4 10 16 1
V 3 9 6 2
V 4 10 12 1
H 4 10 1 2
H 13 12 1 6
H 11 4 7 12
V 5 9 12 4
V 12 11 6 4
H 16 11 2 6
V 17 15 2 1
V 9 8 4 5
H 11 3 1 16
V 7 9 2 4
H 12 10 1 2
V 6 11 14 2
H 15 5 1 14
V 8 10 12 3
H 13 8 4 8
H 17 14 1 2
V 10 14 10 1
V 2 9 2 1
V 9 3 6 1
V 5 7 2 5
H 6 7 6 6
V 13 9 6 6
H 17 14 1 2
H 6 6 4 6
H 5 8 1 2
V 3 9 6 1
V 11 16 6 1
H 13 14 1 6
V 15 7 2 1
H 13 6 3 12
H 9 6 1 6
V 6 9 6 3
V 8 12 2 1
H 9 8 1 8
H 9 4 8 8
V 6 7 2 1
V 7 5 4 3
H 11 4 2 14
H 12 13 3 6
V 10 4 8 1
H 14 1 2 6
V 18 5 2 1
V 18 9 2 1
V 17 5 2 1
V 15 8 4 6
H 15 2 2 12
H 16 7 1 2
V 11 10 2 1
V 12 8 8 4
H 19 8 1 6
V 6 6 12 1
V 10 4 2 8
H 10 2 1 8
V 9 13 8 2
H 9 7 6 8
V 4 10 10 1
H 5 8 1 2
H 13 0 1 4
V 13 16 2 1
V 12 1 2 17
H 12 16 1 2
V 12 4 6 3
H 10 4 1 2
H 17 4 1 2
H 14 1 1 6
H 10 11 1 2
V 7 10 4 2
H 9 9 2 6
V 16 8 4 5
H 18 12 1 2
V 5 10 10 1
V 7 10 2 1
H 8 6 10 6
V 7 6 8 3
V 8 5 10 2
H 8 5 1 2
V 12 9 2 1
V 11 2 2 14
H 11 5 1 12
V 10 9 6 7
H 13 11 1 8
V 10 12 4 3
H 10 10 1 6
V 4 9 16 1
V 16 9 2 6
H 12 4 5 12
V 16 11 2 1
V 10 7 8 4
V 14 14 2 1
H 15 7 3 8
H 17 12 1 2
H 11 6 1 2
V 6 7 10 2
H 6 7 1 2
V 11 9 2 1
V 12 3 2 1
H 12 1 1 14
H 16 4 1 10
V 6 10 10 1
H 6 10 1 2
V 15 11 2 1
H 14 3 2 10
V 10 12 10 1
H 11 2 1 14
V 11 11 2 1
H 11 2 1 12
V 12 11 8 1
H 12 3 1 14
V 10 7 6 2
V 12 8 2 1
V 13 2 2 1
H 14 2 2 12
V 8 6 2 7
H 8 6 1 2
V 10 4 6 1
V 11 10 8 3
V 10 8 2 5
H 11 3 5 10
H 14 3 1 2
V 14 3 2 1
H 13 2 2 2
V 16 11 2 1
H 13 5 4 10
V 16 5 2 1
H 12 4 5 6
H 13 2 1 6
H 13 4 1 14
H 10 12 1 2
V 9 13 2 1
V 9 6 2 1
H 10 11 1 2
V 10 12 8 1
V 13 10 2 1
V 11 8 2 1
V 12 3 2 11
H 12 9 2 8
H 10 5 1 8
H 10 5 1 10
H 10 9 8 2
H 13 9 1 2
V 5 9 14 1
H 10 8 1 2
V 8 9 12 1
H 13 1 1 16
V 13 3 2 1
H 11 4 5 4
H 16 6 1 2
H 9 7 9 2
V 7 8 4 2
V 7 9 2 1
H 9 6 2 4
H 8 8 1 2
V 8 7 4 2
H 8 7 1 2
H 17 7 1 2
H 13 14 2 2
H 14 13 1 2
V 11 11 4 4
V 13 15 2 1
V 12 15 2 1
H 13 13 1 4
H 14 10 1 6
H 14 13 1 2
H 13 9 1 2
V 10 9 10 1
H 19 8 1 2
H 17 9 1 2
V 14 9 6 1
H 16 6 1 8
V 14 4 2 1
V 8 8 4 2
V 9 9 10 1
H 10 9 1 2
V 15 6 2 2
H 16 5 1 8
H 8 8 1 2
H 9 7 1 2
H 13 14 1 2
V 12 14 2 1
V 15 6 2 7
H 16 8 1 2
V 14 10 2 1
H 15 9 2 4
V 15 8 4 3
V 15 8 2 4
H 12 5 1 2
H 12 6 5 6
V 11 8 2 1
V 11 11 2 1
H 14 4 1 2
V 14 6 2 1
V 14 11 2 1
H 12 5 3 4
V 10 9 2 1
V 9 8 4 2
H 10 6 1 4
V 12 8 2 5
H 13 3 1 12
V 13 14 2 1
H 12 12 1 2
H 13 7 1 2
H 11 8 7 2
H 15 6 1 8
V 11 9 2 1
H 12 7 4 4
V 11 10 2 1
V 14 7 4 1
V 13 9 6 1
H 10 9 4 2
H 15 9 3 2
H 17 10 1 2
H 14 11 1 2
H 13 6 1 10
H 12 8 1 2
H 12 5 1 4
H 12 6 1 6
V 11 8 2 1
V 11 10 2 1
H 11 8 1 6
V 10 9 4 3
H 11 11 1 2
H 12 8 1 2
H 12 8 2 4
V 11 11 2 1
V 11 8 4 2
V 12 9 6 1
H 17 9 1 2
H 12 7 1 2
V 15 9 2 1
H 15 9 1 2
H 15 8 1 2
H 15 9 1 4
V 13 7 2 3
H 13 9 1 2
V 12 9 6 1
H 14 7 1 2
H 15 9 1 2
H 13 8 1 2
V 13 9 2 1
H 12 9 2 2
H 13 8 1 6
H 13 10 1 2
H 13 11 1 2
V 12 9 2 1
V 12 11 2 1
V 11 9 2 1
H 13 7 1 4
H 13 8 1 2
