H 18 12 1 2
V 5 8 2 1
V 2 0 2 1
H 4 8 1 2
H 5 16 1 2
H 17 3 1 2
V 10 16 2 1
V 8 0 2 11
H 6 1 1 2
H 4 0 8 4
V 0 0 20 1
H 19 0 1 18
H 17 0 3 20
V 6 8 2 1
V 8 2 4 1
V 9 15 2 1
H 7 0 3 20
V 6 4 2 1
V 6 14 2 1
V 6 16 2 1
H 7 0 2 18
V 0 0 20 1
H 17 0 3 18
H 17 0 2 20
V 1 16 12 4
H 9 0 3 20
V 9 13 2 1
H 9 0 1 14
H 4 0 1 2
H 18 0 1 2
V 0 0 20 1
H 19 0 1 18
H 18 1 2 18
V 15 3 2 1
H 16 0 1 20
H 9 3 1 2
H 1 0 16 8
V 16 0 2 1
H 17 0 1 18
V 17 17 2 1
H 17 0 1 20
V 11 14 2 1
V 11 17 2 1
V 5 5 10 1
V 9 12 2 1
H 10 0 2 20
V 11 6 2 1
H 4 0 8 10
V 6 0 14 1
H 18 0 1 18
V 17 14 2 1
V 17 16 2 1
H 18 1 1 18
H 11 18 1 2
V 4 14 10 5
V 8 10 2 1
H 9 0 3 20
V 5 1 10 1
H 10 13 1 2
H 10 9 1 2
H 9 0 2 14
V 0 0 20 1
H 19 7 1 2
H 19 0 1 16
H 19 0 1 18
H 5 18 1 2
V 1 17 16 2
V 0 16 12 3
H 0 18 1 2
H 3 18 1 2
V 7 9 2 1
V 0 0 16 14
V 0 0 20 1
H 19 0 1 16
H 19 1 1 16
H 7 13 1 2
V 0 14 14 1
V 6 19 4 1
H 7 0 2 20
H 2 0 7 8
V 0 0 20 1
V 18 3 2 1
V 18 14 2 1
H 17 0 2 16
H 17 0 2 18
H 17 17 1 2
V 8 10 2 1
V 2 6 14 6
H 7 6 9 14
V 0 17 14 2
V 13 0 2 1
V 13 12 2 1
H 10 0 4 10
V 6 0 14 1
V 18 10 2 1
H 18 0 1 16
V 17 13 2 1
V 18 9 2 1
H 18 1 1 16
H 14 0 3 20
V 3 1 14 1
H 14 0 3 6
H 14 0 1 2
V 12 0 8 1
H 17 0 3 14
H 17 6 1 2
H 17 0 3 16
H 17 0 3 2
H 18 1 1 2
V 0 0 20 1
H 7 0 2 18
H 7 0 2 20
V 1 18 12 2
V 1 15 2 1
V 7 15 2 1
V 2 14 6 6
H 7 0 1 20
V 6 11 2 1
H 7 0 1 12
H 18 0 1 2
V 0 0 20 1
H 17 0 1 16
V 17 1 2 1
V 17 7 2 1
V 16 0 2 1
H 17 0 1 18
H 1 17 11 2
V 0 17 10 1
H 5 18 1 2
V 2 18 10 1
H 2 18 1 2
V 1 16 12 1
H 10 16 1 2
H 1 15 11 4
V 8 1 2 5
H 0 0 14 2
H 7 0 1 2
V 0 0 20 1
H 17 0 3 14
H 17 1 3 14
H 3 14 6 6
V 0 14 8 3
V 0 8 16 5
H 7 2 5 16
V 1 17 12 1
H 8 0 6 8
V 8 0 12 1
H 9 0 1 2
H 14 0 1 2
H 17 0 3 12
V 17 6 2 1
H 18 0 2 14
V 17 0 2 14
V 18 12 2 1
H 1 15 6 2
H 4 15 1 2
V 0 14 12 2
V 1 15 16 2
V 2 16 8 2
H 2 16 1 2
V 3 18 2 1
V 8 4 2 1
H 9 0 2 6
V 2 0 18 1
H 17 11 1 2
H 17 0 3 12
H 17 0 2 14
H 17 5 1 2
H 19 5 1 2
H 17 0 3 12
H 17 0 3 4
H 3 0 1 2
V 0 0 20 1
H 6 1 1 6
H 8 0 1 18
V 8 1 2 1
V 3 3 8 1
H 8 0 1 20
V 8 7 2 1
V 4 19 8 1
H 4 17 7 2
V 3 17 12 1
H 4 15 1 2
H 15 15 1 2
V 1 14 4 2
H 8 6 2 14
V 2 16 12 1
V 3 7 6 4
V 7 14 2 1
H 7 1 1 14
V 7 2 2 1
V 0 14 14 1
H 0 0 10 4
V 2 0 18 1
H 18 0 2 12
H 18 1 1 12
V 6 0 4 9
H 9 0 1 16
H 17 0 1 2
V 0 0 20 1
H 17 0 3 10
H 18 0 2 12
V 18 0 2 11
V 17 0 2 12
H 17 3 1 10
H 7 6 1 14
V 5 14 4 5
V 4 12 6 2
H 7 10 2 8
V 4 14 6 4
V 0 1 6 13
H 0 3 6 4
V 1 8 4 1
H 0 0 2 14
V 1 10 16 2
H 13 5 1 4
H 7 8 10 8
V 2 15 12 1
H 6 18 1 2
H 3 2 1 12
V 3 0 6 12
H 5 0 4 12
H 7 0 1 20
V 3 16 8 1
V 17 11 2 1
V 3 15 4 1
V 18 0 2 10
H 17 5 2 6
H 2 6 1 8
V 0 10 6 2
H 1 8 1 6
V 5 17 12 1
H 5 16 1 2
V 5 17 4 1
H 0 0 15 4
V 10 0 10 1
H 17 0 3 8
V 18 5 2 1
H 19 0 1 10
V 1 10 16 1
V 8 5 6 1
V 9 8 2 1
H 7 3 3 16
H 9 16 1 4
V 7 17 2 1
V 6 15 4 4
H 11 0 1 2
H 14 0 1 2
V 4 0 16 1
H 7 0 1 18
H 7 0 1 20
V 3 2 8 3
H 0 3 11 8
H 10 10 1 2
H 7 0 1 18
V 4 16 6 1
V 3 14 2 1
H 8 18 1 2
V 12 10 2 1
V 5 15 4 2
H 7 1 1 18
H 10 11 1 2
H 7 12 10 4
V 1 12 16 1
H 16 0 1 20
V 3 3 6 6
H 7 2 1 16
V 4 15 6 1
V 7 14 8 1
H 7 8 1 10
V 6 4 2 1
V 6 17 2 1
V 17 9 2 1
H 16 0 1 18
H 16 0 1 10
V 16 0 2 1
H 17 0 1 10
H 17 1 1 10
H 0 5 1 6
V 8 9 6 10
V 17 0 2 9
H 18 0 2 2
H 18 1 1 8
H 7 4 1 14
V 8 7 2 1
V 8 16 2 1
V 9 1 8 16
H 14 14 2 6
H 1 3 16 2
V 9 12 2 1
H 10 0 1 20
V 4 14 12 1
H 15 10 1 2
H 12 9 1 2
V 1 10 16 1
V 2 9 2 1
V 2 12 2 1
H 2 9 1 4
V 2 0 18 1
H 15 0 2 18
V 10 18 6 1
H 15 1 2 18
V 9 18 2 1
H 10 18 1 2
V 4 8 6 5
H 4 12 1 2
H 8 10 1 6
V 6 14 10 2
H 8 2 1 2
V 8 3 2 15
H 11 16 4 4
V 11 14 6 4
V 4 10 2 1
H 5 8 2 4
H 1 9 1 2
H 9 8 1 2
V 0 9 10 1
V 0 3 12 6
V 6 5 2 1
V 7 15 2 1
H 7 4 1 12
V 5 14 4 1
V 7 0 2 9
V 0 0 20 1
H 17 0 3 6
H 18 0 1 8
V 8 0 8 7
H 12 0 5 12
V 15 16 2 1
V 13 6 2 1
V 13 8 2 1
H 14 1 2 18
V 11 8 4 5
H 13 4 2 16
H 14 0 1 2
H 14 1 1 18
H 14 0 1 14
V 10 0 10 1
H 18 2 1 2
H 17 0 3 6
H 17 1 3 6
V 12 15 4 3
H 10 15 5 4
V 7 12 8 4
V 13 8 4 8
V 6 14 10 1
H 9 14 7 4
H 8 14 9 2
V 6 14 6 1
H 0 1 1 8
H 0 0 4 8
H 8 5 1 6
V 4 10 12 1
H 5 8 2 6
V 0 1 6 8
H 3 0 2 8
H 3 0 1 12
V 10 11 6 1
H 11 4 1 16
H 4 11 1 2
V 7 2 6 1
V 7 12 2 1
V 8 8 2 1
H 8 0 1 16
H 13 7 1 2
V 2 8 12 3
V 9 5 2 3
V 10 10 2 1
H 10 0 1 14
H 4 0 1 2
H 12 0 1 2
V 2 0 18 1
H 19 3 1 2
H 17 0 3 4
V 17 2 2 1
H 18 0 2 6
V 8 0 6 2
H 9 0 2 16
H 9 0 1 18
H 9 14 1 2
H 7 11 5 4
V 3 10 2 1
V 4 0 6 12
H 11 9 1 10
V 8 9 4 3
H 9 8 1 2
H 10 4 2 14
V 8 14 8 1
H 12 10 1 10
V 15 6 2 2
H 16 0 1 16
H 2 4 9 6
V 8 6 2 1
H 8 0 1 16
H 2 0 1 2
V 0 1 14 1
H 1 0 1 2
V 5 6 2 1
V 5 12 2 1
V 2 4 8 6
H 6 5 1 2
H 6 6 6 8
V 11 14 6 1
H 12 11 2 8
V 7 13 2 1
V 6 12 4 1
V 1 2 2 6
H 1 1 1 2
H 10 5 1 12
V 10 1 2 1
V 10 8 2 8
H 11 14 3 4
V 12 1 2 16
V 12 9 2 1
H 12 9 1 10
H 16 1 1 14
V 0 4 6 2
H 3 0 1 10
V 2 4 2 1
V 3 0 2 9
H 4 7 2 4
H 15 0 2 8
V 16 0 2 1
H 17 0 3 4
H 17 0 1 6
H 8 4 3 6
V 0 6 16 1
V 2 8 14 1
H 2 7 15 2
H 8 3 1 6
H 7 2 1 2
V 1 3 8 5
H 1 3 1 2
V 0 4 16 1
V 2 2 4 7
H 2 1 3 8
H 11 0 1 6
V 4 0 16 1
H 10 0 1 2
H 18 0 2 2
H 17 0 3 4
V 14 15 2 1
V 17 2 2 1
V 17 4 2 1
V 0 3 2 3
H 1 5 1 2
H 11 15 3 2
V 10 15 2 1
V 9 14 6 1
H 12 12 3 4
H 4 8 10 2
V 3 6 4 3
V 11 0 2 17
H 11 15 1 2
V 12 4 2 13
H 13 15 1 2
H 6 6 3 6
H 8 12 3 2
V 7 10 6 3
V 3 0 2 3
H 4 0 2 8
H 4 0 5 10
V 8 0 2 12
H 4 1 5 8
H 8 0 1 14
H 16 0 1 14
V 16 0 2 1
H 17 0 1 4
H 17 1 1 4
V 15 13 2 1
V 0 5 16 1
V 2 2 10 1
H 7 1 2 8
V 2 1 10 1
V 1 4 16 1
V 2 3 10 4
H 3 0 2 8
V 9 8 2 1
V 5 7 10 2
H 12 0 1 18
V 10 14 4 1
V 10 9 2 1
V 12 9 2 1
H 11 0 2 16
V 4 0 16 1
H 17 0 3 2
H 19 1 1 2
H 3 4 1 4
V 5 1 2 9
H 6 5 1 6
V 11 0 2 14
H 11 10 1 6
V 10 3 6 11
H 14 13 1 2
V 8 12 6 1
V 7 7 4 4
H 9 8 5 6
V 11 12 4 2
H 12 12 2 4
H 4 1 1 6
V 1 3 6 3
V 3 1 2 6
H 4 1 3 8
H 4 0 9 2
V 3 1 10 5
V 2 3 2 3
H 2 5 1 2
V 4 0 4 5
H 4 0 4 8
V 13 4 2 1
V 11 8 2 1
V 12 0 4 14
H 12 9 1 8
H 6 4 5 2
H 7 0 1 12
H 5 4 10 6
H 8 4 1 2
V 0 4 10 1
V 9 5 4 6
V 7 10 10 1
H 9 9 8 4
H 9 7 2 6
V 5 7 8 3
V 9 2 2 1
V 9 11 2 1
V 10 2 6 5
H 15 0 1 14
H 15 3 1 6
H 13 0 3 8
V 12 0 8 1
H 16 0 1 2
H 17 0 3 2
H 17 0 1 4
V 7 7 2 1
H 8 0 1 12
H 2 4 1 2
H 11 4 1 2
V 1 5 14 1
V 18 1 2 1
V 3 2 2 1
H 17 1 1 2
H 4 1 1 6
V 2 3 4 3
H 3 5 1 2
H 14 10 1 2
H 12 11 2 2
V 10 11 6 2
V 5 0 8 6
V 4 1 4 1
H 12 2 5 10
V 12 0 2 14
V 12 4 2 1
H 13 3 1 12
H 7 5 1 2
H 7 3 2 6
V 1 4 14 1
V 8 5 2 1
V 8 9 2 1
V 9 2 4 10
H 10 2 4 6
V 8 6 8 1
V 10 8 2 1
H 11 1 1 14
H 4 2 1 2
V 2 3 14 2
V 2 3 12 1
V 8 0 8 5
V 10 3 2 1
H 10 0 1 12
H 10 0 2 14
V 5 6 8 2
H 7 5 4 6
H 13 1 2 12
H 14 11 1 2
H 13 0 2 12
H 17 0 1 2
V 10 0 10 1
H 6 7 4 2
H 14 7 1 2
V 5 7 2 1
V 6 0 4 2
V 6 5 4 4
H 16 3 1 8
H 6 3 1 6
H 4 3 10 4
H 8 4 1 2
V 3 3 6 2
V 12 0 4 8
V 15 4 2 1
H 15 4 1 8
H 12 0 5 2
V 11 0 8 1
H 7 3 1 2
V 4 3 12 1
H 4 2 1 2
H 6 2 1 2
H 7 0 5 2
H 15 1 1 2
V 5 1 12 1
H 10 0 1 2
V 7 1 4 8
H 10 3 1 10
V 10 3 4 8
H 12 4 2 10
V 8 7 6 1
V 11 1 2 1
H 12 1 1 14
V 3 4 12 2
V 9 2 2 1
H 9 0 1 12
V 3 4 14 2
V 3 4 12 2
H 9 5 1 6
H 8 0 1 10
H 8 8 6 2
V 7 8 6 1
H 12 3 1 2
H 12 4 1 10
V 4 4 8 2
H 13 4 1 2
V 11 5 6 4
H 14 6 1 6
H 5 5 12 2
H 12 1 2 12
V 9 4 8 2
H 12 1 1 12
V 15 9 2 1
V 10 7 6 4
H 11 6 1 2
H 11 10 1 2
V 5 6 12 1
V 5 6 2 1
H 11 3 6 4
H 11 1 2 12
V 6 1 2 1
V 6 3 2 1
H 10 2 2 10
V 3 4 14 1
H 16 0 1 8
V 16 0 2 1
V 7 6 6 1
H 9 4 2 6
V 11 6 4 5
H 13 4 1 8
V 5 4 4 1
H 5 3 1 2
V 8 0 8 2
H 8 7 1 2
V 7 1 2 1
H 10 8 1 2
V 14 8 2 1
V 12 7 2 4
H 13 9 1 2
V 11 4 6 3
H 15 1 2 6
H 8 2 2 6
V 8 3 2 1
H 8 1 1 6
H 11 4 6 2
V 5 4 12 1
V 13 9 2 1
V 11 2 6 1
V 10 1 6 6
V 14 1 2 1
V 11 4 2 1
V 9 0 6 5
H 9 0 1 2
H 10 0 4 4
V 7 2 6 1
V 9 1 4 3
H 9 1 4 4
V 9 5 2 1
H 9 1 1 8
V 12 9 2 1
V 7 5 2 1
V 13 0 2 8
H 14 0 1 2
V 9 2 4 1
H 10 1 2 8
H 10 0 1 4
V 12 0 2 8
H 12 5 1 6
H 9 4 7 4
V 8 3 4 1
H 8 3 4 2
H 11 0 1 10
V 8 5 2 1
V 12 8 2 1
H 12 8 1 2
V 13 1 2 1
H 9 3 4 4
H 9 2 1 2
V 10 5 2 3
H 10 6 1 2
V 15 4 2 2
H 14 5 2 2
V 14 3 2 3
H 14 4 1 4
V 15 4 2 2
H 16 4 1 2
V 9 3 2 3
H 10 1 1 6
V 11 3 4 4
H 13 0 1 6
H 11 1 1 4
H 9 3 1 2
V 7 4 8 1
H 8 3 1 2
H 10 3 1 2
V 11 1 2 1
H 13 1 1 2
H 13 6 1 2
H 13 4 1 2
V 10 5 4 2
H 10 5 1 2
V 11 2 2 6
H 12 5 1 4
V 9 5 2 1
H 11 2 3 4
H 11 2 2 6
H 11 2 1 2
V 10 3 6 1
H 13 5 1 2
V 10 3 4 3
H 13 5 1 2
V 10 4 6 2
V 10 3 2 2
H 11 2 1 4
H 11 5 1 2
H 12 3 2 2
H 11 4 3 2
V 9 4 4 1
H 12 1 1 2
V 11 4 2 2
H 12 2 1 6
H 12 1 1 4
H 12 2 1 2
V 11 3 4 2
H 11 3 1 2
V 10 4 4 1
V 10 4 6 1
H 11 4 1 2
V 11 4 2 1
H 12 4 1 2
V 11 4 4 1
