V 15 0 2 1
V 3 0 2 1
V 11 16 2 1
H 3 4 1 2
V 7 8 2 1
V 5 3 2 1
V 5 14 2 1
H 5 2 1 2
H 15 2 1 2
H 6 18 1 2
V 16 0 4 10
H 18 0 2 12
V 3 4 2 1
H 0 1 4 12
H 4 0 1 2
V 0 1 10 1
V 1 1 14 2
V 3 1 8 1
H 7 0 8 12
V 10 16 4 1
V 9 2 2 1
V 12 18 2 1
H 14 5 1 2
H 0 0 1 20
H 10 0 3 20
H 7 16 1 2
H 19 16 1 2
H 16 17 1 2
V 7 17 12 1
V 16 2 2 1
H 17 0 2 20
H 17 6 1 2
V 16 2 2 1
H 16 0 3 14
H 0 1 4 6
H 5 0 1 2
H 8 0 1 2
H 7 1 1 2
V 0 1 14 1
V 6 0 2 1
H 9 11 1 2
H 7 0 5 12
V 9 6 2 1
V 9 8 2 1
V 9 13 2 1
V 11 11 2 1
H 7 0 3 20
V 7 17 12 3
H 14 18 1 2
V 8 17 12 2
H 18 9 1 4
H 16 10 1 2
H 15 2 5 18
V 17 1 2 1
V 17 11 2 1
H 18 1 2 14
H 15 2 5 14
H 8 1 1 2
H 12 1 1 2
H 9 2 4 6
H 11 0 2 20
V 15 9 4 1
V 8 17 10 2
H 17 8 1 6
H 16 0 2 20
V 15 6 2 1
H 16 0 2 14
H 4 0 1 2
H 10 1 1 2
H 12 1 1 2
V 1 1 14 1
V 10 11 2 1
V 11 3 4 1
V 7 8 8 1
H 11 12 1 2
H 11 1 2 12
V 12 19 2 1
H 0 0 2 20
H 8 0 5 20
V 12 18 2 1
H 18 14 1 4
V 7 17 12 2
V 18 13 2 1
H 18 2 1 18
H 17 14 1 2
V 18 7 2 1
H 17 1 2 14
V 17 6 2 1
V 16 1 2 19
V 16 3 4 4
H 19 3 1 2
V 6 2 2 1
H 4 0 3 8
H 7 1 1 2
V 6 0 8 2
H 8 0 5 14
V 8 1 4 1
H 10 0 1 20
H 16 17 1 2
V 9 8 2 1
V 7 17 12 1
H 16 0 1 20
V 15 3 2 1
H 16 0 1 14
V 1 2 2 1
H 0 0 2 12
V 2 1 2 1
V 0 1 6 2
V 1 1 14 1
V 8 4 2 1
V 11 4 2 1
H 9 1 3 12
V 11 1 2 1
H 11 0 1 20
H 7 16 1 2
V 7 17 12 1
H 17 1 1 8
H 16 2 2 18
H 17 1 1 14
V 7 9 8 3
H 9 7 4 12
V 8 17 12 3
H 15 0 1 20
H 15 0 1 14
H 0 0 2 2
V 0 1 14 2
V 6 0 2 1
H 7 0 1 12
H 9 0 1 12
V 7 12 2 1
H 4 0 2 20
H 7 0 1 20
V 7 17 12 1
H 19 17 1 2
H 9 16 1 2
V 8 17 12 1
H 15 1 1 8
H 15 4 5 16
H 17 4 3 10
H 2 2 1 2
H 10 2 1 2
H 15 2 2 2
V 0 1 14 2
V 11 8 2 1
H 7 0 5 10
H 0 0 2 20
H 11 0 2 20
V 7 17 12 1
H 17 2 1 18
H 17 2 1 12
V 17 4 2 1
V 16 3 2 9
V 16 14 2 1
H 17 4 2 2
H 19 5 1 2
H 13 17 1 2
V 12 18 6 2
H 15 2 1 18
H 15 2 1 16
H 15 4 2 16
H 15 3 1 2
V 15 4 2 8
V 16 11 2 1
H 15 4 2 8
V 17 11 2 1
V 18 10 2 9
H 16 6 3 14
H 18 6 1 2
V 12 1 2 1
H 3 2 2 2
V 3 0 10 3
V 10 3 2 1
V 10 16 2 1
H 11 1 3 10
H 11 0 1 20
H 17 16 1 2
V 7 17 12 1
H 17 6 1 14
H 17 5 1 10
V 0 2 2 1
H 0 0 1 8
H 7 1 1 2
V 0 1 14 1
H 8 12 1 2
H 7 1 2 12
V 6 0 2 1
H 2 0 2 20
H 7 0 1 20
V 7 17 12 2
V 8 17 12 2
H 19 8 1 12
H 18 7 2 8
V 7 13 6 2
H 7 10 6 8
V 8 17 12 1
H 16 5 1 14
H 15 5 2 10
V 16 10 4 3
H 19 9 1 2
V 9 12 6 2
V 9 17 2 1
H 10 9 2 10
H 14 17 1 2
V 7 17 12 1
V 14 17 2 1
H 8 6 1 2
H 15 6 1 2
H 15 7 3 12
H 15 10 1 2
H 15 7 3 8
H 7 12 7 6
V 10 17 8 3
H 15 6 2 14
V 16 13 2 1
H 15 6 2 8
H 5 0 2 18
V 13 0 2 1
V 6 0 8 2
V 11 2 2 1
H 7 0 5 14
V 10 3 2 1
H 10 0 1 20
V 7 17 12 3
V 16 18 2 1
H 16 7 1 12
H 15 7 2 8
V 3 5 2 1
V 1 2 4 3
H 3 5 1 2
V 6 1 2 1
H 3 0 4 6
V 0 1 14 1
H 11 0 3 12
V 12 17 2 1
H 11 0 2 20
V 7 17 12 2
V 15 14 2 1
H 16 8 2 12
H 17 13 1 2
H 15 8 3 6
H 17 18 1 2
V 14 17 2 2
H 15 11 5 8
V 4 0 2 1
H 5 0 2 6
V 5 0 4 1
H 7 1 1 12
V 8 9 2 1
V 8 13 2 1
H 7 0 2 14
H 6 0 1 20
H 7 0 1 20
V 7 17 12 2
H 19 16 1 2
H 15 18 1 2
V 8 17 12 2
H 19 12 1 8
H 19 12 1 2
V 6 0 6 3
H 7 2 7 10
V 13 4 2 1
H 9 0 1 20
H 8 17 1 2
V 8 17 12 1
H 15 8 1 12
V 15 13 2 1
H 15 8 1 6
V 1 6 2 1
V 0 4 4 16
H 3 0 1 16
H 2 1 1 16
V 1 1 14 1
H 8 1 3 12
V 8 8 2 1
V 8 10 2 2
V 10 10 2 1
H 9 0 2 20
V 8 17 12 1
H 15 9 2 10
H 15 9 2 6
V 4 5 2 1
V 5 9 2 1
H 5 0 1 20
H 4 1 2 10
H 12 0 1 2
V 1 1 14 1
V 12 4 2 1
V 12 11 2 1
H 12 0 1 12
H 12 0 1 20
H 19 17 1 2
H 8 16 1 2
V 8 17 12 1
H 18 11 1 8
V 17 12 2 1
V 17 18 2 1
H 18 11 1 4
H 8 11 1 2
H 15 11 3 2
V 17 12 2 1
H 11 14 2 4
V 10 17 10 2
H 16 10 1 10
H 15 10 2 4
H 4 9 1 2
H 0 1 4 10
H 11 0 1 2
H 9 0 1 4
V 1 1 14 1
V 10 6 2 1
V 10 19 2 1
H 10 0 1 12
H 10 0 1 20
H 9 16 1 2
V 8 17 12 1
H 15 12 3 8
H 15 11 2 4
H 0 1 5 4
H 4 0 1 2
V 0 1 2 1
V 1 1 14 1
H 10 0 1 12
H 0 0 1 20
H 10 0 1 20
H 11 17 1 2
H 13 17 1 2
V 8 17 12 1
V 15 15 2 1
H 16 12 1 8
V 15 13 4 1
V 16 12 2 1
H 15 11 1 2
V 15 12 2 8
V 16 13 2 1
V 12 16 2 1
H 13 16 2 2
V 11 17 8 2
H 15 14 4 6
H 18 17 1 2
H 15 16 4 4
V 18 18 2 1
V 17 17 2 1
V 17 19 2 1
H 15 13 1 2
V 5 0 2 1
V 5 4 2 1
V 4 0 2 20
H 7 2 1 2
V 1 2 14 1
H 12 0 1 14
H 12 0 1 20
V 8 17 10 3
V 18 17 2 1
H 0 0 1 10
V 0 1 10 1
H 10 0 1 2
V 0 1 14 2
V 11 0 2 1
V 11 2 2 1
V 12 5 2 1
H 12 1 1 14
H 12 0 1 20
V 7 18 12 1
H 17 17 1 2
V 1 10 2 1
V 1 16 2 1
H 2 0 2 20
V 2 0 6 3
H 5 0 1 2
V 0 1 14 2
H 11 2 1 2
H 9 2 4 10
V 11 17 2 1
V 12 2 2 1
H 12 0 1 20
V 7 17 12 1
V 1 3 2 1
H 2 1 2 12
H 8 0 1 2
V 0 1 14 2
V 11 6 2 1
V 11 11 2 1
H 10 0 2 12
H 9 0 2 20
H 11 10 1 10
V 7 17 10 1
H 15 14 1 6
H 14 0 1 6
V 9 3 6 6
V 10 9 2 1
H 10 2 1 18
H 8 18 1 2
V 7 17 10 2
H 15 15 1 4
V 11 6 2 1
H 12 4 2 8
V 12 19 2 1
H 12 0 1 20
V 9 17 8 2
V 14 18 2 1
H 12 16 1 2
V 12 17 2 2
H 10 15 2 2
H 10 16 3 4
V 13 17 2 1
V 0 12 2 1
H 0 0 1 20
V 0 1 6 4
H 3 0 4 6
V 0 1 14 2
H 10 0 1 14
H 10 9 1 2
V 9 3 2 1
H 10 0 1 20
V 8 18 6 1
V 7 13 4 6
V 8 15 6 3
H 9 0 3 8
H 11 0 1 20
H 11 14 1 2
V 9 15 6 2
H 12 2 1 2
V 7 2 2 1
V 2 0 12 3
V 12 15 2 1
H 11 0 2 18
V 10 0 2 1
V 10 11 2 1
H 11 0 1 20
V 11 12 4 3
H 8 12 4 6
V 7 10 6 7
H 9 13 1 2
H 9 14 1 6
V 12 0 2 12
H 12 2 1 8
H 8 16 1 2
H 8 7 5 10
H 2 17 1 2
H 8 17 1 2
V 13 6 2 1
H 8 14 3 4
V 11 13 2 3
H 12 12 1 4
V 10 13 4 2
H 11 12 1 2
H 11 13 1 4
V 8 11 6 1
H 10 10 2 4
V 7 13 8 1
V 12 12 2 2
H 13 12 1 2
V 0 1 2 1
H 0 1 1 18
H 5 0 1 2
V 0 1 10 1
V 0 1 14 2
H 7 1 6 12
V 12 6 2 1
H 12 1 1 14
V 8 12 2 1
V 8 15 2 1
V 7 12 2 6
H 8 16 1 2
V 12 12 2 1
H 11 7 2 6
V 12 12 2 1
V 11 8 2 6
V 9 14 2 1
H 10 9 2 6
H 9 11 1 2
V 8 6 6 6
H 10 0 1 16
H 7 4 1 2
V 7 3 6 2
H 10 0 1 4
H 7 2 4 12
H 7 1 1 18
H 0 0 2 20
H 3 0 1 20
H 3 0 1 16
V 6 1 2 1
V 2 0 10 3
V 3 0 12 1
H 12 0 3 10
V 11 2 2 1
H 13 0 2 12
V 10 12 2 1
V 8 9 2 1
V 9 2 2 13
H 10 7 1 8
H 8 7 1 2
V 7 8 8 2
H 11 8 1 2
H 7 7 8 4
H 7 2 1 16
H 7 7 4 2
H 0 1 1 16
H 8 1 1 16
V 8 14 2 1
V 10 2 2 1
V 13 0 2 10
H 14 8 1 2
V 13 2 2 1
V 12 0 2 10
H 8 4 5 8
V 8 11 4 2
H 7 10 4 4
H 8 10 1 6
H 8 11 1 2
V 7 11 4 1
H 7 8 1 8
H 10 1 1 2
V 0 1 14 1
V 1 1 14 1
H 7 1 8 6
H 14 1 1 8
H 12 8 1 2
H 0 0 2 20
H 0 0 2 8
V 0 1 12 1
H 2 1 1 2
V 0 1 14 1
V 5 0 4 1
H 7 0 8 6
H 12 1 2 8
H 5 6 1 2
H 14 6 1 2
H 1 9 1 2
H 7 9 3 2
V 8 7 4 3
H 7 8 1 6
H 7 3 2 10
H 0 0 2 20
H 6 0 1 20
H 4 0 3 14
V 3 0 12 1
H 12 0 1 8
V 12 2 2 1
H 1 0 1 2
H 12 0 1 2
H 12 1 1 8
V 3 4 2 1
H 4 0 1 20
H 4 0 1 16
V 4 0 10 1
V 8 5 6 1
V 9 1 6 1
H 9 0 1 10
V 9 4 6 1
H 8 0 2 12
H 2 10 1 2
H 0 1 4 10
H 5 1 1 2
V 2 1 2 1
V 0 1 6 1
H 6 0 1 2
V 1 1 14 2
V 10 8 2 1
H 8 0 3 10
H 12 6 1 2
V 7 5 8 2
V 4 9 2 1
V 5 0 2 20
H 6 4 1 16
H 10 8 1 2
V 9 0 6 3
H 8 2 6 4
V 10 2 2 1
V 10 8 2 1
H 11 1 1 8
H 12 6 1 2
H 6 2 1 2
V 7 3 2 7
V 8 9 2 1
V 7 4 4 1
H 7 4 2 2
H 7 0 1 12
V 1 1 14 1
H 5 0 1 2
H 14 0 1 2
H 6 9 1 4
H 5 8 2 2
H 4 1 3 18
H 5 1 2 6
V 1 2 14 1
H 10 2 1 2
V 11 5 2 1
H 12 0 2 6
V 10 6 2 1
H 7 9 1 2
H 7 4 2 6
H 9 3 1 6
V 7 0 6 6
H 12 4 1 2
V 12 0 2 1
V 5 12 2 1
V 4 3 2 11
H 4 9 1 2
H 4 8 3 2
V 4 4 2 1
H 4 0 1 20
H 13 3 1 2
V 7 8 2 1
H 10 0 3 4
V 8 7 2 1
H 12 2 1 2
V 10 4 2 1
V 7 4 4 2
V 7 3 6 1
H 7 0 1 8
V 2 1 12 2
H 7 0 5 6
V 7 2 2 1
H 7 0 1 10
H 0 0 2 16
V 1 1 8 2
H 4 1 3 14
H 6 13 1 4
H 4 0 2 18
V 5 16 2 1
V 10 0 2 5
H 11 3 1 2
H 0 1 13 2
V 10 2 4 1
V 4 8 2 5
H 4 8 1 10
V 6 2 2 1
H 4 4 1 2
V 3 2 2 1
H 4 0 3 10
H 6 0 1 16
H 0 1 2 12
V 0 1 12 1
H 10 0 1 2
V 1 1 12 2
H 3 0 1 20
H 9 1 1 2
V 2 17 2 1
V 0 1 10 1
H 8 3 1 4
H 8 0 1 4
H 7 0 2 8
H 1 0 1 20
V 0 2 4 6
V 0 5 2 1
H 1 1 3 8
H 2 1 1 2
V 0 1 12 1
H 7 0 3 4
V 9 2 2 1
H 8 1 2 6
V 9 0 2 5
H 10 3 1 2
V 7 4 2 3
H 7 2 1 6
H 3 10 1 8
H 3 1 1 12
V 5 3 2 1
V 5 11 2 1
H 4 5 1 2
V 2 1 4 5
V 0 1 12 1
H 5 0 2 8
H 5 0 1 16
V 5 14 2 1
H 5 5 1 2
H 1 1 3 16
V 1 1 6 1
H 5 6 1 2
H 4 0 3 14
V 4 11 2 2
H 4 1 1 16
H 4 8 1 8
V 8 0 2 1
V 0 16 2 1
H 0 0 1 20
H 0 2 4 2
V 0 2 10 1
V 0 2 12 1
V 9 2 2 1
V 5 0 2 13
H 4 7 3 6
H 8 1 1 2
H 2 2 1 2
V 1 1 8 2
H 8 1 1 4
H 5 9 1 2
H 5 2 2 8
V 4 12 2 1
H 5 0 1 14
V 4 2 2 1
H 5 0 2 12
H 6 1 1 6
V 4 1 6 2
V 5 6 2 5
H 6 10 1 2
H 8 2 1 2
V 1 1 8 2
H 0 0 1 2
H 0 1 4 6
H 4 1 1 2
V 0 2 10 1
H 7 1 1 4
V 6 0 2 3
H 7 0 1 4
H 6 9 1 2
V 4 11 2 1
H 0 1 3 16
V 1 1 4 3
H 1 3 1 2
V 1 2 8 1
V 1 15 2 1
V 0 5 4 15
H 3 1 1 12
V 0 1 8 1
H 4 0 1 12
V 3 3 4 3
H 6 2 1 8
H 1 2 1 2
V 1 1 6 2
V 6 2 2 1
V 4 6 2 1
V 5 2 2 6
H 4 3 2 8
H 4 0 1 10
H 6 3 1 4
V 3 2 4 3
H 6 2 1 4
V 1 2 4 1
H 1 1 3 8
H 1 3 1 2
V 1 4 6 2
V 5 7 2 1
H 6 3 1 6
V 2 2 4 4
H 2 0 2 4
V 0 3 6 1
V 5 4 2 1
H 5 2 1 6
H 0 0 2 2
V 1 1 2 19
V 2 2 2 1
V 2 9 2 10
V 1 1 4 4
V 5 6 2 1
H 4 3 1 4
V 3 5 4 1
V 4 6 2 1
H 4 2 1 8
H 1 6 3 14
V 2 1 2 1
V 2 9 2 1
H 3 1 1 12
H 4 6 2 2
H 1 4 1 2
V 0 0 2 5
V 0 17 2 1
V 0 2 4 1
H 1 0 1 8
V 1 3 2 1
V 1 3 2 12
V 1 3 4 2
H 4 3 1 2
H 2 8 1 12
V 1 18 2 1
V 2 8 2 11
H 3 4 1 4
H 0 5 4 10
H 2 5 1 2
V 0 5 2 1
V 0 9 2 1
V 1 5 6 1
H 0 0 1 4
V 0 1 2 3
V 0 5 2 3
V 1 2 2 1
H 3 10 1 8
H 4 5 1 2
H 1 1 1 8
H 0 0 1 16
V 2 12 2 4
H 3 15 1 2
V 0 6 4 9
H 2 11 1 8
V 1 7 2 1
H 0 2 2 6
V 1 4 2 13
H 0 5 3 2
V 1 5 4 1
H 1 7 1 12
H 3 4 1 2
H 0 16 1 4
V 1 5 2 1
H 0 3 2 14
H 0 2 1 18
V 0 7 2 11
H 0 2 1 10
H 0 12 4 4
V 1 6 2 9
H 2 5 1 2
H 0 4 1 14
H 1 13 1 2
V 0 14 2 2
V 1 15 2 1
H 0 7 3 6
H 1 5 1 12
H 1 9 1 4
V 1 8 2 1
H 0 12 2 4
V 0 10 4 4
H 3 12 1 2
H 0 7 1 4
H 2 7 1 4
H 0 9 3 6
H 0 4 1 12
V 0 11 4 2
H 0 7 1 10
H 0 11 2 4
V 0 8 2 4
H 0 8 1 8
V 1 9 2 5
H 2 8 1 6
H 2 9 1 2
H 1 8 2 4
H 2 8 1 2
H 0 7 1 8
V 0 10 4 1
H 0 9 3 4
H 0 13 1 2
H 0 7 1 4
H 2 10 1 2
V 2 10 2 1
V 1 10 2 2
H 0 11 2 2
V 1 11 2 1
V 0 10 2 2
H 0 10 1 4
H 0 10 1 2
H 0 11 1 2
V 0 10 2 1
H 0 9 1 2
