V 5 11 2 1
V 5 17 2 1
V 14 11 2 1
H 7 13 1 2
V 3 0 2 1
V 3 13 2 1
V 13 0 4 7
H 18 5 1 2
V 12 4 8 2
H 14 0 6 8
V 13 4 2 1
H 19 5 1 2
V 14 3 6 3
H 16 0 3 6
V 11 13 8 1
V 11 19 2 1
H 18 12 1 2
V 12 13 8 7
V 12 3 2 1
H 13 2 7 18
H 14 1 6 6
H 17 2 3 6
H 2 7 9 8
V 6 7 2 1
H 7 6 4 14
H 13 18 1 2
H 8 17 1 2
V 3 18 16 1
H 18 2 1 18
V 17 11 2 1
H 18 1 1 16
V 2 11 8 7
V 5 7 2 1
V 5 15 2 1
H 3 10 1 2
H 6 6 4 14
H 5 17 1 2
V 2 18 18 2
H 17 0 1 20
V 15 11 2 1
H 16 0 2 16
H 11 18 1 2
H 13 18 1 2
H 17 18 1 2
V 2 19 18 1
V 2 16 6 4
H 2 0 1 20
V 2 3 2 1
H 2 0 1 18
V 0 0 4 3
H 0 0 2 18
H 0 0 2 20
H 13 1 5 2
V 17 2 2 1
H 11 2 6 2
H 15 7 1 2
V 14 3 6 5
H 11 0 2 2
H 17 2 1 2
V 11 1 6 5
V 16 3 2 1
V 16 8 2 1
H 16 0 1 4
V 0 0 2 19
H 1 18 1 2
H 0 9 2 10
V 14 4 6 2
H 17 1 1 8
V 2 2 2 1
V 3 0 8 5
H 2 0 6 6
V 0 0 6 3
V 5 0 2 1
V 5 2 2 1
H 0 0 2 16
V 1 1 2 1
H 1 0 1 20
V 15 13 2 1
V 16 5 2 15
H 17 2 1 18
V 17 5 2 1
V 17 19 2 1
V 18 4 2 16
H 2 11 1 2
H 18 11 1 2
H 18 4 2 16
H 17 3 2 14
V 2 6 6 4
H 2 0 1 12
V 1 0 2 3
H 0 0 2 18
V 0 2 2 1
V 0 11 2 1
V 0 16 2 1
H 1 1 1 18
H 8 12 2 8
V 7 18 10 2
V 12 4 2 1
H 13 0 1 20
V 13 3 2 1
V 13 5 2 1
V 12 6 2 1
H 13 0 1 16
V 11 0 4 3
H 5 7 1 2
H 3 6 1 2
H 9 6 1 2
V 3 7 8 1
H 7 6 2 2
H 6 9 1 2
V 2 7 8 3
H 2 13 1 2
H 2 0 1 14
V 0 0 4 3
H 0 0 2 16
H 0 0 2 18
H 2 6 9 6
V 5 10 2 1
H 6 6 3 14
V 2 18 18 1
V 14 8 2 1
H 9 18 1 2
V 15 10 2 1
H 15 0 1 20
H 15 0 1 16
V 3 16 8 1
H 7 15 1 2
H 2 16 9 4
H 13 17 1 2
V 2 18 18 2
H 19 4 1 16
H 19 4 1 12
H 3 0 1 2
V 3 2 2 2
V 2 1 4 2
H 2 1 1 14
H 2 0 1 20
V 2 16 4 4
V 2 18 18 1
V 12 0 2 2
H 13 0 1 20
H 13 6 1 2
H 13 0 1 14
V 11 1 6 1
H 11 1 1 2
H 19 9 1 4
H 17 5 3 6
H 18 4 1 6
V 12 3 6 1
V 12 2 4 3
H 12 0 2 6
V 2 8 2 1
H 2 0 1 14
V 0 0 4 3
H 0 0 2 16
H 0 1 2 16
H 17 7 2 8
H 17 5 2 14
H 7 17 1 2
V 2 18 18 1
H 2 17 1 2
V 2 18 14 2
H 2 0 1 20
H 2 0 1 16
H 1 2 1 2
V 1 0 2 3
H 0 0 2 16
V 0 11 2 1
H 1 0 1 18
H 2 0 1 18
H 17 4 1 10
V 1 0 2 3
H 1 0 1 16
H 1 1 1 16
H 5 6 2 14
V 3 18 14 2
V 13 19 2 1
V 12 15 2 1
H 13 0 1 20
H 13 0 1 16
V 4 19 16 1
H 18 6 1 14
H 18 5 1 14
V 13 1 2 1
V 13 15 2 1
V 5 13 2 1
V 2 10 4 6
H 4 9 2 10
V 2 18 18 1
H 13 2 1 18
V 12 3 2 1
H 13 2 1 14
H 13 3 1 2
V 11 2 4 2
H 2 0 1 20
H 5 17 1 2
H 16 17 1 2
H 18 17 1 2
V 2 18 16 1
H 15 17 1 2
V 2 18 18 2
V 14 12 6 1
V 18 15 2 1
H 19 6 1 14
H 18 6 2 10
V 2 0 2 6
H 2 0 1 16
H 2 0 1 20
V 2 18 8 2
H 9 18 1 2
V 2 18 18 1
V 15 19 2 1
H 15 2 1 18
H 15 2 1 14
V 12 3 2 3
H 12 2 1 2
H 13 2 1 12
H 13 1 1 18
H 19 17 1 2
V 2 18 18 2
H 3 17 1 2
H 12 17 1 2
V 2 18 4 1
V 2 1 2 1
H 2 0 1 20
V 1 0 2 1
H 2 0 1 16
V 0 0 4 1
H 0 0 1 14
H 0 0 2 16
H 17 5 1 8
V 14 8 2 11
H 13 2 2 12
V 13 3 2 4
V 13 17 2 1
H 13 4 2 4
V 11 6 8 1
H 15 4 1 6
V 12 7 8 1
V 18 11 2 1
V 11 9 8 3
H 15 3 1 12
V 12 10 8 2
V 13 6 4 6
H 13 1 1 16
V 12 2 2 1
V 2 7 2 10
H 2 0 1 20
H 2 0 1 10
V 1 1 2 1
V 0 0 4 3
H 0 0 2 14
H 0 1 2 14
H 10 8 1 4
H 10 6 1 14
V 9 7 2 1
V 6 18 12 1
H 14 4 3 16
H 16 4 1 12
V 15 5 2 1
H 0 10 2 4
V 12 14 8 5
H 13 4 3 16
H 15 4 1 8
V 7 11 2 1
H 5 6 1 2
V 5 7 6 11
H 9 15 1 2
H 2 12 9 8
V 2 18 18 2
H 19 8 1 12
H 19 8 1 8
H 16 8 1 2
V 2 0 2 2
H 2 0 1 16
V 1 0 2 1
H 2 0 1 20
V 2 6 4 14
H 11 13 1 6
V 5 11 2 1
V 2 18 18 1
V 12 9 6 1
H 13 2 1 18
V 13 15 2 1
H 13 2 1 14
H 0 0 2 8
H 2 1 1 2
V 0 0 4 2
H 2 0 1 16
V 2 9 2 1
H 2 0 1 20
V 2 6 6 13
V 2 18 18 1
V 14 13 2 1
H 13 4 2 16
V 14 15 2 1
H 14 3 1 14
H 13 3 1 2
V 12 4 2 1
V 12 15 2 1
V 14 7 2 1
V 15 7 2 11
H 15 5 1 4
H 14 4 1 14
V 11 7 6 5
V 16 14 2 1
H 14 6 3 10
H 1 12 1 2
H 8 18 1 2
H 2 10 1 2
H 6 7 1 2
H 2 11 9 8
V 4 18 10 1
H 13 3 1 16
H 13 3 1 10
V 11 5 4 1
V 2 2 8 4
V 2 1 2 1
V 2 7 2 1
H 2 3 1 10
H 2 0 1 20
V 2 1 2 1
V 2 4 2 1
H 6 17 1 2
H 12 17 1 2
H 8 15 1 4
V 2 18 14 1
V 2 18 18 1
H 15 8 4 12
H 17 8 2 8
H 17 7 1 2
H 1 7 1 6
H 0 0 2 12
V 1 1 2 1
H 1 0 1 6
V 1 0 2 3
V 0 2 2 1
V 0 10 2 1
H 2 0 1 16
H 2 0 1 20
H 7 17 1 2
H 18 17 1 2
V 2 18 16 1
H 6 18 1 2
V 2 18 18 1
H 5 14 1 2
H 18 14 1 2
H 17 10 3 10
H 19 9 1 8
H 13 5 2 6
H 17 8 1 2
V 17 9 2 11
H 13 9 6 6
V 14 10 6 4
H 15 6 1 8
V 13 16 2 1
V 12 8 4 11
H 11 8 6 4
V 12 10 8 2
V 11 9 4 1
V 12 6 2 1
H 13 4 1 10
H 16 7 1 2
V 3 19 2 1
H 7 2 1 2
V 2 3 8 1
V 2 3 6 1
H 2 0 1 10
H 2 0 1 20
H 3 18 1 2
V 2 18 12 1
V 2 18 18 2
H 15 8 3 12
H 15 8 3 8
H 19 11 1 2
V 5 7 2 1
V 5 16 2 1
V 2 15 4 5
H 5 17 1 2
H 11 17 1 2
V 2 18 18 2
V 8 18 6 1
H 11 6 3 14
H 13 5 1 14
V 8 13 2 1
V 2 19 18 1
H 2 0 1 20
H 2 0 1 18
V 4 0 2 1
V 2 0 6 2
H 4 1 1 2
V 1 0 10 1
V 3 3 8 3
H 10 2 1 2
V 2 3 8 3
H 2 4 1 6
V 2 10 2 1
V 2 15 2 1
V 1 2 2 1
H 2 0 1 20
V 2 17 2 1
V 2 9 8 10
V 2 18 18 2
V 15 19 2 1
H 11 8 5 12
H 13 7 3 10
H 0 0 2 10
V 0 0 4 3
H 2 0 1 16
V 2 16 2 1
H 2 0 1 20
V 2 18 14 1
V 2 18 18 2
V 18 19 2 1
H 18 10 1 10
V 17 12 2 1
H 18 10 1 6
V 8 0 2 6
V 8 19 2 1
H 5 0 5 6
H 9 0 1 2
V 0 0 6 3
V 1 1 2 1
H 1 0 1 10
V 0 6 2 1
H 1 1 1 10
V 11 16 8 4
V 15 9 2 1
H 14 8 2 12
H 14 8 2 10
V 15 14 2 1
V 2 1 4 5
H 2 3 1 8
H 2 0 1 20
V 2 14 4 6
H 5 18 1 2
V 2 18 18 1
H 13 6 1 14
V 13 14 2 1
H 12 6 2 10
H 5 0 1 2
V 9 3 2 1
V 2 1 8 3
V 9 2 2 1
H 2 2 1 12
H 2 0 1 20
V 11 18 6 1
V 2 18 14 2
H 4 18 1 2
V 2 18 18 1
H 18 11 1 8
H 5 10 1 2
H 13 10 1 2
H 12 11 7 6
H 10 1 1 2
H 14 13 6 4
V 13 10 4 4
H 11 8 4 4
V 18 15 2 1
H 2 0 7 6
H 7 0 1 4
V 0 0 8 2
H 0 0 2 8
V 0 3 2 1
H 0 1 1 8
H 8 6 1 14
H 13 17 1 2
V 7 18 8 1
V 12 8 2 1
H 11 6 2 14
V 12 12 2 1
H 11 6 2 10
H 18 12 1 2
V 11 14 4 4
H 14 16 1 2
H 11 14 5 6
V 2 18 18 1
H 2 0 1 20
H 2 2 1 12
H 3 4 1 2
H 7 4 1 2
H 1 1 1 2
H 7 1 1 2
V 2 2 6 3
V 1 2 10 1
H 2 0 1 2
V 3 0 2 1
V 0 0 4 1
H 2 0 1 16
V 2 2 2 1
H 2 0 1 20
H 4 17 1 2
V 2 18 12 1
V 2 18 18 2
V 16 11 2 1
H 17 11 1 8
H 17 16 1 4
H 17 11 1 6
H 14 9 1 2
H 2 0 6 6
V 3 1 6 1
H 12 9 1 10
H 16 15 1 2
H 19 15 1 2
V 11 14 6 2
V 12 14 8 1
V 8 2 2 1
V 2 13 2 1
V 2 11 8 8
V 2 6 2 7
H 2 0 1 16
H 6 3 1 2
V 2 3 8 1
H 3 2 1 2
V 3 3 8 3
V 3 14 8 2
V 3 13 2 1
V 2 6 4 12
H 2 0 1 20
V 2 8 2 1
H 2 0 1 10
V 1 0 2 3
H 1 0 1 8
H 1 1 1 8
H 7 0 1 2
V 0 0 4 3
H 2 1 1 12
H 2 0 1 20
V 3 10 2 1
V 2 6 2 14
V 2 18 18 1
H 12 7 1 12
H 12 7 1 10
H 1 0 1 8
H 1 0 1 6
V 1 0 2 3
H 2 0 1 16
H 2 0 1 20
V 2 18 18 1
H 11 6 1 14
H 11 6 1 10
V 4 1 4 1
H 11 10 4 6
H 13 11 3 4
V 8 3 2 1
H 2 2 7 2
V 4 3 6 2
H 2 0 1 18
V 2 0 2 6
V 2 11 2 1
V 1 0 6 3
V 6 2 2 1
V 9 5 2 1
H 12 12 1 2
H 11 11 4 2
V 14 12 2 1
H 1 1 1 6
V 13 14 4 2
H 15 13 2 4
H 11 9 1 4
V 11 10 2 2
H 13 11 1 8
V 11 11 4 4
H 5 0 1 6
H 7 4 1 2
H 9 4 1 2
V 4 0 2 1
V 4 2 2 1
V 2 4 8 1
H 3 0 1 6
H 5 1 1 2
V 0 2 6 1
H 0 0 2 6
V 9 18 6 2
H 11 12 4 8
V 12 14 6 1
H 6 8 1 2
V 2 9 6 1
H 2 1 1 12
V 2 3 6 1
V 3 3 6 2
V 0 0 4 2
V 2 2 2 1
H 2 0 1 14
H 2 0 1 20
V 2 17 4 3
H 3 17 1 2
H 9 17 1 2
H 19 17 1 2
V 2 18 18 1
H 12 10 2 10
H 13 10 1 6
H 0 0 2 4
V 12 16 2 1
V 13 14 4 6
H 13 12 2 6
V 0 2 2 2
H 1 2 1 4
V 1 1 4 2
H 2 1 3 4
V 4 2 2 1
V 2 3 6 2
H 12 10 1 2
V 7 13 2 1
H 8 10 3 10
V 2 18 18 2
V 5 2 2 1
V 2 18 18 1
V 2 13 2 1
H 2 0 1 20
H 2 4 1 8
V 2 4 6 2
V 3 4 6 2
V 11 13 2 7
H 11 11 2 4
H 11 17 8 2
V 16 18 4 1
V 2 3 2 1
V 2 6 2 14
H 2 2 1 10
V 0 2 6 1
V 5 14 6 6
H 3 17 1 2
V 3 18 16 2
V 2 7 8 6
V 2 8 2 1
H 2 1 1 10
V 2 3 4 3
V 3 3 4 2
H 11 10 1 2
H 10 6 1 10
H 2 6 9 14
H 11 17 1 2
V 9 18 8 2
H 11 14 4 6
H 14 16 1 2
H 13 15 1 4
H 13 13 2 4
V 2 11 8 7
V 2 8 2 12
H 2 3 1 16
H 2 18 1 2
V 2 3 4 3
H 7 4 1 2
V 2 4 6 1
V 7 14 2 1
V 7 18 2 1
H 2 9 1 2
H 2 10 6 10
V 4 18 14 1
H 13 12 1 8
H 13 12 1 4
V 2 18 14 1
V 1 2 2 1
H 2 0 1 20
V 2 4 2 1
H 2 1 1 14
V 1 1 4 2
H 14 16 3 4
H 10 18 1 2
H 12 18 1 2
V 2 18 16 1
V 2 17 8 2
H 2 0 1 20
H 2 0 1 16
V 1 0 2 1
H 6 4 1 2
V 12 13 2 1
V 3 2 2 4
H 3 1 1 4
H 16 16 1 2
V 11 16 6 1
H 12 12 1 8
H 12 12 1 2
V 13 19 2 1
H 12 16 3 4
H 16 18 1 2
V 12 17 6 2
V 8 18 6 2
V 11 15 2 1
H 12 14 2 6
V 12 15 4 3
V 2 10 8 3
V 5 12 2 1
H 2 0 1 20
H 2 2 1 6
V 2 5 2 1
H 2 3 1 8
H 2 2 1 18
V 2 18 2 2
V 2 18 16 1
H 11 11 1 8
H 11 11 1 6
V 17 18 2 1
V 12 14 2 1
H 2 1 1 4
V 2 3 2 1
H 2 2 1 8
V 2 2 2 1
H 11 12 1 2
V 14 18 2 1
V 11 17 4 2
V 11 17 6 2
H 3 7 7 12
H 6 18 1 2
H 3 17 1 2
V 2 18 16 1
V 2 11 8 2
V 2 12 2 2
H 2 4 1 14
V 2 5 4 1
V 3 5 4 1
V 12 17 4 2
H 11 15 3 4
H 14 16 1 4
V 11 16 4 3
V 12 17 4 2
H 13 17 1 2
V 3 18 14 1
H 8 9 1 2
V 2 10 8 3
H 2 2 1 16
H 8 8 2 12
V 4 18 12 2
V 14 18 2 1
H 2 4 2 2
V 3 5 2 1
V 3 7 8 1
H 2 4 1 14
H 3 8 1 2
V 2 6 4 3
H 2 4 1 4
V 2 4 2 2
H 2 7 1 2
H 2 4 1 12
H 2 4 1 16
V 2 19 12 1
H 4 18 1 2
V 3 19 12 1
H 13 18 1 2
H 12 16 1 2
H 11 15 1 4
V 8 13 2 1
V 7 6 2 8
H 7 8 4 12
H 7 17 1 2
H 9 17 1 2
H 8 13 1 2
V 3 18 12 1
H 2 4 1 2
V 7 15 2 1
V 5 6 2 1
V 6 6 2 14
H 8 14 1 6
V 3 18 10 2
V 9 18 4 1
H 11 16 1 4
H 9 10 1 2
H 2 11 9 2
H 2 6 2 14
V 4 15 2 1
H 5 7 4 12
H 6 17 1 2
V 2 18 12 1
H 12 17 1 2
V 6 17 2 1
H 2 6 2 12
H 2 6 1 2
H 10 8 1 12
H 11 18 1 2
V 9 18 4 1
H 2 7 1 12
H 9 6 2 12
H 9 6 1 14
V 8 18 4 2
V 9 17 2 3
H 2 15 1 2
H 6 15 2 2
H 6 17 1 2
H 4 16 7 4
H 4 10 1 10
V 4 9 4 10
V 5 15 6 3
H 10 17 1 2
H 2 8 1 8
H 5 11 1 2
V 8 8 2 1
H 2 8 7 4
V 3 8 8 1
H 4 6 3 4
H 5 11 1 6
V 2 12 8 1
V 2 9 6 4
H 2 9 1 8
H 10 6 1 12
H 10 6 1 10
V 2 10 2 1
V 3 8 4 5
H 4 8 2 8
H 5 6 1 14
H 7 14 1 2
H 5 12 6 6
H 6 16 2 4
V 5 18 2 1
V 3 8 8 3
H 3 8 4 4
V 4 7 2 8
H 5 6 1 6
H 9 7 1 12
H 9 6 1 12
V 3 15 2 1
H 10 8 1 2
V 7 9 2 10
V 6 18 2 1
H 6 14 4 4
H 10 13 1 4
H 2 10 1 4
H 2 10 1 2
V 6 6 2 12
V 7 6 2 5
V 7 18 2 1
H 8 6 1 2
H 5 8 1 10
V 3 9 8 1
V 3 12 8 1
H 7 7 3 4
H 9 12 1 2
V 4 12 2 4
H 4 8 1 8
V 5 8 2 9
V 4 12 2 1
H 5 7 2 10
H 5 7 2 8
H 3 13 1 2
H 4 9 1 2
H 9 9 1 2
V 3 13 2 1
H 4 13 4 2
V 2 12 4 2
V 6 8 2 7
H 7 6 1 4
V 5 14 6 2
H 5 13 1 4
V 8 9 2 8
V 9 11 2 1
H 7 12 2 6
H 7 13 1 6
V 5 12 2 3
V 6 13 2 1
V 6 17 2 1
H 6 8 1 10
H 9 10 1 6
V 5 12 6 1
H 10 9 1 6
V 3 12 4 2
H 7 7 1 4
V 7 8 2 1
H 8 13 1 4
V 3 11 8 1
H 7 8 1 4
V 5 10 6 1
H 5 9 5 4
H 5 12 1 2
V 7 15 2 1
H 8 10 2 6
V 9 11 2 4
V 3 11 2 2
H 3 11 1 2
V 5 11 2 1
H 10 12 1 2
V 4 12 2 2
H 5 11 1 4
H 6 11 2 2
H 6 9 1 8
V 6 11 2 5
V 7 13 2 1
H 7 13 1 4
V 6 11 2 4
H 8 9 1 2
V 6 10 4 4
H 9 10 1 2
V 6 11 2 4
V 3 12 6 1
H 6 12 2 4
V 6 11 2 2
H 7 8 1 6
V 6 14 4 1
V 7 9 2 1
V 8 13 2 1
H 6 13 2 2
V 5 13 2 1
H 7 11 1 2
H 6 10 2 4
H 6 10 1 2
V 6 11 4 1
H 6 11 3 2
V 4 12 6 1
V 5 11 2 1
V 7 12 2 1
V 6 12 4 1
H 7 10 1 6
V 8 12 2 1
H 6 12 2 2
H 6 11 2 2
V 7 12 2 1
