H 3 8 1 2
H 1 10 1 6
V 15 16 2 1
V 4 2 2 1
V 8 12 2 1
H 4 13 2 2
V 6 1 2 1
V 5 5 2 1
H 10 1 1 2
H 0 7 1 2
V 1 14 8 4
V 0 15 8 3
V 2 8 2 1
V 2 16 2 1
H 0 7 3 12
H 3 11 1 2
H 8 11 1 2
V 0 7 8 5
V 0 8 10 4
H 10 0 1 2
H 9 1 2 12
V 0 3 20 1
V 16 1 2 1
H 17 0 3 6
V 15 0 4 12
V 16 7 4 1
H 13 0 6 12
V 17 0 2 1
H 18 0 1 4
V 0 0 18 4
H 11 1 1 2
V 0 0 14 2
H 9 15 1 2
H 18 15 2 2
H 12 13 8 6
H 4 16 1 2
V 0 16 20 1
H 15 18 1 2
V 0 16 16 3
V 2 12 2 1
H 0 7 3 12
H 0 7 1 6
H 1 7 1 2
H 10 6 1 2
V 0 7 18 1
H 15 4 1 4
H 0 7 1 2
H 3 7 1 2
H 5 7 2 2
V 0 7 20 1
V 14 1 6 1
H 18 1 2 12
V 16 2 2 1
V 16 4 2 1
V 18 10 2 1
V 17 2 2 11
V 18 5 2 1
H 2 0 16 4
H 4 3 1 2
H 6 10 1 2
V 4 11 6 2
V 8 2 2 1
V 8 8 2 1
H 9 1 1 12
H 4 4 1 2
H 8 4 1 2
H 14 4 1 2
V 0 5 20 2
H 14 2 6 8
H 15 9 1 2
H 18 6 1 2
V 6 3 14 4
H 12 5 1 2
H 13 7 1 2
H 11 4 9 4
H 17 3 3 10
V 0 13 8 3
V 0 13 2 1
V 0 16 2 1
H 0 8 1 12
V 0 7 8 5
V 5 8 2 1
V 1 8 10 2
H 9 1 2 12
H 8 2 1 2
H 14 2 1 2
V 0 3 16 1
H 1 0 2 6
V 6 7 4 4
V 9 7 2 1
H 2 7 8 6
H 16 6 1 2
V 0 7 20 1
H 18 1 1 12
V 2 4 2 1
V 1 1 4 6
H 13 11 1 2
V 15 11 2 1
H 4 1 1 2
H 16 1 1 2
V 13 2 6 10
V 18 3 2 1
H 14 2 5 4
V 17 8 2 5
H 17 9 2 4
V 18 3 2 9
H 19 3 1 2
V 0 2 18 2
H 0 8 1 2
H 0 7 11 4
V 0 7 18 1
V 17 9 2 1
V 17 11 2 1
H 17 1 1 12
V 15 3 4 6
V 12 6 2 1
H 13 0 4 12
H 12 0 5 4
H 19 9 1 2
V 18 7 2 3
H 18 3 1 8
V 2 4 2 1
H 3 0 2 6
H 14 6 1 6
H 11 4 8 6
V 16 11 2 1
H 17 5 1 8
V 11 1 6 1
V 5 0 8 3
H 4 0 12 2
H 15 0 1 2
V 3 1 14 1
V 11 6 2 1
H 12 0 2 12
H 4 5 1 2
V 0 5 20 1
H 5 5 1 2
H 2 3 11 4
V 0 3 4 1
V 0 5 4 2
H 5 4 1 2
V 1 3 12 2
V 0 4 2 1
H 2 1 12 4
V 0 16 12 4
V 5 17 2 1
V 0 18 2 1
H 0 7 1 2
H 0 8 1 12
H 0 7 3 12
V 2 16 2 1
V 0 7 18 1
H 9 2 2 6
H 1 3 1 2
H 11 3 1 2
V 0 4 20 1
V 9 13 10 6
H 10 13 8 4
H 2 16 1 2
V 0 16 18 1
H 6 16 1 2
H 2 8 1 12
V 2 11 2 1
H 2 12 1 2
V 0 10 6 3
H 1 7 6 6
V 0 7 20 1
H 12 6 5 6
V 15 9 2 1
V 12 5 8 1
V 12 7 8 4
H 1 3 6 4
V 16 11 2 1
H 9 0 1 2
H 5 1 9 4
H 14 4 1 2
V 9 4 10 1
V 4 7 6 6
V 10 2 2 1
H 9 0 2 12
H 10 0 1 2
V 14 6 4 1
V 3 1 12 2
H 3 1 1 2
H 16 3 1 6
H 11 7 1 2
V 2 7 18 1
H 16 2 1 10
V 1 4 6 3
V 0 6 18 1
H 11 5 4 8
H 13 10 1 2
V 14 8 2 1
V 11 6 8 5
V 2 9 2 1
H 0 7 3 12
H 0 7 4 6
H 10 7 1 2
V 0 7 18 1
H 9 1 1 10
V 8 6 2 1
V 2 2 14 5
H 1 15 1 2
H 10 15 1 2
V 0 16 10 4
H 0 7 2 12
H 3 8 1 2
V 0 9 8 4
V 5 11 2 1
V 1 7 10 6
V 9 11 2 1
H 9 1 1 12
V 8 5 2 1
H 9 0 1 8
H 9 7 1 2
V 4 0 10 4
H 10 11 1 2
H 8 4 1 2
H 2 7 1 12
V 2 8 4 5
V 0 10 10 1
V 9 2 2 1
H 9 0 1 12
H 8 1 1 6
V 0 4 18 1
H 11 3 1 2
V 0 13 6 7
H 0 7 1 12
H 8 10 2 2
V 0 10 10 1
V 2 8 2 1
H 3 7 4 6
V 0 7 20 1
H 14 1 2 12
V 13 7 2 1
V 13 13 2 1
V 14 2 2 11
V 7 4 8 1
V 13 5 2 1
H 14 2 2 4
H 15 5 1 2
V 3 5 2 1
V 0 5 4 1
H 2 3 7 4
V 14 10 2 1
H 15 3 1 10
V 15 3 2 1
H 15 4 1 8
V 1 7 18 1
H 17 5 2 4
H 1 8 2 12
V 2 14 2 1
V 0 7 2 1
H 1 7 2 8
H 0 7 1 2
V 0 7 16 1
V 8 5 2 1
V 8 8 2 1
H 9 4 2 6
V 1 4 16 2
H 8 3 1 2
V 0 16 18 4
H 0 8 2 12
V 0 13 2 1
H 0 7 1 10
H 16 6 1 2
H 3 7 1 2
V 0 7 18 1
V 0 7 20 1
H 18 7 2 2
H 14 17 1 2
H 9 14 9 4
V 0 17 20 1
V 2 9 2 1
H 2 8 1 12
H 2 7 1 8
V 0 7 14 1
V 3 2 10 1
H 9 1 1 10
V 3 2 12 1
H 5 16 1 2
V 0 17 18 3
H 11 16 1 2
H 0 8 1 12
V 0 9 8 3
V 0 11 10 1
V 9 10 2 1
H 9 1 1 12
H 14 4 1 2
V 0 5 18 1
V 0 16 18 4
V 7 13 2 1
V 0 13 8 7
H 1 7 1 2
H 0 8 2 12
V 0 10 6 1
H 2 7 3 6
V 9 7 2 1
V 0 7 20 1
V 13 10 2 1
H 12 0 2 12
H 13 0 1 2
V 18 7 2 1
H 17 13 1 6
V 0 16 18 1
V 0 16 16 4
V 1 18 2 1
H 0 7 2 12
H 0 7 4 6
H 12 6 2 2
V 0 7 16 1
H 6 7 1 4
V 0 7 18 1
H 13 5 5 6
H 6 1 5 4
V 3 3 8 2
V 3 5 14 2
H 14 4 3 4
H 5 1 3 6
V 4 2 2 1
H 11 1 1 12
H 8 0 1 2
H 11 0 1 2
V 11 0 2 1
V 11 3 2 1
V 11 7 2 1
V 11 14 2 1
V 10 1 4 7
H 13 1 1 10
H 14 5 4 4
H 12 6 1 2
V 0 6 18 1
V 0 6 16 1
H 0 8 1 12
H 0 7 1 12
V 0 7 16 1
V 0 7 18 1
H 17 6 1 4
H 17 7 1 2
V 10 0 2 1
V 5 1 2 1
V 9 0 2 1
V 0 18 20 1
H 8 18 2 2
H 19 18 1 2
V 0 18 10 1
H 0 8 1 12
H 5 10 1 2
V 0 11 8 2
H 2 12 1 2
V 1 12 10 1
H 9 1 1 12
H 14 5 1 2
V 1 6 18 1
V 0 19 18 1
V 0 16 16 4
H 0 8 3 12
V 2 12 2 1
H 0 7 1 12
V 0 7 18 1
V 8 9 2 1
H 9 0 1 12
V 6 1 6 1
H 6 0 1 2
H 13 3 1 10
V 3 7 16 1
H 11 6 1 2
H 17 6 1 2
V 1 6 16 1
H 7 1 4 6
H 7 0 3 6
H 12 7 1 2
V 1 7 16 1
H 5 7 1 2
V 1 7 18 1
V 14 15 2 1
H 0 7 2 12
V 0 10 8 3
V 0 10 10 2
H 9 0 1 12
V 3 5 14 2
V 6 1 2 2
H 9 4 1 2
H 16 18 1 2
V 0 18 20 1
V 0 15 6 5
H 0 8 3 12
V 0 7 8 6
V 1 12 10 1
V 8 4 2 1
H 9 1 1 12
H 4 5 1 2
H 10 5 1 2
V 1 6 16 1
V 13 3 2 1
H 15 15 1 2
V 1 16 18 1
V 0 16 16 3
H 0 8 2 12
V 0 8 8 3
V 1 10 10 1
H 7 9 1 2
H 9 0 1 12
V 3 4 12 1
V 0 19 16 1
V 0 19 12 1
H 0 8 1 12
H 0 7 3 12
H 14 7 1 2
V 0 7 18 1
V 8 5 2 1
V 8 12 2 1
H 9 1 1 12
V 7 1 6 6
H 18 15 1 2
V 9 16 2 1
V 9 19 2 1
V 1 16 18 1
V 0 16 18 1
H 0 8 1 12
H 1 10 1 2
H 7 10 1 2
H 9 10 1 2
V 0 10 10 1
V 12 5 4 1
V 7 11 2 1
H 3 7 5 6
H 14 4 1 6
V 0 7 18 1
V 11 7 2 1
H 12 4 3 8
V 11 8 2 1
V 2 6 8 1
H 7 1 4 2
V 7 2 6 5
V 11 6 4 3
H 13 3 1 2
V 12 8 2 1
H 12 4 3 4
V 5 7 12 1
H 10 6 1 2
H 12 5 4 4
V 8 7 2 1
V 9 1 2 10
H 9 11 1 2
H 9 0 1 12
H 7 2 1 2
V 6 3 4 4
H 7 1 1 6
V 8 0 2 1
H 1 17 1 2
V 0 18 10 2
H 0 8 3 12
V 2 8 2 1
V 1 11 2 1
H 0 7 2 10
H 1 7 1 2
H 6 7 1 2
V 0 7 14 1
V 0 7 18 1
H 16 7 1 2
H 4 4 1 2
H 16 13 3 6
V 1 16 18 1
V 0 16 18 1
H 0 8 1 12
V 0 9 8 2
V 1 8 10 3
V 8 8 2 1
H 9 3 2 8
V 3 6 14 1
V 9 3 2 1
H 10 6 1 2
V 10 2 2 5
H 10 1 1 8
V 3 6 12 1
H 9 0 1 6
V 7 3 6 4
H 12 6 1 2
H 11 4 3 6
V 11 7 6 1
V 0 7 16 1
H 1 7 10 2
H 15 7 1 2
V 4 5 2 1
V 8 1 2 1
H 10 6 1 2
V 6 7 6 1
H 11 7 4 2
H 11 5 1 8
H 6 3 1 2
V 4 11 6 2
H 9 5 1 4
V 9 3 2 1
V 9 12 2 1
H 9 1 1 12
H 11 5 1 2
V 5 5 10 1
V 12 5 2 1
V 5 4 2 1
V 7 7 2 1
V 7 19 2 1
H 8 7 2 2
V 4 7 12 1
H 13 6 2 2
H 8 2 1 2
V 9 2 2 1
V 0 17 20 1
V 2 16 10 3
H 0 7 3 12
H 0 7 3 8
V 0 7 14 1
H 9 4 2 4
V 5 5 8 1
V 8 3 2 4
V 8 7 2 1
H 9 2 1 2
V 7 5 2 1
H 8 3 1 2
H 11 6 1 2
V 9 6 2 1
V 8 4 4 3
V 13 7 2 1
H 13 7 1 2
H 9 9 1 2
V 10 5 2 3
H 11 5 1 6
H 5 17 1 2
H 19 17 1 2
H 7 4 4 2
V 7 5 6 1
H 9 4 1 4
V 6 5 6 1
V 0 13 6 4
H 0 7 3 12
H 0 7 9 6
H 4 7 1 2
V 8 4 2 1
V 8 12 2 1
V 0 7 12 1
V 0 7 14 1
H 13 6 1 2
H 2 17 1 2
H 5 16 1 2
V 2 17 16 1
H 0 8 3 12
H 1 7 2 8
H 1 7 1 2
H 3 7 1 2
V 0 7 14 1
H 9 6 3 2
V 5 6 8 1
V 2 19 2 1
V 1 7 2 13
H 1 7 1 2
V 0 7 14 1
H 9 3 1 6
H 9 3 1 2
V 18 13 2 1
V 0 19 16 1
V 0 19 14 1
V 0 15 2 1
H 0 8 1 12
H 0 7 1 12
H 5 9 1 2
V 0 7 6 3
H 0 7 1 2
V 0 7 12 1
H 9 5 2 4
V 8 5 4 2
H 10 5 1 2
V 7 6 4 1
H 10 7 1 2
V 7 7 6 1
H 11 6 1 2
V 10 13 4 5
V 9 13 10 1
H 2 13 7 6
H 3 16 1 2
H 17 15 1 2
V 2 16 16 1
H 3 15 1 2
H 14 13 2 4
V 10 14 10 2
V 2 16 2 1
H 2 7 1 12
H 7 8 1 4
V 0 7 8 4
V 1 7 12 1
H 15 15 1 2
V 9 14 8 2
H 9 15 10 2
V 17 16 2 1
V 0 16 18 1
H 0 7 3 12
H 1 9 1 2
H 1 11 1 2
H 9 11 1 2
V 0 10 6 2
H 3 7 4 6
V 0 7 12 1
H 9 5 2 4
H 9 4 1 2
H 17 13 1 4
V 4 9 2 2
V 3 8 2 1
H 4 7 2 4
V 0 7 12 1
V 13 15 2 4
V 16 14 2 1
H 12 14 5 6
V 10 15 10 1
H 0 8 2 12
V 1 7 6 2
V 1 7 10 2
H 9 5 1 4
H 9 5 1 2
H 2 13 1 2
H 16 13 1 2
H 14 14 1 6
V 13 14 4 5
H 15 18 1 2
H 15 14 1 2
V 9 15 8 1
H 11 13 2 6
V 6 18 14 1
H 5 18 7 2
H 19 18 1 2
H 0 15 3 2
H 12 16 1 2
V 0 16 18 1
H 16 15 1 4
V 1 16 18 2
V 5 12 2 1
H 14 15 1 2
H 13 16 2 4
V 11 17 8 1
H 8 17 1 2
V 3 18 16 1
H 18 18 1 2
V 1 16 14 3
H 5 15 1 2
V 0 16 18 1
H 0 9 1 10
H 17 17 1 2
V 0 18 18 1
H 7 16 1 4
V 0 18 20 1
V 9 14 6 6
H 10 14 1 2
H 9 13 3 4
H 13 16 1 2
H 6 15 1 4
V 0 16 16 1
H 0 7 2 12
H 4 9 1 2
V 0 10 6 1
V 4 8 2 1
H 4 7 1 6
V 1 7 8 2
H 12 16 1 2
V 9 15 4 2
V 10 15 6 1
H 5 11 1 2
V 1 12 10 1
V 0 9 6 1
H 5 7 1 6
H 0 8 7 2
V 3 8 6 1
H 7 8 1 2
V 11 16 6 3
V 12 13 2 2
H 13 18 1 2
H 13 13 1 6
H 8 15 1 4
V 1 17 10 2
H 2 15 7 4
V 1 16 16 1
V 0 19 10 1
V 1 16 2 1
H 0 8 2 12
H 0 9 2 6
V 1 14 2 1
V 0 10 10 1
H 7 9 1 2
V 1 10 10 1
H 14 15 1 2
H 5 9 2 2
H 4 10 1 2
V 4 10 6 1
H 6 10 1 2
H 8 10 1 2
V 14 16 2 3
V 11 17 4 2
H 14 16 2 2
H 6 18 1 2
H 0 17 14 2
H 9 17 1 2
V 5 18 12 1
H 5 17 1 2
V 0 18 16 1
H 14 17 1 2
V 12 18 2 1
V 3 16 4 4
V 1 17 14 1
H 10 15 3 4
V 0 13 8 2
V 0 9 2 1
H 1 8 1 10
V 1 12 2 1
V 0 9 4 1
V 3 10 2 1
V 1 9 6 3
H 5 9 1 2
V 13 17 2 1
V 6 11 2 2
H 6 10 1 2
H 1 11 1 2
H 7 11 1 2
V 0 13 8 2
V 2 8 2 1
H 0 8 3 8
V 2 10 2 1
V 0 10 6 3
H 1 9 1 2
H 0 7 4 6
V 0 17 14 1
H 10 14 1 6
V 10 15 2 1
V 7 17 2 1
V 0 15 8 3
H 6 14 2 4
H 3 17 1 2
V 0 17 14 1
V 1 7 2 9
V 1 9 4 1
H 4 11 2 2
V 4 12 4 1
V 3 11 2 1
V 3 13 2 1
V 1 13 6 4
V 1 13 8 1
H 0 16 8 2
V 1 17 12 1
V 7 16 4 2
H 9 14 1 6
H 10 17 1 2
V 0 17 12 1
H 11 16 1 2
H 6 16 4 4
V 1 19 14 1
H 0 9 3 4
V 2 16 2 1
H 0 9 3 10
V 2 16 6 4
H 5 17 1 2
V 0 16 12 2
V 2 9 2 1
V 8 16 2 4
H 8 14 1 6
V 12 19 2 1
V 8 18 2 1
V 9 18 4 2
V 9 19 2 1
H 10 16 1 4
V 0 14 8 1
H 7 13 1 2
H 0 8 1 12
H 0 18 1 2
H 0 7 1 12
V 0 7 2 1
V 0 10 2 5
V 0 10 4 1
V 7 19 6 1
V 5 17 2 1
V 1 16 2 1
V 2 16 8 3
H 8 16 2 4
H 8 16 1 2
H 0 8 1 2
V 4 12 2 1
V 1 12 4 1
H 0 12 3 2
V 3 15 2 1
V 2 13 2 4
V 6 14 2 1
V 1 13 6 2
H 3 13 3 4
V 1 15 8 1
V 1 17 8 3
H 5 13 1 2
H 0 17 1 2
H 2 17 1 2
V 0 18 12 2
V 7 17 2 3
H 3 15 5 4
V 0 12 2 8
H 1 9 1 6
V 2 15 2 1
V 1 10 2 9
H 2 12 1 2
H 0 11 3 2
V 1 12 4 1
V 4 14 2 1
H 5 14 2 4
V 2 17 8 1
V 2 15 4 4
V 1 12 2 1
V 1 17 2 1
H 2 10 1 10
H 0 16 7 4
V 0 19 12 1
V 2 14 2 6
H 0 11 3 6
V 4 17 2 1
V 3 13 2 7
V 1 16 2 1
H 2 13 3 6
H 5 16 1 2
V 0 17 2 1
V 1 17 8 3
H 5 14 1 2
H 4 15 1 2
V 2 15 2 1
H 0 10 2 10
H 0 9 1 10
V 1 12 2 5
H 2 12 1 4
H 8 18 1 2
V 2 19 8 1
V 5 16 2 1
H 8 18 1 2
H 1 12 1 2
V 2 14 2 1
H 0 13 3 4
H 2 17 4 2
V 0 18 8 1
H 2 16 1 2
V 0 17 6 3
H 0 12 2 8
H 0 13 1 2
V 0 14 4 1
V 0 12 2 8
V 1 15 2 1
H 0 11 1 4
H 1 15 1 2
V 1 16 4 3
V 1 15 2 4
H 0 12 2 8
V 1 15 2 1
V 1 18 6 2
V 0 17 2 3
H 0 13 1 2
H 0 14 1 6
H 0 13 1 2
H 3 18 2 2
H 4 17 1 2
V 1 16 2 2
H 2 16 1 2
V 2 18 2 1
H 2 17 1 2
V 4 19 2 1
V 1 18 4 2
V 4 19 2 1
V 0 18 2 2
V 0 18 4 1
H 0 16 1 4
H 0 15 1 2
V 0 15 2 1
V 1 19 2 1
V 0 19 2 1
