V 15 12 2 1
V 17 4 2 1
H 15 16 1 2
V 4 4 12 13
H 6 16 1 2
H 15 0 1 8
V 0 0 20 2
V 13 16 4 1
V 0 0 10 2
H 17 2 1 14
V 9 16 8 1
V 9 8 10 9
V 16 10 2 1
V 14 5 2 1
H 15 0 2 20
V 1 0 18 2
V 1 0 10 2
V 14 7 2 12
H 15 0 1 20
V 2 0 18 2
V 2 0 8 2
H 1 2 1 18
V 1 2 8 9
H 5 8 1 2
V 0 6 20 3
H 15 1 5 12
V 0 1 20 1
H 4 0 1 2
V 0 1 10 1
H 15 0 2 6
V 1 1 18 1
V 1 1 10 1
V 3 2 4 4
V 0 2 20 6
H 15 0 1 6
V 4 0 16 1
V 6 1 2 1
V 3 0 8 2
V 2 11 4 9
V 0 15 20 1
V 14 2 2 1
V 14 16 2 1
H 15 0 1 20
H 15 0 5 8
V 2 1 18 1
V 2 1 8 1
V 4 0 2 1
V 4 9 2 1
V 0 3 8 5
H 3 2 1 12
V 0 2 20 4
H 16 2 1 4
H 15 1 3 6
V 3 1 16 1
V 3 1 8 1
V 0 9 10 1
H 15 8 1 2
H 14 6 1 4
V 0 9 20 1
H 15 0 2 16
V 4 1 16 1
V 4 1 6 1
V 5 16 2 2
V 4 9 2 11
H 2 2 10 18
V 0 9 20 3
H 15 0 3 20
V 5 0 14 1
H 12 0 1 2
V 5 0 6 2
V 0 15 10 1
H 3 12 1 4
V 0 15 20 1
H 15 0 2 20
H 15 1 1 8
V 6 0 14 2
V 5 1 6 1
H 0 2 2 18
H 6 4 1 2
H 6 15 1 2
V 0 5 8 11
H 7 8 1 4
V 0 10 20 1
V 16 0 4 1
H 15 0 3 20
V 6 0 14 2
V 6 0 4 2
H 16 0 1 4
V 8 0 12 1
V 10 3 2 1
H 9 12 1 2
V 5 3 12 10
H 15 1 5 4
H 9 0 1 2
V 7 1 12 1
V 7 1 4 1
V 14 2 2 7
V 15 1 2 1
H 15 0 1 16
V 10 0 10 1
V 4 3 2 6
V 0 6 20 4
V 14 1 2 1
H 16 9 1 2
H 15 0 1 10
V 9 1 10 1
V 9 1 2 1
H 19 0 1 2
H 15 0 4 4
H 19 6 1 14
V 14 8 2 1
H 15 0 1 16
V 12 0 6 1
H 19 1 1 18
V 15 3 4 1
H 17 1 3 12
V 12 3 8 1
H 15 0 3 6
V 13 0 4 2
V 0 7 4 9
H 0 2 1 18
H 3 12 1 8
H 14 18 1 2
V 2 17 14 2
H 7 15 1 4
V 2 17 18 2
H 18 18 1 2
V 9 13 10 1
H 17 0 1 20
H 16 0 2 6
V 0 2 18 2
V 0 2 20 2
H 0 2 1 2
V 13 1 2 1
H 14 0 1 2
H 4 9 15 10
V 15 3 4 15
H 17 1 1 12
V 17 2 2 14
H 18 2 1 6
H 11 11 1 2
V 3 12 14 7
V 2 16 18 2
H 8 2 6 18
V 8 3 12 7
H 0 13 1 2
V 0 14 20 2
V 1 7 4 8
H 1 10 1 10
V 0 3 18 3
V 0 12 2 1
H 0 4 1 10
H 0 3 1 16
H 2 6 1 2
H 0 3 10 4
H 14 7 1 2
V 12 2 6 6
V 16 7 2 1
H 16 1 1 10
H 11 7 1 10
V 1 3 16 5
H 1 2 1 2
V 14 4 6 5
V 7 3 12 13
H 13 13 1 2
H 9 14 10 4
H 2 16 15 4
V 0 12 10 4
H 1 7 1 12
V 2 18 16 1
V 2 16 4 4
H 2 18 1 2
H 15 15 2 4
V 14 16 6 1
H 15 9 1 2
H 6 8 1 2
V 0 9 20 1
H 9 2 7 18
V 2 18 16 1
V 7 3 12 1
V 14 1 2 1
H 13 6 1 8
V 13 9 6 8
H 15 0 1 20
V 14 3 2 1
H 15 0 1 10
H 0 16 1 2
V 18 5 2 1
V 2 17 4 2
H 2 17 1 2
V 15 17 2 1
V 10 2 6 18
H 15 1 1 4
V 16 8 4 2
H 17 3 1 10
H 7 4 1 2
H 5 5 14 12
H 18 4 1 2
V 1 5 4 9
V 5 15 6 1
V 0 12 4 1
H 3 8 5 12
V 1 8 2 1
V 0 7 2 10
V 1 7 2 1
H 1 3 1 14
H 2 4 1 2
H 2 3 15 2
V 0 4 18 1
V 0 12 14 4
H 0 9 1 8
V 4 8 14 9
H 15 3 1 2
H 12 4 6 14
V 13 17 4 2
H 16 17 1 2
V 10 10 10 2
V 15 11 2 1
H 16 8 4 8
V 0 8 14 2
H 0 9 18 2
H 1 4 1 14
H 4 10 1 2
V 1 11 14 5
V 1 10 2 1
H 2 2 4 16
H 2 2 1 4
V 0 9 20 1
H 4 6 7 14
H 3 13 1 6
V 3 15 16 2
V 0 5 2 1
V 12 6 8 4
H 15 3 1 2
H 7 2 9 4
V 12 4 6 5
V 10 14 10 1
V 0 15 14 1
V 9 15 10 1
V 14 18 2 1
H 4 14 11 6
V 10 15 8 2
V 3 11 2 1
H 0 6 4 8
V 2 15 2 1
H 2 4 1 14
V 4 3 6 14
H 10 5 1 2
V 1 6 18 1
H 18 5 1 2
V 4 11 2 6
V 0 11 20 1
V 14 17 2 1
H 15 5 1 14
V 0 13 20 1
V 0 13 8 1
H 1 11 1 6
V 10 2 4 1
H 12 2 1 6
V 0 9 12 1
H 10 2 3 18
V 7 15 12 1
V 0 12 6 3
H 4 7 15 8
H 1 11 1 2
V 0 9 4 3
H 0 6 1 8
V 6 3 10 4
H 14 2 1 2
V 10 3 6 1
V 3 8 2 10
H 3 3 1 12
V 14 8 6 6
V 15 6 2 1
V 16 10 4 1
H 16 4 1 8
V 11 2 2 1
V 11 12 2 1
V 12 9 4 5
H 12 8 4 10
V 13 10 2 9
V 14 12 2 1
H 13 11 2 8
H 2 4 14 6
V 12 7 8 6
V 18 8 2 1
H 13 6 6 8
V 18 13 2 1
H 8 15 6 4
V 2 16 12 1
V 13 12 2 3
V 12 10 2 1
H 13 6 1 14
H 4 12 1 2
V 4 2 2 11
H 5 2 1 18
V 1 6 12 4
H 4 2 5 12
V 1 5 12 2
H 1 5 1 2
H 11 15 1 2
V 4 16 10 2
H 3 16 10 2
V 3 16 14 1
V 2 4 10 5
H 10 5 1 2
V 1 6 18 1
V 0 11 20 1
H 5 4 4 14
V 2 4 12 4
V 7 4 2 1
H 7 2 1 18
V 0 10 20 2
V 16 8 4 1
H 17 5 1 10
H 13 17 1 2
H 3 8 1 8
V 1 6 8 5
H 5 3 1 2
H 5 2 2 2
V 4 3 2 1
V 13 5 2 1
V 12 2 2 5
H 8 2 6 6
H 0 8 3 4
H 0 8 19 6
V 14 6 4 9
H 17 9 1 6
V 10 9 2 1
V 3 9 8 7
H 4 14 11 4
V 1 13 10 2
H 1 13 1 2
V 6 7 2 13
H 6 10 2 10
V 5 18 2 1
V 7 17 2 1
H 10 5 1 2
H 4 4 12 2
V 7 5 10 9
V 15 7 4 7
H 12 6 6 4
V 4 4 12 3
H 7 16 5 4
H 8 12 1 8
V 5 17 10 1
V 0 7 16 2
H 5 2 1 16
H 5 2 1 2
V 1 7 16 7
H 12 8 1 12
V 6 8 2 1
H 6 3 1 16
H 8 5 1 12
V 0 8 16 5
V 13 9 2 1
H 14 3 1 10
H 2 6 10 6
V 1 7 2 7
H 3 9 1 2
H 1 10 4 4
H 6 16 5 2
V 4 5 8 12
H 5 5 11 2
V 9 6 8 2
V 10 9 10 3
H 8 13 5 6
H 12 11 1 6
V 8 14 8 2
V 11 3 2 1
V 6 2 6 15
H 8 2 2 2
V 5 3 6 5
V 8 5 8 6
H 15 5 1 6
H 7 6 1 2
V 1 7 10 2
H 3 5 6 6
V 2 7 2 8
V 1 8 2 1
H 2 7 10 8
V 4 8 2 1
V 3 6 2 10
H 4 4 1 12
V 10 11 2 1
V 8 8 6 10
H 13 10 1 8
V 10 6 4 11
H 12 3 1 16
V 12 4 2 1
H 7 11 8 4
H 14 10 1 2
V 7 12 12 1
H 11 7 1 2
V 11 8 6 5
H 12 3 2 14
H 14 6 1 10
H 12 9 1 4
V 10 10 10 2
V 18 10 2 1
H 7 8 12 4
V 2 13 14 1
H 3 12 9 2
V 0 12 16 1
H 16 9 1 6
H 11 9 1 2
V 0 10 20 1
V 6 10 2 2
V 6 15 2 1
H 6 2 1 16
V 8 9 4 1
V 2 7 14 4
V 5 11 2 1
H 6 7 4 10
V 3 14 14 1
V 5 4 2 13
H 6 3 1 2
H 8 18 2 2
V 7 18 2 1
V 9 2 2 18
V 8 19 2 1
V 10 13 2 5
H 10 15 2 4
V 6 16 8 1
V 11 12 4 3
H 5 12 10 4
V 6 7 2 11
H 6 14 6 4
H 11 5 1 2
V 3 6 10 4
V 3 7 2 1
H 4 6 2 10
V 5 16 8 1
H 12 16 1 2
V 2 12 4 2
H 3 13 1 2
H 14 13 1 2
V 1 12 2 1
H 3 7 1 2
V 1 8 12 2
H 1 8 1 2
H 2 7 1 4
H 2 8 1 6
V 6 5 8 5
V 9 3 2 1
H 10 2 2 6
H 6 4 6 4
V 2 7 8 4
V 4 6 6 1
H 8 2 1 2
V 7 3 6 5
H 12 3 1 8
H 14 6 2 6
V 10 10 10 1
V 0 10 18 2
H 7 12 7 4
V 4 9 14 4
H 10 11 1 2
H 10 6 1 6
V 3 9 16 3
V 5 15 8 1
V 7 7 2 1
H 8 5 1 12
V 4 5 8 1
V 2 11 2 2
H 6 4 7 2
V 5 5 2 1
H 7 3 1 2
H 9 15 2 4
V 12 5 2 3
V 12 12 2 4
H 13 5 1 2
H 6 4 1 6
H 7 11 1 2
V 5 12 4 3
H 6 13 1 4
H 13 10 1 6
H 6 5 6 2
V 9 6 6 7
V 14 7 2 1
H 13 11 1 4
V 11 8 6 5
V 14 9 4 1
H 5 6 1 2
H 4 7 2 6
V 0 10 8 1
V 3 9 12 5
H 4 13 1 2
V 2 9 2 1
H 3 8 1 6
V 2 8 2 1
H 11 8 1 10
H 7 6 2 12
V 7 8 10 3
H 16 8 1 2
V 4 10 8 4
H 9 8 1 12
H 11 13 1 2
V 12 9 2 1
V 11 7 4 7
V 16 10 2 1
H 16 9 1 2
V 13 10 4 2
V 11 6 2 1
H 12 5 1 6
V 7 4 4 3
H 10 3 1 6
V 9 11 2 1
V 8 4 4 13
V 10 13 4 2
V 10 8 6 3
H 4 10 10 4
V 2 11 8 1
V 3 11 8 2
H 5 8 9 4
H 5 7 2 8
V 6 7 2 9
H 7 4 2 6
H 4 7 6 4
H 11 10 1 2
V 2 9 10 2
V 6 5 2 1
V 6 7 4 3
V 4 12 8 1
V 7 10 4 1
V 9 5 2 1
H 8 3 2 10
V 7 11 6 4
H 9 11 1 8
V 10 10 2 4
V 8 8 4 1
V 6 14 6 1
H 10 7 2 10
H 10 4 1 6
V 10 9 4 3
V 12 7 2 1
H 13 6 1 8
H 13 7 1 6
V 10 10 8 1
H 11 6 2 10
V 10 10 2 6
H 8 6 3 12
H 4 7 1 2
H 10 7 1 2
V 5 8 6 3
H 5 6 1 6
V 6 12 6 4
V 5 11 10 3
V 4 12 10 2
V 6 8 4 7
V 5 8 2 1
H 6 8 2 8
H 5 8 4 6
V 3 8 8 1
V 2 10 12 1
H 7 5 1 12
H 4 7 1 2
H 11 5 1 10
V 6 7 6 5
H 8 4 2 14
H 7 14 5 2
V 7 14 6 1
H 7 5 2 4
V 5 7 6 4
V 7 6 2 2
H 8 4 1 4
V 5 8 2 3
H 6 6 7 6
H 6 9 2 6
V 3 9 10 1
V 9 8 6 5
H 7 10 5 6
V 7 14 4 2
H 9 14 1 4
H 13 12 1 2
H 6 9 6 4
H 15 9 1 2
V 7 10 10 1
V 12 9 4 3
H 15 9 1 2
H 5 11 1 2
V 4 10 8 2
H 4 9 1 4
V 5 10 10 1
H 6 7 8 6
V 6 7 4 2
H 9 3 1 8
H 5 8 1 2
V 9 6 2 1
V 9 9 2 7
H 9 15 1 2
V 8 5 2 11
H 6 11 7 2
V 11 10 4 2
H 4 9 10 2
V 10 10 6 1
V 8 11 2 1
V 9 7 2 1
V 9 9 2 7
H 9 4 1 10
V 9 8 4 1
V 8 15 2 1
H 9 6 2 10
V 7 13 6 1
V 10 13 2 1
V 7 13 4 2
V 8 9 6 3
H 11 8 3 4
V 10 7 2 2
H 11 6 1 4
V 7 7 4 4
H 8 6 1 10
V 5 11 8 1
V 7 13 2 1
H 8 7 2 8
V 4 9 10 1
V 9 12 2 4
H 10 10 1 6
V 4 10 8 1
V 5 10 10 1
V 6 9 6 3
H 6 7 1 6
H 9 5 1 2
H 7 10 1 4
V 6 8 4 5
H 7 7 1 2
V 10 10 2 1
H 9 7 2 8
V 10 13 2 1
V 9 8 4 5
H 12 11 1 2
V 12 9 2 1
V 7 10 2 1
V 8 12 2 1
H 8 6 1 8
V 5 9 2 1
H 8 10 6 2
V 4 10 8 1
V 12 11 2 1
V 11 8 2 1
H 6 9 6 2
V 5 10 2 1
H 6 10 2 2
V 8 11 2 3
V 9 13 2 1
V 10 8 2 5
H 10 7 1 2
V 9 8 2 2
H 9 6 1 6
V 8 11 2 1
H 9 11 1 4
V 8 12 4 1
H 9 7 1 6
V 7 8 4 2
V 8 9 2 1
V 6 9 6 1
V 9 10 2 1
H 8 7 2 4
H 8 9 4 2
H 8 8 2 6
H 9 9 1 2
V 8 8 4 2
V 6 10 4 1
H 6 9 1 2
H 8 11 1 2
V 9 8 2 1
V 8 10 2 1
V 9 10 4 1
V 9 10 2 3
H 9 10 1 4
H 9 9 3 2
H 9 10 1 2
H 9 9 2 4
H 9 7 1 6
H 10 10 1 2
V 8 10 2 2
H 9 8 1 4
V 8 10 2 1
H 9 9 1 2
H 9 10 1 2
