V 15 18 2 1
H 19 11 1 2
H 0 17 1 2
V 1 9 2 1
V 1 2 4 6
V 2 0 2 2
V 2 4 2 1
V 4 2 2 1
H 3 0 2 10
V 3 0 4 7
V 0 0 12 8
H 2 0 6 8
V 2 1 10 7
V 14 18 2 1
H 12 5 3 14
H 2 9 1 2
V 0 10 20 3
H 3 0 2 20
V 4 0 2 8
H 4 0 1 2
V 1 0 10 1
H 4 6 1 2
V 1 5 2 1
V 2 2 4 5
V 3 9 2 1
H 4 0 1 12
V 0 0 10 1
H 0 0 6 2
H 10 1 1 2
V 16 10 4 1
V 1 1 10 1
H 2 1 1 2
V 1 12 18 1
H 17 10 1 2
V 0 11 20 2
H 2 10 1 2
H 3 17 1 2
V 3 10 4 8
V 2 2 2 1
V 2 17 2 1
H 3 0 2 18
V 2 0 2 1
V 3 0 4 7
V 0 2 12 1
V 0 0 8 2
V 9 7 2 1
V 4 6 6 2
H 4 5 1 2
H 16 5 1 2
H 3 0 2 12
V 0 1 10 1
V 0 8 12 1
V 1 0 4 1
V 1 6 4 1
H 3 2 2 10
V 2 3 4 5
V 2 14 4 3
V 0 3 12 1
V 1 10 16 1
V 4 4 2 1
H 4 0 1 20
H 4 6 1 2
V 0 4 12 3
H 8 2 3 4
V 7 0 2 1
V 5 1 4 6
H 8 1 1 2
H 7 4 1 2
H 7 2 2 6
V 6 4 6 2
V 0 2 8 4
V 0 2 10 1
H 1 7 1 2
V 1 8 6 1
H 4 11 1 2
H 1 7 1 2
V 4 8 2 1
H 3 2 2 10
V 3 2 4 2
V 1 3 10 4
V 0 9 6 4
V 3 7 2 1
H 3 1 1 16
V 0 1 6 6
H 12 6 5 6
V 0 10 20 5
H 3 0 2 20
H 12 0 2 20
V 2 0 6 4
V 0 10 20 3
V 4 4 2 1
V 4 11 2 1
H 3 0 2 20
V 1 0 4 1
H 2 3 6 2
V 3 4 8 2
V 0 5 12 1
H 0 2 1 6
V 2 5 2 1
H 3 0 1 20
V 0 4 8 3
H 5 6 1 2
H 2 3 1 2
H 2 1 6 6
H 7 14 1 2
V 0 14 20 1
V 2 2 6 1
H 3 0 1 20
V 2 4 2 1
H 2 0 1 8
V 0 10 20 2
V 3 8 4 6
V 4 14 2 1
H 4 0 1 16
V 0 3 10 3
V 11 13 2 1
H 10 14 1 2
H 15 14 1 2
V 12 6 8 9
H 12 6 6 8
H 13 10 1 6
V 0 10 20 2
H 3 1 2 18
V 1 1 6 1
V 11 11 6 9
H 12 5 5 14
V 1 10 16 2
V 4 6 2 1
H 4 0 1 20
V 3 0 4 2
V 8 19 12 1
H 12 2 1 18
H 14 7 1 4
V 4 10 16 2
V 2 2 2 1
H 3 2 2 16
V 1 2 8 3
V 4 4 2 1
V 6 3 2 2
H 6 1 1 6
V 1 3 8 1
V 8 6 4 2
H 2 4 8 4
V 0 9 6 3
H 3 0 1 18
V 0 12 12 3
V 3 18 2 1
H 3 1 1 18
V 2 1 2 8
H 2 1 3 4
H 19 7 1 2
H 13 5 7 6
H 4 9 1 2
H 3 10 1 2
V 0 10 18 1
H 4 0 1 20
V 4 0 2 1
V 0 4 2 1
H 5 3 1 2
H 2 2 5 2
V 6 3 2 1
H 7 4 1 2
H 8 6 1 2
H 0 5 10 2
V 9 6 2 1
V 2 2 2 7
H 4 3 1 2
H 3 1 2 6
H 3 3 2 14
V 1 3 4 4
V 2 7 10 1
H 4 0 1 14
V 12 5 6 2
V 12 2 2 1
H 12 2 1 10
V 1 10 16 2
V 4 14 2 1
H 4 1 1 18
V 4 1 2 1
V 12 1 8 3
H 14 0 1 14
H 4 10 1 4
V 0 10 20 1
V 2 11 4 1
H 4 2 1 16
V 3 2 4 2
H 12 9 7 2
V 0 10 20 1
V 3 2 2 1
H 4 1 1 16
V 2 2 4 1
H 18 9 1 2
H 18 0 2 20
H 16 10 1 2
V 0 10 20 1
V 0 10 12 1
H 3 7 1 6
V 1 7 2 1
V 5 7 2 1
V 2 7 4 1
V 0 7 12 1
V 2 3 2 1
V 0 5 2 4
V 4 5 2 1
H 0 5 5 4
H 3 4 1 10
V 1 4 4 5
V 2 9 2 11
H 3 2 1 14
V 11 14 2 6
H 12 2 1 18
H 13 9 1 2
V 2 10 16 1
V 3 17 2 1
H 4 1 1 18
H 14 2 1 18
H 18 10 1 2
V 0 10 20 1
V 4 6 2 1
H 3 3 2 8
H 7 5 1 2
V 0 6 10 2
V 3 3 2 1
H 8 10 1 2
V 2 10 18 1
H 3 5 2 10
H 6 4 1 4
V 2 8 2 1
V 1 5 4 4
V 5 4 2 2
H 13 9 1 2
V 12 8 8 2
H 13 8 7 4
V 0 10 20 1
V 4 12 2 1
H 4 2 1 16
V 1 6 2 1
V 1 10 6 2
H 4 4 1 14
V 4 4 2 1
V 3 10 12 2
H 3 4 1 8
V 0 7 6 1
V 0 13 4 7
H 3 4 2 16
H 3 4 2 14
V 7 15 8 5
H 7 13 1 2
H 7 14 13 2
V 0 14 14 1
V 1 18 4 1
H 0 10 3 10
H 4 3 1 2
V 1 19 2 1
V 4 7 2 1
H 1 7 4 2
V 0 8 6 1
V 0 10 2 9
H 2 15 1 2
H 0 13 3 6
V 1 10 6 5
H 4 4 1 16
H 4 7 1 2
H 4 4 1 4
V 4 5 2 1
V 13 7 2 1
V 13 9 2 1
H 12 0 2 14
H 12 7 1 8
V 0 10 20 1
H 3 6 2 8
V 2 6 2 1
V 1 8 10 1
V 1 8 6 1
H 2 7 1 2
V 6 12 2 1
H 7 8 2 12
V 3 8 8 5
H 3 8 4 8
V 1 8 4 1
H 10 8 1 12
H 4 13 1 4
V 15 12 4 1
V 15 10 2 1
V 4 10 12 4
H 4 5 1 10
V 5 7 2 1
V 13 12 2 1
H 13 2 1 18
H 16 10 1 2
V 2 10 18 1
V 3 9 2 1
H 4 6 1 8
V 4 6 2 1
V 7 11 12 1
H 13 3 2 14
H 2 12 1 6
V 0 13 20 1
H 0 13 1 2
V 0 13 8 1
H 0 10 1 8
V 1 9 4 9
H 1 16 1 2
H 7 9 1 2
H 3 8 6 4
V 2 8 2 1
V 2 9 2 1
H 4 6 1 10
H 11 8 1 2
V 2 9 10 1
H 3 7 2 4
V 4 7 2 1
V 0 13 20 2
V 2 12 8 3
H 3 10 1 10
V 2 14 2 1
H 2 10 5 8
V 0 10 10 1
V 1 9 2 1
V 6 9 2 1
V 6 12 2 1
H 4 8 3 12
V 6 13 6 1
H 0 13 1 2
H 16 8 1 8
H 8 12 1 2
H 19 12 1 2
V 0 13 20 1
H 19 2 1 18
H 14 3 1 2
H 12 1 8 6
V 3 8 2 11
H 4 7 1 2
H 1 11 3 6
V 0 15 2 1
V 0 13 6 2
H 1 13 1 4
H 0 11 15 4
H 2 16 1 2
H 12 1 5 2
V 12 2 8 1
H 6 9 1 10
H 9 8 1 2
V 2 9 8 1
H 17 0 1 20
V 17 1 2 1
H 17 0 1 10
H 12 12 5 6
H 3 12 1 2
H 5 12 1 2
H 12 9 1 4
H 6 11 1 2
V 0 12 20 1
V 2 10 2 1
V 3 11 2 1
H 3 8 1 8
V 8 19 12 1
H 10 8 1 12
V 4 12 12 2
H 6 13 1 2
H 4 8 1 12
H 5 16 2 4
H 2 12 1 4
H 1 14 1 2
V 0 12 4 3
V 16 1 2 8
H 15 1 3 8
H 16 0 1 4
V 2 12 4 5
H 4 8 1 8
V 14 2 2 8
V 12 3 8 2
H 19 3 1 2
H 9 10 1 2
H 5 9 6 4
V 1 11 12 4
V 7 11 2 1
V 12 8 6 10
H 12 8 3 8
H 1 12 1 2
H 15 13 1 4
V 0 13 20 1
H 2 11 5 6
V 15 1 2 1
V 4 9 2 9
H 5 8 6 2
V 17 7 2 1
V 17 11 2 1
V 16 4 4 15
H 19 4 1 2
V 2 11 8 1
H 4 9 1 2
V 4 9 8 1
H 6 10 1 10
H 7 14 9 2
V 1 12 16 3
H 12 13 1 2
V 2 14 12 1
H 2 14 1 2
V 17 9 2 1
V 12 9 6 6
H 12 1 1 18
V 12 18 2 1
H 8 8 1 12
H 4 11 1 2
V 3 12 10 1
H 3 10 17 4
H 16 2 2 18
H 16 4 3 16
V 18 5 2 1
H 17 3 2 16
H 12 2 4 12
V 2 12 14 2
V 4 11 2 1
H 5 9 1 10
H 13 18 1 2
V 14 14 2 1
V 13 4 2 15
H 13 0 1 20
H 13 0 1 16
V 2 12 2 1
H 8 8 1 4
V 5 9 4 6
V 16 6 4 7
H 17 4 2 4
V 13 4 4 10
H 14 0 1 8
H 17 3 1 4
V 18 8 2 1
V 15 5 4 13
H 14 3 4 10
V 12 6 8 1
H 15 2 2 8
H 9 13 5 4
V 2 14 14 1
H 7 8 2 8
V 1 13 12 1
V 7 19 12 1
V 7 15 8 5
V 4 10 2 1
H 9 9 1 2
V 8 10 8 2
V 14 4 4 1
H 15 1 1 18
H 14 6 4 8
H 12 13 1 2
V 2 13 18 1
H 5 10 2 8
V 14 10 2 1
V 12 2 2 18
H 12 2 1 18
V 12 2 4 1
V 6 10 12 1
H 12 2 1 14
V 2 13 2 1
H 3 13 1 2
H 7 9 2 10
V 6 9 4 4
H 8 8 4 4
V 4 11 2 1
H 10 10 1 8
H 9 11 1 6
V 5 10 6 2
V 4 13 4 1
H 4 12 3 2
V 5 16 2 1
H 6 10 1 8
V 13 7 2 1
V 14 5 2 15
H 14 1 1 14
V 4 13 16 2
H 4 14 1 2
V 13 4 4 13
H 14 2 2 4
H 14 4 1 6
H 13 3 3 8
H 13 4 4 16
H 11 18 1 2
V 7 18 12 1
V 17 8 2 1
V 18 7 2 13
H 17 6 2 2
V 4 12 4 3
H 5 11 1 2
H 12 11 1 2
V 14 4 2 2
H 14 3 2 4
V 7 10 2 5
H 10 18 2 2
H 8 9 4 10
H 8 8 1 2
V 9 8 2 12
H 9 18 1 2
H 6 13 11 2
V 3 13 12 1
H 7 14 13 2
V 4 13 12 2
H 19 17 1 2
V 8 18 12 1
H 19 18 1 2
V 12 5 6 2
H 14 6 4 2
V 12 7 8 1
V 4 12 16 1
V 4 12 2 1
H 8 9 3 8
H 8 9 4 10
H 12 7 7 4
V 12 6 6 1
H 16 5 1 2
V 10 18 8 1
H 10 18 1 2
V 16 6 2 6
V 17 8 2 1
H 17 6 1 8
V 8 10 8 6
H 8 9 4 8
V 10 11 2 1
V 7 10 4 3
V 8 10 2 4
H 10 9 1 2
V 11 10 2 1
H 9 8 3 4
H 14 3 1 16
V 14 10 2 1
V 13 4 2 13
H 13 4 1 6
V 12 5 2 1
V 9 18 10 1
H 10 16 1 2
H 10 15 8 4
V 7 14 8 3
V 8 15 2 1
H 9 10 4 8
H 11 10 1 2
V 6 11 6 2
H 18 18 1 2
V 9 10 10 1
H 9 10 2 8
V 5 14 8 1
V 15 6 2 13
H 15 4 1 16
V 15 6 2 1
H 15 4 1 12
V 8 10 10 1
H 14 4 1 16
V 10 18 10 1
V 16 14 2 1
V 15 13 4 6
H 9 12 1 2
H 15 9 1 2
V 8 10 8 3
V 6 12 4 1
V 9 10 2 8
V 8 16 2 1
H 9 12 7 6
V 9 10 4 7
H 11 14 2 6
H 12 6 5 8
H 13 6 4 2
V 14 7 4 3
V 12 13 2 1
V 12 17 2 3
H 12 17 1 2
H 16 17 1 2
V 10 17 8 1
H 16 16 2 4
H 16 6 1 14
H 13 7 1 2
H 13 6 4 4
H 13 5 1 8
V 12 7 4 5
V 12 9 8 1
H 9 10 1 2
V 7 11 10 2
H 13 5 1 12
H 17 13 1 2
V 7 14 12 2
V 10 10 10 3
V 13 6 2 1
H 14 4 1 12
V 10 13 10 1
V 15 16 2 1
H 16 8 1 12
H 7 13 2 2
V 5 13 14 1
V 5 13 8 1
V 15 12 4 6
V 15 9 2 2
H 12 7 5 4
H 17 8 1 6
V 10 14 2 1
V 11 10 2 9
H 12 12 2 8
H 10 16 8 2
V 14 15 6 2
V 12 10 2 1
H 10 10 3 8
H 11 10 1 2
V 9 11 4 6
H 9 10 1 6
H 15 18 2 2
H 13 9 1 2
V 12 10 2 9
H 12 7 2 12
V 7 12 10 2
H 14 7 1 2
V 12 8 4 11
H 14 6 2 8
H 10 9 1 6
V 10 13 6 3
H 10 12 8 6
V 8 11 4 2
H 8 11 1 2
V 11 13 2 1
V 9 12 2 1
V 10 11 2 5
H 11 13 2 6
V 16 13 4 1
H 18 15 1 2
H 11 10 9 6
H 12 9 1 2
V 10 10 8 2
H 12 17 1 2
V 12 13 4 1
V 11 10 2 8
H 11 8 1 4
V 14 11 6 3
H 13 9 6 4
H 11 9 1 8
V 6 13 10 1
V 14 7 2 1
V 18 15 2 1
V 10 11 6 5
H 11 12 5 6
V 11 16 2 1
V 12 16 6 2
V 12 16 2 1
V 13 7 2 13
H 13 16 1 4
H 14 10 4 6
V 17 15 2 1
H 14 10 4 8
V 8 13 12 1
H 8 12 1 2
V 14 17 2 1
V 13 10 4 8
H 14 6 1 14
H 14 6 1 2
H 13 8 3 4
V 8 13 4 1
H 14 10 4 2
V 15 11 4 1
H 10 11 1 4
H 10 12 2 4
V 12 10 4 1
H 14 8 2 4
H 15 9 1 2
V 15 10 2 3
H 14 9 3 6
H 17 11 1 6
H 16 10 2 4
V 16 12 4 1
V 15 13 2 3
H 15 11 1 8
H 14 14 1 2
V 11 15 4 1
V 12 14 2 1
H 13 13 2 6
V 10 14 8 1
H 13 13 5 4
V 10 14 10 1
H 9 13 1 2
H 11 13 1 2
V 13 9 2 1
H 14 9 1 4
H 17 11 1 2
H 14 8 1 2
V 14 9 2 1
V 12 10 2 5
H 12 10 4 4
H 15 12 1 2
V 9 13 8 1
V 14 10 2 8
H 14 13 1 6
V 11 12 6 4
H 16 15 1 2
H 13 11 1 2
H 13 12 2 6
V 14 11 4 5
H 17 14 1 2
V 15 13 4 1
H 14 10 2 8
H 13 10 3 2
V 12 11 6 1
V 11 11 2 1
H 13 10 1 2
H 17 12 1 2
V 17 13 2 1
H 14 14 1 4
V 14 16 2 1
H 14 14 1 2
V 14 10 2 5
H 15 10 1 2
H 12 12 5 2
V 10 13 4 1
V 13 14 2 3
H 13 13 2 4
H 14 9 1 6
H 13 11 2 4
H 12 12 1 2
V 11 13 6 2
H 14 15 1 2
V 14 13 2 1
H 14 10 1 4
V 12 14 2 1
V 13 14 4 1
H 15 13 1 2
H 14 14 2 2
V 12 14 4 1
V 13 12 2 1
H 14 14 1 2
V 13 14 2 1
H 15 12 1 2
H 14 13 1 2
V 14 12 2 1
