V 10 19 2 1
V 7 4 2 1
V 7 6 2 1
V 7 15 2 1
V 16 17 2 1
H 11 5 1 2
H 6 7 1 2
V 6 1 10 1
H 6 8 1 2
H 6 1 1 8
H 6 1 1 12
V 6 11 4 2
V 9 16 2 1
H 8 8 2 12
V 7 8 2 1
V 6 17 6 1
V 11 6 6 1
V 11 8 2 1
H 11 4 1 16
V 11 4 2 6
H 12 9 5 2
V 11 6 2 1
V 12 7 2 1
H 12 5 1 12
H 16 16 1 2
H 18 16 1 2
V 12 16 8 1
V 13 19 6 1
H 16 14 2 6
V 12 19 8 1
V 16 14 4 6
H 19 18 1 2
H 12 9 1 8
V 12 12 8 2
H 12 11 1 6
H 16 15 1 2
V 12 14 8 2
H 16 14 3 6
V 12 17 8 2
V 12 13 6 1
V 12 15 2 2
H 12 11 1 6
V 12 10 8 2
V 12 16 8 1
H 16 14 2 6
V 13 17 6 3
H 12 6 1 10
V 12 6 8 3
V 12 14 8 3
H 12 13 1 2
V 15 18 2 1
H 16 14 3 6
V 13 17 6 2
H 13 8 1 2
H 11 7 9 2
H 12 15 1 2
H 12 4 1 12
V 12 14 8 1
H 16 14 3 6
H 11 17 1 2
H 19 17 1 2
V 12 17 8 1
V 1 14 4 4
H 1 14 1 2
V 0 14 10 1
H 4 14 1 2
H 8 13 3 6
V 6 17 6 1
H 11 11 1 2
H 11 4 1 16
V 11 4 2 6
H 12 4 1 12
V 12 14 8 3
H 16 14 3 6
V 14 17 6 2
V 6 3 14 1
H 7 3 1 2
V 6 3 6 1
H 6 2 2 4
H 6 2 1 12
V 6 6 2 1
V 6 7 2 1
V 5 9 4 5
H 8 7 3 12
H 11 16 1 2
V 7 8 2 1
V 6 17 6 1
H 11 4 1 16
H 12 8 1 8
V 11 9 2 1
H 12 9 1 2
H 12 5 1 12
V 12 16 4 1
V 12 16 8 1
H 16 16 1 2
H 11 14 1 6
H 16 14 3 6
V 2 0 18 1
V 1 0 8 1
H 1 4 1 2
H 1 0 3 10
V 2 2 4 7
H 4 1 2 12
V 4 9 6 3
H 8 7 2 12
V 6 17 6 1
H 11 4 1 16
V 11 9 2 1
H 12 9 1 2
H 12 5 1 12
V 12 14 8 3
H 16 14 2 6
V 14 17 4 3
V 2 17 10 1
H 11 4 1 16
V 11 9 2 1
H 12 9 1 2
H 12 5 1 12
V 12 14 8 3
H 16 14 2 6
V 15 19 2 1
V 4 17 8 1
H 11 4 1 16
V 11 4 2 6
H 12 4 1 12
V 12 14 8 2
H 16 14 2 6
V 14 17 4 2
H 7 10 4 2
H 8 7 1 12
V 6 17 6 1
H 11 4 1 16
V 11 4 2 6
H 12 5 1 10
V 12 14 8 3
H 16 14 2 6
V 13 17 6 1
V 2 8 2 6
H 1 3 3 8
V 1 5 2 1
V 2 4 4 5
H 5 1 1 12
H 6 7 1 4
H 6 11 1 2
V 5 10 6 2
H 9 11 1 2
V 7 14 2 1
V 7 18 2 1
H 8 7 1 12
V 6 17 6 1
H 11 4 1 16
V 11 4 2 6
H 12 5 1 10
V 12 14 8 2
V 15 16 2 1
H 16 14 2 6
V 14 17 6 1
V 0 10 4 4
H 0 9 1 2
H 3 0 1 14
V 2 6 4 2
H 4 3 2 10
V 4 9 6 4
V 7 10 2 1
V 7 18 2 1
H 8 7 1 12
V 6 17 6 1
H 11 4 1 16
V 11 4 2 6
H 12 9 1 2
V 12 15 2 1
H 12 5 1 12
V 12 14 2 3
V 12 13 8 1
V 12 14 8 3
V 16 18 2 1
H 17 14 1 6
V 13 12 2 1
V 12 6 2 8
V 13 9 2 1
H 12 12 1 4
V 12 14 8 2
H 16 14 1 6
V 15 18 2 1
H 8 13 1 2
V 4 10 6 4
H 8 10 1 8
V 6 17 6 1
H 11 4 1 16
V 11 6 2 4
V 12 11 2 1
H 12 6 1 10
V 12 14 8 1
V 16 17 2 1
H 16 14 1 6
V 15 17 4 1
H 0 16 9 2
V 0 17 12 1
H 11 4 1 16
V 11 6 2 4
V 12 13 2 1
H 12 6 1 10
V 15 15 2 1
V 12 14 8 2
H 16 14 2 4
H 16 14 1 6
H 6 1 1 12
V 9 11 2 1
V 6 9 4 5
H 8 7 1 12
V 6 17 6 1
H 11 4 1 16
V 11 6 2 4
H 12 4 1 2
H 12 5 1 12
V 12 15 8 1
H 16 15 1 4
V 14 17 4 1
V 6 18 6 2
H 11 4 1 16
H 11 8 1 4
V 11 4 2 6
H 12 4 1 12
H 16 15 1 2
V 12 15 8 1
H 16 14 1 4
V 15 17 2 1
H 2 16 1 2
V 2 17 10 1
H 11 4 1 16
V 11 6 2 4
H 12 5 1 12
V 12 15 6 2
V 12 15 8 1
V 4 16 2 1
H 5 16 6 2
V 2 17 10 1
H 11 4 1 16
V 11 9 2 1
H 12 9 1 2
H 12 5 1 12
V 12 15 6 2
V 13 15 6 2
V 1 0 18 1
H 3 0 1 10
V 2 4 4 5
H 4 2 2 12
V 4 11 6 2
H 8 8 3 12
V 6 17 6 1
H 11 4 1 16
V 11 6 2 4
H 12 6 1 10
V 12 14 8 1
V 15 16 2 1
H 16 14 1 4
H 16 15 1 4
H 1 16 10 2
V 8 17 4 3
H 11 4 1 16
V 11 6 2 4
H 12 6 1 10
V 12 14 6 1
V 12 14 8 1
H 9 7 1 12
V 8 17 4 2
H 11 4 1 16
V 12 9 2 1
V 12 14 2 1
V 11 6 2 4
H 12 9 1 2
H 12 5 1 12
V 12 14 4 3
V 12 16 6 1
V 2 6 2 6
V 0 11 2 1
H 3 3 1 2
H 1 4 3 8
V 3 8 2 1
V 2 4 4 5
H 5 6 1 2
H 5 1 1 12
V 6 8 2 1
V 6 12 2 1
H 0 10 1 2
H 6 10 1 2
V 4 11 6 3
H 8 7 2 12
H 11 16 1 2
V 6 17 6 1
H 11 4 1 16
V 11 9 2 1
H 12 5 1 12
V 12 14 2 2
V 12 14 6 2
H 16 14 1 4
H 0 1 1 10
V 0 10 2 4
V 0 10 4 4
H 3 2 1 10
H 3 3 1 2
V 2 4 4 3
H 4 1 2 12
V 4 9 6 4
H 8 7 1 12
V 6 17 6 1
H 11 4 1 16
V 11 6 2 4
V 12 8 2 1
H 2 9 1 2
H 11 9 1 2
H 12 5 1 12
V 12 14 6 2
H 14 15 1 2
V 13 14 6 2
H 1 0 1 2
V 1 0 18 1
V 1 0 10 1
H 3 0 1 10
V 1 5 2 1
V 2 4 4 5
V 4 8 2 1
V 5 11 2 1
H 5 1 1 12
V 5 10 6 2
H 8 7 1 12
V 6 17 6 1
H 11 4 1 16
H 12 9 1 2
V 11 8 8 2
H 13 7 1 2
V 12 8 8 4
H 18 4 2 8
H 19 4 1 2
H 11 16 1 2
V 10 17 2 3
H 11 4 1 16
H 11 4 1 12
V 11 4 2 6
H 12 4 1 12
H 12 5 1 12
V 12 14 4 3
V 13 16 4 1
H 9 13 1 6
V 8 17 4 1
H 11 4 1 16
V 16 8 2 1
V 11 7 2 1
V 11 5 6 5
H 12 7 1 2
H 14 7 1 2
V 11 8 8 2
V 18 6 2 1
H 17 4 2 8
H 18 4 1 2
V 2 14 6 4
H 3 14 4 4
H 7 16 1 2
V 0 17 12 1
H 11 4 1 16
V 11 4 2 6
V 12 6 2 1
H 12 5 1 12
H 15 15 1 2
V 12 14 4 2
V 12 14 6 2
H 10 2 1 2
V 6 3 14 1
V 6 3 8 1
H 6 3 2 4
V 6 11 2 1
H 6 1 1 12
V 5 11 4 1
H 8 7 1 12
H 7 16 1 2
V 6 17 6 1
H 11 4 1 16
V 11 9 2 1
H 12 6 2 8
H 14 11 1 2
V 12 12 6 2
V 12 12 8 2
H 10 8 1 12
V 10 17 2 3
H 11 4 1 16
V 11 7 2 3
H 12 4 1 12
V 12 14 4 2
V 13 14 4 2
V 0 16 6 2
H 0 16 9 2
V 0 17 12 1
H 11 4 1 16
V 11 4 2 6
V 14 4 2 1
V 14 12 2 1
H 12 8 3 6
V 12 12 6 2
V 12 12 8 1
V 6 1 4 3
H 6 1 1 6
H 6 1 1 12
V 6 11 4 2
H 8 8 3 12
V 6 17 6 1
H 11 4 1 16
H 18 9 1 2
V 11 7 8 3
H 17 5 1 4
V 12 7 8 4
H 4 6 2 6
H 16 6 4 6
H 5 16 6 2
H 11 16 1 2
V 6 17 6 1
H 11 4 1 16
V 11 8 4 2
V 12 9 8 3
H 17 6 1 6
H 14 5 1 2
H 17 5 1 2
V 2 18 10 1
V 10 17 2 1
H 11 4 1 16
V 11 5 2 1
V 11 8 2 1
H 11 8 1 4
V 16 7 4 1
V 11 6 6 4
V 14 7 2 1
H 12 4 3 10
V 12 13 6 1
V 4 9 6 3
V 9 18 2 1
H 8 8 2 12
V 6 17 6 1
H 11 4 1 16
V 11 8 2 2
H 12 4 1 12
V 11 7 2 1
V 12 14 4 2
H 14 15 1 2
V 4 2 2 12
H 2 4 4 2
V 5 13 2 1
H 4 2 2 12
V 5 10 6 3
H 8 7 1 12
V 6 17 6 1
H 11 4 1 16
V 14 7 2 1
V 11 7 8 3
V 12 7 8 4
H 17 7 3 4
V 5 10 2 1
H 4 7 2 6
V 4 11 6 3
V 7 15 2 1
H 8 7 3 12
V 6 17 6 1
H 11 4 1 16
V 11 5 6 5
H 13 4 1 2
V 12 8 8 3
H 14 6 5 6
V 0 10 4 2
H 3 0 1 12
V 2 4 4 5
V 2 18 4 2
H 4 2 2 12
V 5 9 6 5
H 8 8 1 12
V 6 17 6 1
H 11 4 1 16
V 11 6 2 4
V 12 5 2 1
H 12 5 1 10
V 12 14 4 2
V 13 14 4 1
V 2 10 2 4
H 0 0 1 14
H 3 0 1 14
V 2 3 4 4
H 5 1 1 12
V 4 10 6 3
H 8 8 1 12
V 6 17 6 1
H 11 4 1 16
H 15 9 1 2
V 11 7 8 3
V 12 9 8 1
H 18 8 2 4
V 6 18 6 2
H 11 4 1 16
H 11 9 1 2
V 11 4 2 6
H 12 5 1 12
V 12 14 2 3
H 12 15 1 2
V 12 14 4 2
V 0 10 2 4
V 0 10 4 4
H 3 1 1 10
V 2 5 4 2
H 5 1 1 12
V 4 11 6 2
H 8 8 1 12
V 6 17 6 1
H 11 4 1 16
V 11 9 4 1
H 12 4 2 10
V 11 4 6 2
V 16 8 4 3
V 14 4 2 1
V 13 4 2 10
H 14 4 2 6
V 11 7 8 1
H 8 14 2 4
H 11 16 1 2
V 6 17 6 1
H 11 4 1 16
V 11 4 2 6
H 12 5 1 10
V 12 14 2 2
V 12 14 4 1
H 9 16 1 2
V 8 17 4 2
H 11 18 1 2
H 11 4 1 16
V 14 8 2 2
V 11 8 4 2
H 4 4 2 8
H 12 4 2 8
V 11 5 6 1
V 5 12 4 2
H 8 8 1 10
V 6 17 6 1
H 11 4 1 16
V 11 8 8 2
H 12 7 1 2
H 11 9 1 2
V 12 8 8 2
H 19 8 1 2
H 5 14 1 2
V 4 11 6 1
H 8 8 1 12
V 6 17 6 1
H 11 4 1 16
V 11 7 6 3
H 12 8 3 6
V 12 12 6 1
V 6 2 14 2
V 8 1 2 1
V 6 1 6 3
H 6 1 1 6
H 6 2 1 12
H 9 12 1 2
V 6 9 4 4
H 8 8 1 12
H 11 16 1 2
V 6 17 6 1
H 11 4 1 16
V 11 9 4 1
V 11 9 8 1
H 15 5 1 2
H 15 6 3 6
V 3 0 8 1
H 3 0 1 10
V 2 5 4 2
V 5 10 2 1
H 5 1 1 12
V 4 11 6 1
H 8 8 1 12
V 6 17 6 1
H 11 4 1 16
V 11 9 6 1
H 11 9 1 2
V 11 9 8 1
H 18 8 1 4
V 3 0 6 1
H 3 0 1 10
V 2 3 4 4
H 4 2 2 12
H 6 11 1 2
V 4 11 6 1
H 8 8 1 12
V 6 17 6 1
H 11 4 1 16
V 11 7 6 3
H 13 6 2 8
V 13 13 4 1
V 11 8 4 2
H 12 4 1 12
V 12 4 2 1
V 12 15 2 1
H 8 14 2 4
V 8 17 4 2
V 11 6 2 1
H 11 4 1 16
V 11 7 2 3
H 12 5 1 10
V 12 5 2 1
V 12 14 2 1
V 13 3 2 1
V 13 14 2 1
H 9 11 2 8
V 10 17 2 2
H 11 4 1 16
V 11 7 6 3
V 11 9 8 1
H 18 8 1 2
V 7 7 2 7
H 8 10 2 8
V 6 17 6 1
H 11 4 1 16
V 11 7 6 3
V 11 9 8 1
H 18 9 1 2
V 6 3 2 4
H 6 1 1 12
V 5 9 4 3
H 8 7 2 12
V 6 17 6 1
H 11 4 1 16
V 11 4 2 6
V 12 9 8 1
H 14 6 3 6
V 6 1 8 3
H 6 2 2 4
V 7 2 2 1
H 6 6 1 2
V 5 10 2 1
H 6 1 1 12
V 6 11 4 3
H 8 7 2 12
V 6 17 6 1
H 11 4 1 16
V 11 9 4 1
V 11 9 8 1
H 13 8 5 4
V 6 1 14 3
V 6 3 6 1
H 6 3 2 4
H 6 1 1 12
V 5 11 4 1
H 8 8 1 12
V 6 17 6 1
H 11 4 1 16
V 12 9 2 1
V 11 8 4 2
H 13 6 1 8
V 12 13 4 1
V 6 2 12 2
H 6 1 2 6
V 6 10 2 2
H 6 1 1 12
V 6 11 4 1
H 8 8 1 12
V 6 17 6 1
H 11 4 1 16
V 11 8 4 2
H 13 4 1 8
V 12 5 4 2
H 0 2 1 2
H 11 2 1 2
V 6 1 12 2
H 6 1 1 8
H 6 1 1 12
V 5 10 4 2
H 8 8 1 12
V 6 17 6 1
H 11 4 1 16
V 11 9 8 1
V 12 9 8 1
H 9 14 2 4
V 8 17 4 2
H 11 4 1 16
V 11 8 4 2
V 13 7 2 1
H 13 7 1 6
V 12 12 4 1
H 10 17 1 2
V 0 18 12 1
H 11 4 1 16
H 11 4 1 12
V 11 4 2 6
V 12 4 2 1
V 5 18 2 1
V 0 18 6 2
V 0 19 12 1
V 10 17 2 1
H 11 4 1 16
V 11 8 2 1
H 11 6 1 6
V 11 7 2 3
H 12 4 1 12
V 12 14 2 1
V 4 1 2 8
H 4 6 2 6
V 4 10 6 2
V 7 19 2 1
V 9 11 2 1
H 8 8 2 12
V 6 17 6 1
H 11 4 1 16
V 11 6 2 4
V 11 9 8 1
H 13 8 4 4
V 0 10 2 4
V 0 10 4 4
H 3 2 1 12
V 2 4 4 5
H 5 2 1 12
H 8 13 1 2
V 5 10 6 4
H 8 8 1 12
V 6 17 6 1
H 11 4 1 16
V 11 8 6 2
H 15 9 1 2
V 11 9 8 1
V 1 0 4 1
H 3 0 1 10
V 2 1 4 5
H 5 2 1 12
V 5 11 6 1
H 8 8 1 12
V 6 17 6 1
H 11 4 1 16
V 11 6 2 4
H 12 4 1 12
V 1 0 18 1
V 1 0 6 1
H 3 0 1 10
V 2 5 4 1
V 4 1 2 1
H 5 1 1 12
V 4 10 6 4
H 8 7 1 12
V 6 17 6 1
H 11 4 1 16
V 11 8 2 2
H 16 9 1 2
H 12 7 1 2
V 11 8 6 2
H 15 6 1 6
H 11 5 3 4
V 11 5 2 1
H 12 4 1 10
V 12 13 2 1
H 2 11 1 2
H 14 11 1 2
V 6 5 4 2
V 5 9 2 1
V 5 19 2 1
H 6 3 1 10
V 5 10 4 4
H 8 7 1 12
V 6 17 6 1
H 11 4 1 16
V 11 9 6 1
V 12 9 6 1
V 1 2 4 7
V 2 1 4 2
V 2 4 4 5
V 4 5 2 1
H 5 4 1 10
V 4 11 6 1
H 8 7 1 12
V 6 17 6 1
H 11 4 1 16
V 11 4 2 6
H 12 4 1 10
V 1 5 2 1
H 2 1 4 6
H 5 1 1 12
V 4 11 6 1
V 8 18 2 1
H 8 7 1 12
V 6 17 6 1
H 11 4 1 16
H 12 7 1 2
V 12 9 2 1
V 11 8 2 2
H 12 5 1 10
V 11 8 4 1
V 12 12 2 1
H 12 5 1 8
V 12 12 2 1
H 5 15 1 2
H 5 16 6 2
V 8 17 4 3
H 11 4 1 16
V 11 9 6 1
H 12 8 3 4
V 4 16 2 1
V 0 16 10 2
V 0 17 12 1
V 11 9 2 1
H 11 4 1 16
V 11 5 2 5
V 11 9 6 1
H 15 9 1 2
V 6 1 2 6
H 6 1 1 12
V 6 8 4 4
H 8 7 2 12
V 6 17 6 1
H 11 4 1 16
V 12 8 2 1
V 12 11 2 1
V 11 8 4 2
H 11 9 1 2
V 11 9 6 1
H 14 9 1 2
V 2 0 2 7
V 2 5 4 1
H 5 1 1 12
H 8 13 1 2
V 5 10 6 4
H 8 7 3 12
V 6 17 6 1
V 10 19 2 1
H 11 4 1 16
V 11 5 2 5
V 11 8 2 1
H 12 6 1 8
H 0 0 1 14
V 0 10 2 4
V 0 10 4 2
H 3 3 1 10
V 2 3 4 5
H 5 1 1 12
H 6 8 1 2
V 4 9 2 1
V 4 14 2 3
V 5 9 6 3
H 8 7 1 12
V 6 17 6 1
H 11 4 1 16
H 11 4 1 10
H 8 1 1 2
V 6 1 14 1
V 6 1 8 1
H 6 1 1 8
H 6 1 1 12
V 5 11 4 3
H 8 7 1 12
V 6 17 6 1
H 11 5 1 14
H 11 5 1 10
V 11 5 2 1
V 13 10 2 1
V 12 8 2 1
H 10 7 1 8
H 10 12 1 8
V 7 13 2 1
H 8 7 3 12
V 10 17 2 3
H 11 5 1 14
V 11 8 2 1
H 11 7 1 4
V 11 7 2 3
H 11 7 1 2
V 11 8 4 2
H 5 14 6 4
V 0 17 12 1
H 11 5 1 14
H 11 9 1 2
V 11 7 2 3
H 12 8 1 4
H 3 0 1 2
V 1 0 4 1
H 1 0 3 10
V 2 4 4 3
H 5 2 1 12
V 5 10 6 4
H 8 7 3 12
V 6 17 6 1
H 11 5 1 14
H 11 5 1 10
V 12 9 2 2
V 7 4 4 3
V 6 5 4 1
V 6 8 2 1
V 6 13 2 1
H 6 2 1 12
V 6 8 4 4
H 8 8 1 12
V 6 17 6 1
H 11 8 1 12
H 11 8 1 6
H 11 9 1 2
V 11 7 2 3
V 12 8 2 1
H 13 2 1 2
V 6 3 14 1
V 6 1 2 6
H 6 5 1 2
H 6 2 2 4
H 6 1 1 12
V 6 11 4 1
H 8 8 1 12
V 6 17 6 1
H 11 7 1 12
H 11 8 1 4
V 11 7 2 3
V 11 9 4 1
H 0 0 1 6
H 0 0 1 14
V 0 10 2 4
V 0 10 4 2
H 3 2 1 10
V 2 4 4 2
H 5 1 1 12
V 4 11 6 1
H 8 8 1 12
H 6 16 1 2
V 6 17 6 1
H 11 7 1 12
H 11 7 1 8
V 11 7 2 1
V 7 13 4 1
V 6 10 2 1
V 7 9 2 5
V 7 19 2 1
H 7 8 2 4
V 7 12 2 1
H 8 8 1 12
H 9 16 1 2
V 6 17 6 1
H 11 8 1 12
H 11 8 1 6
V 11 8 2 1
H 8 17 1 2
V 0 14 10 4
H 9 17 1 2
H 8 12 3 6
V 6 17 6 1
H 11 8 1 12
H 11 8 1 6
V 18 1 2 3
H 19 1 1 2
V 2 5 4 2
H 2 0 1 10
H 3 0 1 2
V 1 0 16 1
V 1 0 2 1
V 1 12 2 1
V 2 0 18 1
V 6 8 2 1
H 6 1 1 12
V 6 11 4 1
H 8 7 2 12
V 6 17 6 1
H 11 10 1 10
H 11 10 1 4
V 6 1 2 6
H 6 1 1 12
V 6 7 4 1
V 8 13 2 1
H 8 7 1 12
H 8 8 1 12
V 0 18 12 2
V 0 18 4 2
V 6 2 12 2
H 17 1 1 2
V 12 3 2 1
H 2 2 4 2
H 17 2 1 2
V 7 2 12 2
V 6 1 4 3
H 6 3 1 6
H 6 1 1 12
V 5 12 4 2
V 9 12 2 1
H 8 8 2 12
V 0 18 12 1
H 10 18 1 2
V 0 18 4 1
V 1 0 12 1
V 2 0 16 1
H 5 1 1 12
V 5 9 2 5
H 6 1 1 12
H 6 1 2 4
V 6 1 10 1
V 7 1 10 3
V 16 2 2 1
H 7 8 3 4
H 8 8 1 12
V 0 14 10 3
V 0 14 6 3
V 6 4 4 3
V 6 18 4 1
H 6 1 1 8
H 14 2 1 2
V 6 1 10 2
H 15 2 1 2
V 7 2 10 1
V 0 15 6 1
V 14 2 2 1
V 11 3 2 1
V 9 1 6 3
H 14 1 1 2
H 2 16 1 2
H 5 16 1 2
V 1 14 10 3
V 9 14 2 1
H 8 9 2 10
H 10 17 1 2
V 4 18 8 2
V 3 18 4 1
H 6 18 1 2
H 9 18 1 2
H 8 13 2 6
V 6 1 6 3
V 6 17 6 1
H 11 14 1 6
V 10 19 2 1
H 2 15 1 2
V 1 14 6 2
H 8 7 1 12
V 4 18 8 1
V 3 17 2 1
V 9 9 2 1
V 4 9 6 3
H 4 2 1 12
V 1 4 4 2
H 2 0 2 10
V 4 0 4 1
V 1 0 10 1
V 1 0 14 1
V 12 2 2 2
H 12 1 1 2
V 6 2 8 1
V 6 14 4 3
V 8 7 2 1
V 8 18 2 1
V 7 4 2 1
V 7 13 2 1
V 7 19 2 1
H 8 13 1 6
V 6 18 6 1
V 6 4 4 3
H 6 1 1 6
V 6 3 8 1
V 7 3 8 1
V 2 14 2 2
H 4 14 1 2
V 1 14 10 1
V 7 16 2 1
V 8 17 4 1
H 8 13 1 6
V 6 17 6 1
H 11 16 1 2
V 1 14 2 1
H 4 8 1 2
H 6 8 5 2
V 4 9 4 3
H 4 1 2 12
V 1 3 4 4
H 2 0 2 6
V 1 0 10 1
V 1 0 2 1
V 2 0 12 1
V 2 0 6 1
H 2 0 2 6
V 3 4 2 1
V 2 3 4 2
V 5 11 2 1
H 4 2 2 12
H 8 8 1 2
V 5 9 6 1
H 8 7 1 12
H 9 15 1 2
V 3 14 8 2
V 2 14 4 2
V 4 16 6 1
V 7 7 2 1
V 7 14 2 1
H 8 14 2 6
H 0 3 1 2
H 6 3 1 2
V 6 1 4 3
V 6 1 6 3
H 11 1 1 2
H 9 7 1 6
H 8 7 2 12
V 8 17 4 1
V 4 9 2 5
H 8 8 1 2
V 4 9 6 4
V 9 9 2 2
V 9 18 2 1
V 7 12 2 1
H 8 8 2 8
V 3 15 8 1
V 3 15 2 1
H 9 2 3 2
V 9 3 4 1
V 6 15 4 3
H 6 14 2 4
H 7 15 1 2
V 4 14 4 2
V 6 9 2 2
H 6 1 1 12
H 6 1 2 4
V 6 1 4 1
V 6 2 2 1
V 7 1 4 2
V 5 16 2 1
H 6 1 1 8
H 6 1 1 12
V 7 11 2 1
V 6 11 4 2
H 8 7 1 12
H 7 14 2 2
V 6 15 4 3
V 9 17 2 1
V 6 2 2 1
V 6 5 2 1
V 6 7 2 1
V 6 12 2 1
V 4 10 6 3
H 4 2 1 12
V 1 4 4 2
H 2 0 1 8
V 2 0 8 1
V 2 0 10 1
V 0 10 2 1
H 0 9 1 2
V 0 10 4 2
H 2 0 1 14
V 2 2 4 3
H 4 2 1 12
V 4 9 4 3
H 6 2 1 12
V 6 1 4 3
V 6 3 6 1
H 11 2 1 2
V 7 15 2 1
H 8 15 1 4
V 7 16 2 1
H 8 7 3 10
H 6 1 2 4
V 6 1 4 2
V 7 2 4 2
V 7 14 4 1
V 5 11 6 3
H 6 1 1 12
H 6 1 1 10
V 6 1 2 2
V 6 11 2 1
H 9 1 1 2
V 6 1 4 1
H 8 1 1 2
V 1 7 2 1
V 4 0 2 1
V 4 5 2 1
V 2 0 8 1
H 8 13 3 2
V 6 14 4 1
H 10 4 1 2
H 8 10 1 2
V 7 11 4 2
H 8 10 2 6
V 7 15 2 1
V 9 5 2 1
V 9 14 2 1
V 2 0 2 1
H 3 0 1 14
V 3 0 2 1
V 3 1 2 2
V 3 6 2 1
V 1 0 8 1
H 6 6 1 2
H 4 3 1 2
H 3 2 3 2
H 4 1 1 12
H 6 6 1 4
V 4 9 4 5
H 6 1 1 12
V 6 0 2 1
V 6 2 2 5
V 7 4 2 1
H 6 3 1 2
V 6 3 4 1
V 8 4 2 1
V 8 9 2 1
V 7 8 2 6
H 8 11 1 2
H 4 10 7 2
H 8 8 1 8
H 10 11 1 2
H 6 2 1 2
H 4 8 1 2
H 10 8 1 2
V 6 7 2 7
H 6 3 1 6
V 6 3 2 4
V 6 5 4 1
V 4 10 4 1
H 6 12 1 2
H 6 4 1 2
H 6 5 1 8
V 6 6 4 1
V 7 6 4 1
V 7 4 2 1
H 0 0 1 4
H 0 0 1 14
V 0 10 4 4
H 2 0 2 14
V 3 5 2 1
V 2 3 4 4
H 5 1 1 2
H 4 2 2 12
V 4 9 4 5
H 6 3 1 10
V 6 3 2 4
V 6 13 2 1
H 7 3 1 2
H 0 9 1 2
H 8 9 3 2
H 7 8 2 6
H 4 10 4 4
V 5 10 6 2
V 7 10 2 1
V 6 7 2 4
V 7 8 2 1
H 6 3 1 10
H 6 3 1 2
H 6 6 1 2
V 2 2 2 1
V 1 0 2 14
V 2 12 2 1
H 1 0 2 14
V 3 3 2 1
V 3 8 2 1
H 5 6 1 4
V 2 3 4 6
H 4 1 1 12
H 7 9 1 2
V 4 9 6 1
V 5 9 6 1
H 8 8 1 2
H 7 7 4 4
H 8 7 1 6
V 6 8 4 2
V 7 8 4 2
H 5 12 1 2
H 4 9 4 4
H 8 8 1 2
V 4 9 6 2
H 5 8 1 2
H 7 8 1 2
V 5 9 6 2
V 1 7 4 1
H 4 2 2 12
V 4 9 4 5
H 6 4 1 2
V 1 0 2 13
V 2 0 2 1
H 1 0 2 14
H 3 2 1 2
V 1 3 4 3
H 5 1 1 2
H 4 2 2 12
V 4 9 4 3
H 6 6 1 6
V 6 5 2 2
V 6 7 2 1
V 6 9 2 4
V 7 6 2 1
H 3 0 1 2
H 4 2 2 4
H 6 12 1 2
H 4 1 1 10
H 1 10 1 2
H 7 10 1 2
V 4 8 2 1
V 4 12 2 1
V 7 7 2 4
V 6 8 2 2
H 6 5 1 4
V 6 6 2 1
H 6 5 1 8
V 6 11 2 2
V 9 9 2 1
H 2 0 1 6
H 2 2 2 12
V 2 4 4 5
H 4 3 2 2
H 2 2 1 10
V 0 10 4 1
H 2 2 1 12
V 2 4 4 3
H 4 3 1 10
V 4 9 4 1
H 6 6 1 6
H 1 0 1 4
V 2 4 2 1
V 1 3 4 3
H 3 2 1 2
H 4 7 2 6
V 5 9 2 3
V 2 3 2 9
V 2 4 2 1
V 0 10 2 1
H 1 2 2 12
H 2 1 1 8
H 6 7 1 2
V 1 6 2 1
V 2 6 4 1
H 5 5 1 2
H 4 9 3 2
H 6 8 1 2
H 4 4 1 8
V 4 6 2 6
H 4 9 1 4
V 2 6 4 1
H 5 6 1 6
V 4 9 4 1
H 3 3 1 2
V 0 10 2 1
V 0 12 2 2
V 1 6 2 8
H 1 2 1 8
V 4 6 2 1
H 1 5 4 4
H 4 6 1 6
V 4 10 2 1
H 1 4 2 10
H 2 3 1 6
V 1 5 2 3
V 1 5 4 3
H 1 7 5 2
H 4 6 1 6
V 4 7 2 1
H 4 6 1 4
V 2 4 2 1
H 2 4 1 2
H 1 12 1 2
V 2 5 2 9
H 2 7 2 4
V 2 7 4 2
H 3 5 1 6
H 5 8 1 2
V 2 8 4 1
H 5 8 1 2
H 0 2 1 10
V 0 10 2 3
V 1 13 2 1
H 1 4 1 10
H 1 6 1 8
H 1 3 1 4
H 1 4 1 2
H 2 5 1 2
H 4 7 1 2
H 3 7 1 6
V 2 8 2 1
H 3 8 1 6
H 3 9 1 2
H 3 9 1 4
H 0 8 1 4
V 0 10 4 2
V 1 7 2 1
V 2 11 2 1
H 2 7 1 6
V 2 10 2 1
H 2 9 1 4
H 2 9 1 2
V 0 10 4 1
H 3 10 1 2
V 0 10 2 3
H 1 8 1 4
V 2 10 2 1
V 0 11 2 1
H 0 1 1 12
V 0 12 2 1
H 0 9 1 4
H 1 9 1 2
H 0 2 1 4
H 0 0 1 12
V 0 10 2 1
V 1 10 2 1
H 0 4 1 2
H 0 0 1 12
H 0 0 1 2
H 0 1 1 10
V 0 10 2 1
H 0 0 1 8
H 0 1 1 10
H 0 2 1 8
H 0 7 1 2
H 0 2 1 6
H 0 4 1 2
H 0 3 1 2
H 0 0 1 2
