H 12 17 1 2
V 9 18 2 1
V 7 17 2 1
H 12 7 1 2
V 15 10 2 1
H 19 5 1 6
V 12 7 8 2
V 12 7 6 1
H 12 12 1 8
H 12 7 1 12
H 12 8 1 12
V 12 18 6 2
V 12 18 8 2
V 15 0 4 4
H 15 1 1 2
H 13 0 4 4
H 15 0 1 10
V 12 7 6 1
H 12 7 1 12
H 12 8 1 12
V 12 18 6 2
V 13 18 6 2
V 4 0 4 13
V 8 17 2 1
H 5 7 1 2
H 3 8 6 10
V 10 18 2 1
V 3 17 8 2
H 10 1 2 18
H 10 0 1 16
V 10 0 10 2
H 14 0 3 4
H 15 0 1 10
V 12 7 6 2
H 12 7 1 10
V 12 14 2 1
H 12 8 1 12
V 12 18 6 2
V 12 14 8 4
V 12 18 8 1
H 15 14 5 4
V 16 4 2 1
V 14 6 2 1
V 15 4 4 6
H 15 6 5 2
V 12 7 6 3
H 12 7 1 10
H 12 7 1 12
V 12 18 6 2
V 13 18 6 1
V 1 9 2 10
H 2 0 1 20
H 2 10 1 2
V 2 4 8 7
V 6 7 2 1
H 6 2 1 18
V 3 17 8 2
H 10 0 1 18
H 10 0 1 16
V 10 0 10 1
H 14 0 3 4
H 15 0 1 10
V 12 7 6 1
H 12 7 1 12
H 12 8 1 12
V 12 2 4 4
V 12 18 4 2
V 12 18 6 2
V 14 7 2 1
V 15 6 2 1
H 15 2 1 8
V 14 4 2 2
V 12 7 6 3
H 12 12 1 2
H 12 7 1 6
H 12 7 1 12
V 12 14 6 4
H 17 16 1 2
V 12 14 8 3
V 6 17 6 1
H 10 0 2 18
V 9 17 2 1
H 10 0 2 16
V 10 0 10 1
H 15 3 1 2
H 15 0 2 4
V 15 6 2 1
V 15 8 2 1
H 15 9 1 2
H 15 0 1 10
V 12 7 6 1
H 12 7 1 10
H 12 8 1 12
V 12 18 4 2
V 12 18 6 1
V 4 19 8 1
V 6 19 2 1
H 4 16 3 4
V 10 17 2 1
V 3 17 8 2
V 9 18 2 1
H 10 1 2 18
H 10 0 2 16
V 10 0 10 2
H 15 0 2 4
V 14 8 2 1
H 15 4 1 2
H 15 0 1 10
V 12 7 6 2
V 12 12 2 1
H 12 7 1 8
V 12 8 2 1
V 12 13 2 1
V 12 14 2 1
H 12 7 1 12
V 12 14 6 4
V 13 16 6 2
H 7 8 1 2
V 1 1 8 8
V 3 9 2 1
H 4 1 4 12
H 6 0 1 20
V 3 17 8 2
H 10 1 2 18
H 10 0 1 16
H 11 1 1 2
V 10 0 10 2
H 15 0 1 4
H 15 0 1 10
V 12 7 6 2
H 12 7 1 12
H 12 8 1 12
V 12 18 4 2
V 13 18 4 2
V 15 4 4 4
H 15 1 1 10
V 12 9 6 1
H 12 7 1 12
V 14 10 2 1
V 14 14 2 1
V 12 14 6 3
V 15 14 4 1
V 12 1 8 3
V 12 14 8 2
H 15 3 1 8
V 12 7 6 3
H 12 7 1 12
H 12 8 1 12
V 12 14 2 6
V 12 18 4 2
V 10 12 2 1
H 11 0 1 18
H 11 0 1 4
H 15 1 1 2
V 10 0 8 2
H 14 0 3 4
H 15 1 1 10
V 12 7 6 1
H 12 7 1 8
V 12 16 2 1
H 12 7 1 12
V 12 16 4 2
V 12 14 6 4
V 1 11 2 1
H 2 4 1 14
V 1 7 8 1
H 6 0 1 20
V 3 17 8 2
H 10 0 2 18
V 10 9 2 1
H 10 0 1 16
V 10 0 10 1
H 15 0 2 4
H 15 1 1 10
V 12 7 6 1
V 12 11 2 1
H 12 7 1 10
H 12 7 1 12
V 12 18 4 1
V 12 18 2 1
V 13 18 4 1
H 10 1 1 18
H 10 0 2 10
V 10 0 10 2
H 15 0 2 4
H 15 1 1 10
V 12 7 6 1
H 12 7 1 10
H 12 7 1 12
V 12 18 4 1
H 14 18 1 2
H 7 8 1 2
H 3 9 7 10
V 6 17 6 2
H 10 1 2 18
H 11 7 1 2
H 10 0 2 16
V 10 0 10 2
H 15 0 1 4
H 15 0 1 10
V 12 7 6 1
H 12 7 1 8
H 12 7 1 12
V 12 14 4 4
V 14 16 2 1
V 13 14 4 4
H 5 5 5 6
V 8 4 2 1
H 8 1 1 18
V 8 17 4 2
H 10 1 2 18
H 10 0 1 16
H 15 1 1 2
V 10 0 10 2
H 15 0 2 4
H 15 0 1 10
V 12 7 6 2
H 12 7 1 10
H 12 18 1 2
H 12 7 1 12
V 12 14 2 6
V 12 18 4 1
V 6 15 2 1
V 5 0 2 16
H 6 15 4 4
V 4 17 8 2
H 10 1 1 18
H 10 0 1 16
V 10 0 10 2
H 15 0 1 8
H 15 0 1 10
V 12 9 6 1
H 12 8 1 12
V 12 15 6 1
V 13 15 6 1
H 12 13 1 2
V 12 13 6 1
V 12 11 8 3
V 16 15 2 1
V 15 0 2 4
V 14 6 2 1
H 15 0 1 10
V 12 7 6 3
V 12 13 4 1
H 12 7 1 8
H 12 7 1 12
V 12 14 2 5
V 12 14 4 4
H 10 0 2 18
H 10 0 2 6
V 10 0 8 2
H 12 0 4 6
V 15 6 2 1
H 15 0 1 10
V 12 7 6 2
H 12 7 1 12
V 15 14 4 1
V 12 14 6 1
V 13 14 6 1
H 8 17 1 2
H 7 12 3 6
V 7 17 4 2
H 10 1 2 18
V 10 9 2 1
H 10 0 1 16
V 10 0 10 2
H 15 0 4 4
H 15 0 1 10
V 12 7 6 2
V 12 10 2 1
H 12 7 1 10
H 12 7 1 12
V 12 14 2 5
V 13 18 2 1
V 12 18 2 1
H 4 12 1 2
V 3 13 6 6
V 3 17 8 1
H 8 16 1 2
H 10 0 2 18
H 10 0 2 16
V 10 0 10 2
H 15 0 1 8
V 14 0 2 1
H 15 0 1 10
H 12 8 1 2
V 12 9 6 1
H 12 7 1 12
V 12 14 4 3
H 12 14 3 4
V 4 16 2 1
V 9 17 2 1
H 5 1 5 18
V 9 17 2 2
H 10 0 1 18
V 10 11 2 1
H 10 0 1 16
V 10 0 10 1
H 15 0 1 4
H 15 1 1 10
V 12 7 6 1
V 12 12 2 2
H 12 7 1 6
H 12 7 1 12
V 13 14 2 1
V 12 11 2 1
V 12 14 2 4
V 12 14 4 3
V 7 17 4 2
H 10 0 1 18
H 10 0 1 16
V 10 0 10 1
H 15 0 1 4
V 15 3 2 1
H 15 1 1 10
V 12 7 6 3
H 12 7 1 10
V 12 11 6 3
V 12 11 8 2
V 0 2 2 7
V 0 12 2 1
V 0 7 10 2
H 3 6 1 2
H 6 0 1 20
V 4 17 8 1
H 10 0 1 18
V 10 13 2 1
H 10 0 1 16
V 10 0 10 1
H 15 0 1 4
H 15 1 1 10
V 12 7 6 2
H 12 7 1 12
H 15 12 1 2
V 12 13 6 1
V 13 11 6 3
V 14 0 2 5
H 15 2 1 8
V 12 8 6 1
H 12 8 1 10
V 12 11 4 3
V 12 11 6 3
H 10 0 2 10
H 12 0 1 2
V 10 0 8 1
H 14 0 2 4
V 13 7 4 1
V 13 3 2 1
V 15 5 2 1
H 15 0 1 10
V 12 7 6 1
H 12 7 1 6
H 12 7 1 10
V 12 14 4 2
H 14 15 1 2
H 5 0 5 12
V 5 15 2 1
H 6 0 2 18
V 6 17 6 1
H 10 0 1 18
H 10 0 1 16
V 10 0 10 1
H 15 0 2 4
H 15 0 1 10
V 12 7 6 2
H 12 7 1 6
H 12 7 1 10
V 12 14 2 4
V 12 14 4 2
V 0 1 8 5
V 2 7 2 1
H 3 5 7 4
H 6 0 1 20
V 4 17 8 1
H 10 0 1 18
H 10 0 1 16
V 10 0 10 1
V 15 2 2 1
H 15 0 1 8
H 15 1 1 10
V 12 9 6 1
H 12 7 1 10
V 12 14 4 1
V 13 14 4 1
V 1 9 2 10
H 2 9 1 2
H 2 0 1 20
H 5 6 1 2
V 0 7 8 2
H 6 2 1 18
V 4 17 8 1
H 10 0 1 18
H 10 0 1 16
H 12 0 1 2
H 17 0 1 2
V 10 0 10 1
V 16 3 2 1
H 15 3 1 2
H 15 0 2 4
H 15 1 1 10
V 12 7 6 1
H 12 7 1 10
H 12 8 1 10
V 12 17 2 1
V 15 3 2 1
V 15 8 2 1
H 15 1 1 8
V 12 7 6 1
H 12 7 1 8
H 16 12 1 2
V 12 11 6 2
V 13 11 6 1
V 15 0 4 4
H 15 1 1 10
V 12 7 6 1
H 12 7 1 10
V 12 11 4 3
H 12 10 1 2
V 12 11 6 2
V 15 13 2 1
H 11 2 1 2
V 4 5 6 3
V 6 12 2 1
H 6 0 1 20
V 3 17 8 1
H 10 1 2 18
H 10 0 2 16
V 10 0 10 1
H 15 0 1 4
H 15 0 1 10
V 12 7 6 1
H 12 7 1 10
H 12 8 1 10
V 2 10 2 1
H 1 9 2 10
V 0 10 10 1
H 6 6 1 14
H 10 16 1 2
V 4 17 8 2
V 10 16 2 1
H 10 1 1 18
V 10 3 2 1
H 10 0 1 16
V 10 0 10 1
H 15 0 1 8
V 14 7 2 1
H 15 0 1 10
V 12 9 6 1
H 12 7 1 10
V 12 14 4 1
H 14 14 1 2
V 2 2 6 7
H 5 1 4 10
H 6 0 1 20
V 3 17 8 2
H 10 0 1 18
H 10 0 1 16
V 10 0 10 1
H 15 0 1 4
H 15 0 1 10
V 12 7 6 2
H 12 7 1 8
V 12 14 2 1
H 12 7 1 10
V 12 16 2 1
V 5 7 2 11
V 6 2 2 1
H 6 2 1 18
V 4 17 8 2
H 10 1 1 18
H 10 0 1 16
H 16 0 1 2
V 10 0 10 1
H 15 0 1 8
H 15 0 1 10
V 12 8 6 2
H 12 7 1 10
V 12 14 2 2
H 12 13 1 2
V 12 14 4 1
H 3 15 5 4
H 9 16 1 2
V 4 17 8 2
H 10 1 1 18
H 10 0 1 16
V 10 0 10 2
H 15 0 2 4
H 15 0 1 10
V 12 7 6 1
H 12 7 1 6
H 12 7 1 10
V 12 13 2 1
V 12 15 2 1
H 6 5 4 14
V 9 17 2 2
H 10 1 2 18
H 10 0 2 16
V 10 0 10 2
H 15 0 4 4
V 15 3 2 1
H 15 0 1 10
V 12 7 6 3
V 12 9 2 1
H 12 7 1 10
V 12 11 4 3
V 13 11 4 2
V 14 13 2 1
V 3 2 4 4
H 3 6 1 2
H 3 4 6 6
V 6 8 2 1
H 6 0 1 20
V 3 17 8 2
H 10 1 1 18
H 10 0 1 16
V 10 0 10 1
H 15 0 3 4
V 15 3 2 1
H 15 0 1 10
V 12 7 6 2
H 12 7 1 8
V 12 12 2 1
H 12 7 1 10
V 9 17 2 2
H 10 1 1 18
H 10 0 1 18
V 10 0 10 1
V 14 3 2 1
H 15 0 1 4
H 15 0 1 10
V 12 7 6 1
H 12 7 1 8
V 12 11 4 2
V 13 11 4 1
V 4 8 4 1
H 6 1 2 18
H 10 16 1 2
V 4 17 8 2
H 10 1 2 18
H 10 0 1 16
V 10 0 10 1
H 15 0 3 4
H 15 0 1 10
V 12 7 6 1
H 12 7 1 6
H 12 7 1 8
V 12 14 2 1
V 0 8 10 1
H 6 0 1 18
V 3 17 8 1
H 10 1 2 18
H 8 0 2 16
H 10 0 2 16
V 10 0 10 1
H 13 0 3 6
V 11 0 8 1
H 15 0 1 10
V 14 9 2 1
V 12 7 6 3
H 12 7 1 8
V 12 11 4 2
H 14 12 1 2
H 8 0 2 18
V 9 17 2 2
H 10 1 2 18
H 10 0 1 16
V 10 0 10 2
H 10 0 2 6
H 15 0 1 6
H 15 0 1 10
V 12 7 6 3
V 12 10 2 1
H 12 7 1 8
V 12 11 2 3
V 12 11 4 2
H 13 11 1 2
V 14 0 2 1
V 10 0 10 2
H 15 3 1 2
H 15 0 3 4
H 15 4 1 2
H 15 0 1 10
V 12 7 8 1
H 17 5 3 6
H 12 10 1 2
V 4 8 2 1
H 5 1 4 10
V 8 13 2 1
H 8 1 1 18
V 7 17 4 2
H 10 0 1 18
H 10 0 1 16
V 10 0 10 1
H 15 0 1 8
H 15 1 1 10
V 12 9 8 1
H 3 8 1 2
H 12 8 1 2
H 5 17 1 2
H 5 12 5 6
V 8 17 4 1
H 10 1 1 18
H 10 0 1 16
V 10 0 10 1
H 14 5 1 2
H 13 0 3 6
V 15 5 2 1
H 15 0 1 10
V 12 8 8 1
V 18 2 2 1
V 18 4 2 4
H 15 4 5 4
H 6 9 1 2
H 14 9 1 2
V 5 13 2 7
V 3 17 8 1
V 10 13 2 1
H 10 0 1 18
H 10 0 1 16
H 13 0 1 2
V 10 0 10 1
H 15 0 1 10
V 14 9 2 1
H 15 1 1 10
V 15 10 2 1
H 9 11 1 8
V 9 17 2 2
H 10 1 1 18
V 10 5 2 1
H 10 0 1 16
V 10 0 10 2
V 11 1 8 1
H 15 0 1 8
H 15 1 1 10
V 14 7 4 3
V 17 8 2 1
V 0 9 10 1
H 3 3 4 16
V 3 17 8 2
H 9 8 1 2
H 10 8 1 2
H 10 0 1 18
H 10 0 1 16
V 10 0 10 2
H 15 0 1 8
V 12 7 4 1
V 15 8 2 1
H 15 0 1 10
V 13 7 4 3
H 3 16 7 2
V 5 17 6 1
H 10 0 1 18
H 10 0 1 16
V 10 0 10 2
H 15 0 1 8
H 15 0 1 10
V 15 3 2 1
V 15 9 2 1
H 4 13 1 2
V 3 14 6 3
H 4 14 3 6
V 4 17 8 1
V 10 9 2 1
H 10 0 1 18
H 10 1 1 14
V 10 1 10 1
H 11 0 1 2
H 15 0 1 10
V 12 4 8 3
H 0 9 2 8
H 5 10 1 2
H 8 10 1 2
V 0 9 10 2
H 3 3 2 2
H 3 4 4 16
V 4 17 8 1
H 10 0 2 18
H 11 8 1 2
H 10 0 2 16
V 10 0 10 2
V 15 1 2 1
H 15 0 1 4
H 15 0 1 10
V 12 7 6 1
V 0 0 2 9
V 0 11 2 9
V 0 4 10 1
H 2 3 6 6
V 6 13 2 1
H 6 0 1 20
V 4 17 8 1
H 10 0 2 18
H 10 0 2 16
H 15 1 1 2
V 10 0 10 2
H 15 3 1 2
H 14 0 3 4
V 14 8 2 1
H 15 0 1 10
V 13 7 6 1
V 1 9 2 11
H 2 0 1 20
H 4 9 1 4
V 1 9 8 2
V 4 2 2 1
V 4 16 2 1
H 5 3 5 16
V 3 17 8 2
H 10 1 2 18
H 10 0 1 16
V 10 0 10 2
V 15 5 2 1
H 14 0 2 6
H 14 2 1 2
H 15 0 1 10
V 14 7 4 2
V 14 8 2 1
H 7 3 3 6
V 6 3 2 1
V 6 18 2 1
V 6 19 2 1
H 7 1 2 18
V 8 17 4 2
H 10 0 1 18
H 10 0 1 16
V 10 0 10 1
V 12 3 4 1
H 15 0 1 10
V 12 5 8 1
V 13 3 4 1
V 14 6 4 1
H 14 1 2 6
V 12 5 6 2
H 6 16 1 4
V 4 17 8 1
H 10 0 1 18
H 10 0 1 16
V 10 0 10 1
V 14 5 2 1
H 15 0 1 8
V 12 4 8 1
H 2 6 8 4
H 8 1 1 18
H 11 1 1 18
V 6 18 2 1
V 7 17 4 2
H 10 1 1 18
H 10 0 1 16
V 10 0 10 1
V 15 1 2 1
V 15 3 2 1
H 12 0 4 6
H 15 0 1 8
V 15 7 2 1
H 15 5 1 2
H 12 4 6 2
H 15 3 1 2
V 15 2 4 1
V 15 4 4 1
H 11 1 1 2
H 19 1 1 2
V 10 1 8 1
V 14 4 2 1
H 15 0 1 8
V 14 4 4 2
H 2 0 1 20
V 0 3 8 6
H 6 0 1 20
V 4 17 8 1
H 10 0 2 18
H 10 0 2 16
H 14 0 1 2
V 10 0 10 1
V 15 1 2 1
H 15 0 1 6
V 12 3 8 1
H 5 4 4 6
V 6 18 2 1
H 6 0 1 20
V 4 17 8 1
H 10 0 1 18
H 10 0 1 16
H 12 0 1 2
H 19 0 1 2
V 10 0 8 1
V 10 0 10 1
H 18 0 1 2
H 10 0 1 18
V 10 0 8 1
H 13 0 2 6
V 13 1 2 1
H 14 1 1 6
H 14 2 2 4
V 14 2 4 2
V 8 14 2 1
H 8 5 1 14
V 6 17 6 2
V 10 4 2 1
H 11 1 1 18
V 10 11 2 1
H 11 0 1 16
V 10 0 8 1
H 13 0 4 4
H 15 0 1 6
V 12 5 2 1
V 13 0 2 6
H 12 1 1 2
V 11 1 8 1
H 10 16 1 2
V 4 17 8 1
H 10 0 2 18
H 10 0 2 14
V 15 1 2 1
V 10 0 6 2
H 12 0 2 6
V 12 2 4 3
V 6 10 2 1
V 6 15 2 1
V 5 1 2 10
H 6 0 1 12
V 4 1 2 1
H 5 0 2 20
V 4 17 8 1
H 10 0 2 18
H 10 0 1 16
H 12 1 2 2
V 10 0 6 2
H 10 0 1 6
V 10 0 8 2
V 1 4 2 1
H 2 0 1 20
V 1 4 8 5
V 6 5 2 1
H 6 1 1 18
V 3 17 8 1
H 10 0 1 18
V 10 1 2 1
V 10 10 2 1
H 10 6 1 2
H 10 0 1 14
H 13 1 1 2
V 10 1 8 1
H 12 1 5 2
H 13 0 2 6
V 8 11 2 1
V 8 18 2 1
H 9 1 1 18
V 0 0 10 2
H 6 0 1 14
V 4 0 6 1
H 6 0 1 20
V 3 17 8 1
H 10 0 1 18
H 10 0 1 14
V 10 0 6 2
H 12 1 1 2
H 14 0 1 2
V 10 1 8 1
H 7 12 1 2
H 3 13 6 6
V 7 17 4 2
H 10 0 1 18
H 11 6 1 4
H 10 0 2 16
V 10 0 4 2
V 10 0 6 2
V 4 19 4 1
H 6 16 1 4
V 4 17 8 2
H 10 1 2 18
H 10 0 1 16
H 11 1 1 2
V 10 0 4 2
V 13 1 2 1
H 12 0 2 4
H 12 0 1 6
V 2 5 6 6
H 6 5 1 2
H 5 6 2 14
H 10 16 1 2
V 4 17 8 1
H 11 9 1 2
H 10 1 2 18
H 10 1 1 14
V 10 1 6 1
H 12 1 3 2
H 12 1 2 4
V 11 0 4 1
H 7 5 2 4
H 8 1 2 18
V 7 17 4 2
H 10 1 1 18
H 10 0 1 16
V 10 0 4 2
H 12 0 1 4
H 12 1 1 4
V 0 11 2 9
V 1 10 2 9
V 2 7 2 1
H 2 0 1 20
V 2 7 8 2
H 6 1 4 18
V 4 17 8 2
H 10 1 2 18
H 10 1 2 14
H 11 0 1 4
V 10 0 4 2
V 10 1 6 1
V 12 1 2 2
H 11 0 2 2
V 10 3 2 1
H 11 1 1 16
V 10 1 4 1
V 4 10 4 2
H 6 18 1 2
H 6 5 2 14
H 9 16 1 2
V 4 17 8 1
H 11 1 1 18
V 10 10 2 1
H 11 1 1 14
H 10 1 1 2
H 8 5 1 2
H 5 1 5 10
H 9 0 1 18
H 10 16 2 2
V 8 17 4 1
H 11 3 1 16
H 11 2 1 14
H 11 4 1 2
V 10 5 2 11
H 10 4 1 4
V 5 10 4 9
H 6 16 1 2
V 4 17 8 2
H 10 7 2 12
H 10 6 2 12
V 10 15 2 2
H 11 12 1 2
V 9 18 2 1
H 10 7 2 12
V 10 8 2 1
H 10 6 1 8
V 10 7 2 1
V 10 12 2 1
H 11 8 1 2
H 8 17 1 2
H 3 16 7 2
V 6 17 6 2
H 10 9 1 10
H 10 14 1 2
H 10 9 1 6
H 11 10 1 2
H 0 2 8 6
H 6 0 1 20
V 3 17 8 1
V 10 14 2 1
H 10 10 1 8
H 10 10 1 6
H 7 7 3 2
H 6 1 4 18
V 8 17 4 2
V 10 16 2 1
H 11 13 1 6
H 11 13 1 2
H 7 1 2 14
H 8 1 2 18
V 8 17 4 2
H 10 13 1 6
H 10 13 1 2
V 1 5 8 3
H 3 6 1 6
V 3 8 2 1
V 3 2 4 1
H 3 0 1 20
V 3 19 8 1
V 4 19 8 1
H 10 14 1 2
H 5 16 2 4
V 3 19 8 1
H 11 17 1 2
V 7 10 2 1
V 7 17 2 1
V 9 17 2 1
H 8 1 2 18
V 8 17 4 1
H 11 16 1 2
V 5 8 2 1
H 6 5 1 8
H 6 0 1 20
H 5 18 1 2
V 4 19 6 1
H 9 3 1 6
H 9 0 1 8
H 6 18 1 2
H 8 0 1 2
H 6 1 4 18
V 8 17 4 1
H 10 16 1 2
V 0 11 2 9
V 1 13 2 7
H 2 0 1 20
V 1 7 8 2
H 6 0 1 20
V 3 17 8 2
V 3 16 4 4
V 3 19 6 1
V 4 16 4 3
H 3 17 5 2
H 4 16 1 2
V 3 17 8 1
V 4 3 2 1
V 4 18 2 1
V 2 0 2 1
V 1 1 4 8
V 0 0 8 2
H 6 0 2 2
V 6 8 2 1
V 6 16 2 1
V 7 1 2 17
H 3 4 6 14
V 4 15 4 3
H 5 12 2 8
V 6 8 2 1
V 5 6 4 8
H 7 1 2 12
V 4 17 2 1
H 5 13 2 6
H 2 8 8 2
V 6 5 2 1
H 7 4 3 12
H 7 15 1 2
V 0 5 2 1
V 0 15 2 3
H 1 1 7 6
H 2 0 1 2
H 9 3 1 10
H 8 14 1 2
V 7 11 2 4
V 3 13 2 1
H 4 6 4 12
V 5 16 2 1
V 4 7 2 13
V 5 7 2 1
V 5 10 2 1
H 4 6 2 14
H 9 4 1 8
V 8 9 2 6
H 9 13 1 2
H 8 3 1 2
V 3 3 6 1
V 7 9 2 1
V 8 9 2 5
H 5 6 4 10
H 0 18 1 2
H 4 18 1 2
V 5 1 2 16
H 5 1 2 14
V 6 3 2 13
H 7 7 1 10
H 9 4 1 10
V 2 7 8 1
V 5 3 2 1
H 5 0 1 14
V 3 14 6 1
V 4 4 2 1
H 5 1 1 14
V 3 7 4 9
V 3 11 2 1
H 3 6 1 14
H 0 9 3 4
V 0 9 6 1
H 4 0 1 18
V 3 8 4 8
V 4 11 6 1
H 3 9 1 4
H 3 10 7 4
H 1 0 3 2
V 0 1 2 1
V 3 15 4 1
H 5 2 1 2
V 6 7 2 1
V 1 3 6 3
V 1 1 2 1
V 1 6 2 1
V 2 1 2 10
H 3 0 1 8
V 8 10 2 2
H 8 8 1 6
V 3 4 4 2
H 4 1 1 8
H 1 4 6 4
V 4 6 6 3
V 6 10 4 3
H 5 7 3 8
V 4 6 2 10
H 3 12 2 6
H 2 4 6 6
V 2 7 2 3
H 2 8 6 2
H 2 0 1 20
V 2 8 4 3
V 0 9 10 1
H 9 7 1 6
H 2 2 3 4
V 5 9 4 4
H 1 16 1 4
V 7 6 2 1
H 5 5 3 6
H 2 0 1 14
V 4 9 6 3
H 6 5 1 10
V 5 5 2 5
H 5 3 1 10
V 4 15 2 1
H 1 7 1 2
V 0 6 8 2
H 5 11 1 2
H 3 6 5 6
V 3 8 2 1
H 3 2 1 16
H 6 4 1 2
V 6 13 2 1
V 8 8 2 1
H 8 7 1 2
V 0 4 6 3
V 2 10 2 1
H 2 8 1 10
V 1 11 2 6
V 0 16 2 1
H 0 11 2 8
V 3 9 2 7
H 3 8 2 8
H 3 13 1 4
V 2 6 4 4
H 2 3 3 8
V 2 5 2 6
V 1 5 6 1
H 4 4 1 2
V 0 5 6 2
H 0 3 3 6
V 4 9 6 2
H 5 13 1 2
V 6 9 2 1
H 3 8 4 6
V 4 14 2 1
V 0 7 8 2
H 2 7 6 4
V 7 11 2 1
H 0 12 1 2
H 5 12 1 2
V 5 8 4 1
H 4 7 4 6
H 4 6 1 2
H 2 6 1 8
V 1 6 4 3
H 2 4 1 6
V 1 7 8 1
V 3 5 2 1
V 3 7 2 8
H 3 2 1 12
V 0 9 6 2
H 3 4 1 8
H 4 6 1 6
V 0 6 8 2
H 1 2 1 2
V 6 7 2 5
H 7 10 1 2
V 0 14 2 2
H 0 15 1 2
H 0 14 2 4
V 5 9 4 2
H 8 9 1 2
H 5 8 3 2
H 6 7 1 6
V 0 8 6 1
H 0 5 3 4
H 0 4 1 4
H 3 5 1 2
V 0 6 6 3
H 2 2 1 8
V 2 8 2 1
H 3 4 1 6
V 0 7 8 1
V 1 6 4 3
H 2 8 3 2
H 2 3 1 14
V 2 3 2 2
H 3 3 1 2
H 3 14 1 2
V 0 7 4 2
H 2 8 1 2
V 0 9 4 1
H 1 9 1 2
H 0 9 1 8
H 0 9 1 10
H 1 4 1 2
H 3 12 2 2
V 4 12 2 1
V 5 8 2 1
V 6 8 2 3
H 6 10 1 2
H 6 9 1 2
V 1 5 2 1
H 2 3 1 4
H 0 10 1 8
H 3 7 1 8
H 3 10 3 2
V 0 9 8 2
H 3 6 2 8
H 1 9 1 6
H 0 9 2 8
V 1 10 2 1
V 0 10 4 1
V 0 9 6 1
H 2 4 1 10
V 0 5 4 1
V 0 6 2 3
V 0 7 6 2
H 4 8 1 2
V 1 9 8 1
H 2 13 1 2
H 6 8 1 2
V 2 5 2 6
H 3 5 1 2
H 0 10 2 6
H 4 11 1 2
V 4 7 2 5
H 5 7 1 4
H 2 4 1 10
V 0 7 2 1
V 0 11 2 3
H 1 9 1 6
V 3 11 2 1
V 0 9 6 1
V 2 10 2 1
H 2 6 1 8
H 2 8 1 2
V 1 9 6 1
V 0 12 2 1
H 1 12 1 2
V 2 9 4 1
V 1 9 4 2
H 3 8 1 4
H 2 7 1 2
V 1 8 4 1
H 1 7 1 2
V 0 8 4 1
V 1 7 2 1
H 2 8 1 2
V 0 9 4 1
H 2 6 1 6
V 1 9 4 1
H 2 7 1 6
H 0 9 4 2
V 1 9 2 3
H 2 8 2 2
V 1 8 2 1
H 2 8 1 2
H 0 10 3 2
V 2 9 2 2
H 2 8 1 4
H 0 11 1 2
H 0 10 1 2
H 0 9 1 2
V 0 9 2 1
V 1 9 2 1
H 2 9 1 2
H 0 10 1 2
H 0 9 1 2
