H 13 17 1 2
V 15 1 2 1
V 11 14 2 1
V 6 13 2 1
V 10 16 2 1
H 18 0 1 2
V 12 1 8 19
H 16 9 1 4
H 16 0 4 20
H 18 0 2 18
H 11 14 1 2
H 16 14 1 2
V 10 15 10 5
H 18 13 1 2
V 14 16 2 1
H 6 14 14 6
H 9 7 1 6
H 5 9 1 2
V 1 10 18 1
V 18 4 2 1
V 16 17 2 1
H 9 0 1 20
H 17 0 2 20
H 12 9 1 2
H 2 3 1 12
V 0 10 20 2
H 19 1 1 18
V 8 4 2 1
V 3 0 6 17
H 4 18 1 2
H 15 18 1 2
H 17 18 1 2
V 0 15 20 4
V 6 17 12 1
V 15 8 2 1
H 16 0 2 20
V 17 8 2 1
V 12 7 2 1
H 13 0 5 12
V 8 12 2 1
V 7 11 2 8
H 11 12 1 2
V 0 12 20 1
H 3 12 1 2
H 17 6 2 14
V 6 16 14 3
V 17 3 2 1
H 18 3 2 16
V 18 13 2 1
H 19 2 1 12
H 0 7 9 2
V 2 12 4 1
V 2 18 2 1
H 1 0 2 20
V 1 12 16 8
H 0 18 1 2
V 0 18 20 1
H 1 9 9 2
V 0 10 14 1
V 0 10 20 1
H 18 1 1 18
H 12 1 5 4
V 12 4 6 1
V 14 8 6 1
V 10 3 10 12
H 17 10 1 10
V 12 2 2 1
H 13 0 4 12
H 17 1 1 2
H 0 0 8 10
V 3 10 2 1
H 1 0 3 20
V 6 17 2 1
V 1 14 12 4
H 13 16 1 2
V 0 17 20 1
V 18 16 2 1
V 12 3 2 1
V 12 3 4 5
V 13 4 2 1
H 14 0 2 14
V 14 5 6 3
H 18 3 1 4
H 5 14 1 2
V 0 15 20 1
H 16 13 2 6
H 16 12 1 2
V 11 13 6 6
H 14 2 3 18
H 15 1 2 8
V 15 7 2 1
H 16 4 1 16
H 16 17 1 2
H 14 0 1 20
V 10 1 6 6
H 7 3 2 16
V 0 10 20 3
V 17 14 2 1
H 17 2 1 16
V 16 13 4 3
H 13 13 6 4
H 18 5 1 2
V 18 6 2 10
H 19 5 1 6
V 10 3 8 2
H 16 2 1 2
V 12 2 4 3
H 14 2 2 16
H 15 2 1 18
H 10 18 1 2
V 6 1 4 2
H 6 1 4 8
V 8 13 2 1
H 9 0 1 20
V 0 15 20 1
H 0 7 3 4
H 8 10 1 2
V 0 10 14 1
H 15 2 1 12
H 19 9 1 2
V 0 10 20 2
H 17 3 1 14
V 13 1 2 6
H 14 6 1 2
H 14 1 1 6
V 17 11 2 1
V 14 4 4 13
V 6 14 10 1
H 14 12 3 6
V 16 9 4 2
H 18 7 2 8
V 14 3 2 1
V 14 18 2 1
V 1 15 18 1
V 0 16 16 1
H 3 16 1 4
V 0 15 18 2
V 6 5 4 13
H 8 8 1 2
H 7 3 1 2
H 2 4 8 10
H 19 8 1 6
V 0 10 20 1
H 18 5 1 10
H 8 1 1 18
V 4 10 16 1
V 15 14 4 1
H 16 3 1 14
V 4 14 2 1
H 5 2 2 16
H 2 11 1 2
H 5 11 1 2
V 0 10 14 2
H 3 9 1 2
H 13 0 1 20
V 1 1 2 1
H 1 1 1 16
H 2 10 2 2
V 1 10 16 1
V 0 10 20 1
H 17 9 1 2
H 13 6 7 8
V 13 2 2 14
H 14 2 1 2
V 12 4 2 1
H 10 0 3 6
V 17 6 2 1
V 10 8 6 1
V 14 6 4 4
H 16 4 1 10
V 3 10 12 7
H 14 13 1 6
V 8 10 12 4
V 15 10 4 3
H 14 10 4 6
V 13 4 2 13
H 11 1 3 10
H 7 1 1 2
H 13 1 1 2
H 13 2 1 18
V 13 3 2 1
H 13 1 1 14
V 10 12 2 1
V 10 18 2 1
H 11 4 1 16
V 7 15 10 2
V 10 11 4 4
V 13 6 2 1
H 11 4 3 12
H 11 5 1 2
V 10 5 8 1
V 12 15 4 2
V 16 10 2 1
V 13 8 4 8
H 16 14 1 2
V 18 8 2 5
H 18 8 2 4
V 11 4 2 1
V 11 15 2 1
V 12 3 2 3
V 12 14 2 5
H 10 1 3 6
V 16 9 2 1
V 17 7 2 5
H 15 9 3 6
H 8 12 5 8
H 15 4 1 12
H 0 17 13 2
V 8 0 2 1
V 8 13 2 2
V 3 10 12 8
H 2 11 1 2
V 2 12 8 3
H 7 11 5 4
H 8 7 1 6
V 0 12 20 1
V 14 9 6 3
H 19 9 1 2
H 12 2 1 4
H 15 9 1 6
V 10 7 8 5
H 10 9 1 6
H 10 3 4 8
H 15 7 1 2
V 11 8 8 3
H 18 8 1 2
V 14 6 2 1
V 14 9 2 1
V 2 12 14 3
H 8 13 7 4
V 6 14 10 2
V 11 9 2 1
V 11 15 2 4
H 12 15 1 4
H 8 14 2 6
H 16 9 1 6
V 1 14 16 1
V 7 11 4 9
H 10 0 1 20
H 10 0 1 2
H 16 7 2 2
V 1 9 2 1
H 0 7 2 12
V 1 11 16 1
H 6 10 1 2
V 0 11 20 1
H 10 2 2 2
V 11 3 2 1
V 7 12 4 7
H 10 18 1 2
V 16 8 2 5
H 11 10 6 4
V 3 14 10 4
H 10 1 1 18
H 10 14 1 2
V 9 10 4 5
H 10 2 2 16
H 5 6 5 6
H 8 10 1 10
H 1 9 1 2
H 14 10 1 2
V 0 10 20 1
H 1 0 4 12
V 0 10 18 1
V 10 10 2 1
H 11 5 3 12
H 0 15 13 2
V 11 14 4 2
V 4 3 6 6
H 7 2 2 18
V 0 12 18 1
H 17 8 1 2
V 13 5 2 1
H 14 8 1 6
V 14 10 4 2
V 11 8 2 9
V 11 11 2 1
V 10 6 2 1
H 11 3 1 12
V 11 6 4 5
V 10 9 8 1
H 13 5 1 10
V 11 8 6 1
H 7 11 1 2
V 0 17 2 1
V 1 12 8 8
V 5 15 2 1
V 7 19 2 1
H 6 14 2 6
V 1 12 12 5
V 5 6 4 1
H 8 0 1 20
V 1 12 16 1
V 2 16 2 1
H 3 2 3 18
H 1 9 1 2
V 0 10 16 1
H 13 5 1 10
V 9 10 4 5
H 10 2 1 16
H 11 14 1 2
V 7 15 6 1
V 8 11 8 1
H 10 6 1 12
H 11 5 2 10
V 12 6 2 1
V 9 10 2 5
H 4 7 6 12
H 10 12 1 2
V 0 11 14 2
H 10 9 4 6
V 6 13 8 1
H 3 5 1 4
H 3 2 7 12
V 4 11 12 2
H 3 3 7 14
V 8 11 4 6
V 4 11 10 2
V 7 18 2 2
H 8 4 1 16
H 10 5 1 12
V 5 10 12 2
H 16 9 1 2
H 15 8 1 2
H 3 3 1 16
H 10 10 1 2
V 0 10 16 1
H 10 4 2 12
V 15 11 2 1
H 10 4 1 6
V 13 8 2 5
H 7 9 1 4
H 13 9 2 4
V 12 7 2 7
H 10 9 3 6
V 5 10 12 1
H 10 5 1 12
V 10 8 2 1
H 1 9 8 8
V 0 10 2 1
V 4 10 12 1
H 14 8 1 4
V 7 10 6 4
H 11 14 1 2
V 11 8 2 1
H 10 6 1 8
H 10 7 2 8
H 10 5 1 4
V 10 7 4 3
H 9 6 1 10
H 8 5 1 8
V 4 8 6 7
V 7 9 2 1
H 8 0 1 18
V 8 1 2 1
H 8 0 1 10
V 7 4 2 3
H 7 5 2 10
H 1 10 1 2
V 1 10 16 1
H 0 0 8 2
V 7 1 2 1
V 10 8 2 7
H 10 14 1 2
H 10 10 5 2
V 14 10 2 1
V 9 14 2 1
H 10 9 2 6
H 0 16 6 2
V 2 15 8 2
V 5 5 2 9
H 6 8 1 12
V 7 10 4 5
H 6 5 2 14
H 10 5 1 10
H 10 5 1 6
V 1 10 14 1
V 9 10 2 1
H 10 6 2 8
H 6 2 3 12
V 2 9 6 1
H 7 2 2 16
H 2 7 1 2
V 0 1 4 7
H 3 14 1 6
V 0 6 10 10
V 6 0 2 1
H 7 0 1 14
H 7 4 2 10
H 7 12 1 2
V 5 13 8 1
H 5 7 1 10
V 2 1 6 9
H 6 1 1 18
V 0 12 14 1
H 5 15 2 4
V 5 15 4 2
V 7 12 6 1
V 10 7 2 6
H 11 8 1 6
V 3 4 6 1
H 7 5 1 2
H 4 2 5 4
H 6 7 1 12
V 3 12 8 2
H 10 13 1 2
V 5 4 2 4
H 6 0 1 14
H 5 1 3 16
H 5 1 3 4
V 1 11 12 1
H 12 11 1 2
H 2 17 1 2
V 0 0 6 18
H 4 0 1 6
V 0 3 10 1
H 4 14 1 4
V 4 3 2 1
H 4 2 1 14
V 0 14 10 2
V 3 3 6 9
H 4 8 5 2
V 5 8 2 1
H 4 0 2 20
H 1 2 7 12
V 1 10 12 1
V 6 11 6 1
H 10 8 3 4
V 1 3 4 17
H 4 2 1 18
V 0 10 14 1
H 11 7 1 6
H 9 4 1 6
V 3 1 2 17
H 1 16 1 2
H 0 15 7 2
V 1 13 8 3
H 2 17 1 2
V 0 4 6 14
H 2 14 3 6
V 1 16 6 2
H 9 8 1 4
V 7 10 6 2
H 12 9 1 2
V 4 5 6 1
H 3 1 4 8
V 0 9 10 1
H 6 5 4 10
H 9 9 1 2
V 8 10 4 3
H 11 9 1 2
V 8 10 6 1
V 5 5 4 6
H 8 3 1 8
V 2 15 6 1
H 7 5 1 12
V 6 13 4 2
H 0 8 10 4
V 5 10 8 2
V 3 17 2 2
H 2 16 2 4
V 2 4 2 1
V 0 2 2 1
V 1 0 2 20
H 1 16 1 2
V 0 17 6 1
H 5 1 1 10
V 0 12 4 3
V 0 14 8 1
H 0 13 7 4
V 1 4 6 9
H 2 0 3 12
V 4 8 6 5
H 7 8 3 6
H 7 14 1 2
H 8 4 1 2
H 9 6 1 2
H 3 2 3 4
V 3 1 2 13
V 3 16 2 1
H 4 1 1 2
V 6 6 4 2
H 2 13 2 6
V 8 7 2 5
H 8 10 1 4
V 9 10 2 2
H 10 10 1 2
V 3 8 2 1
V 3 12 2 1
V 2 0 2 16
V 2 1 2 1
H 3 0 1 6
V 5 6 4 7
V 5 10 2 1
H 5 9 1 8
V 4 6 2 1
V 3 3 4 12
H 6 3 1 8
H 6 14 1 2
H 6 5 1 10
V 4 12 6 1
H 6 10 2 4
V 1 1 2 18
V 4 6 2 1
V 1 2 4 13
V 2 6 2 10
H 2 13 1 6
V 4 9 4 4
H 3 8 1 6
H 0 11 7 4
V 2 14 4 2
H 3 12 1 6
V 0 0 2 20
H 1 10 1 10
H 0 8 6 2
V 0 8 10 1
V 3 5 2 1
H 4 3 1 14
V 9 10 2 1
H 9 10 1 2
H 5 9 1 4
H 2 9 1 2
V 0 10 10 1
H 4 6 2 10
V 4 3 2 1
V 3 4 2 1
H 3 3 1 12
V 0 9 10 2
H 8 7 1 6
V 0 0 2 1
V 0 5 2 13
H 1 14 1 2
H 1 15 1 4
V 0 4 6 1
V 0 12 6 2
H 4 3 1 2
V 2 4 2 3
H 1 1 2 10
H 0 11 4 6
V 5 13 2 1
V 6 6 2 1
H 4 5 1 6
V 0 8 10 2
H 4 4 1 12
V 0 12 6 2
V 0 10 2 1
H 0 6 1 14
V 4 4 2 1
H 3 4 1 12
V 0 12 8 1
V 2 3 2 12
H 2 2 1 2
V 1 4 2 1
V 1 13 2 4
H 0 13 3 4
V 5 8 4 2
H 8 8 1 2
V 7 9 2 1
H 2 8 6 4
H 0 9 5 6
V 0 3 4 4
V 0 5 6 2
V 0 1 2 13
H 0 0 1 6
V 0 2 2 2
V 0 3 4 1
H 0 7 1 12
V 0 8 8 2
H 2 6 1 10
V 0 13 6 1
V 2 4 2 3
H 3 5 1 2
H 1 4 3 4
V 1 6 6 1
H 2 10 1 2
V 0 11 6 2
H 4 12 1 2
V 1 8 6 5
V 0 13 2 1
H 0 5 1 10
V 0 10 8 1
V 1 9 8 2
V 3 9 4 1
H 5 6 1 2
H 4 7 2 6
H 7 9 1 2
H 4 6 1 4
H 2 6 1 10
V 2 9 8 1
H 6 7 1 2
H 0 2 2 4
H 0 1 1 2
H 0 3 3 4
V 3 8 4 4
H 0 6 6 6
V 0 3 2 10
H 0 6 1 12
H 1 3 1 12
H 0 3 2 14
H 2 5 1 4
V 2 7 4 5
H 2 8 5 2
H 2 5 2 10
H 5 10 1 2
V 3 10 2 3
H 3 12 1 2
H 4 8 1 2
V 0 7 6 2
H 5 7 1 2
V 4 10 2 1
V 3 6 2 7
V 3 7 2 1
H 2 5 2 6
H 0 2 1 10
V 6 9 2 1
H 3 7 1 2
V 0 4 2 4
V 0 12 2 1
H 1 4 1 2
V 2 8 2 1
H 2 5 1 4
V 1 7 4 4
H 2 5 1 8
H 1 10 1 2
V 0 10 4 1
H 2 8 1 6
H 2 7 2 4
V 0 8 6 1
H 3 7 1 2
V 0 8 4 1
H 0 8 2 2
V 0 5 2 1
H 0 4 1 12
V 1 9 6 1
V 2 7 2 1
V 2 10 2 2
V 1 8 2 3
H 0 6 2 8
H 0 4 1 10
H 0 12 1 2
H 0 5 1 8
V 0 8 4 3
V 1 9 4 2
H 0 8 3 4
V 2 8 2 1
H 0 6 2 4
V 0 11 2 1
H 0 10 1 4
V 0 7 2 5
V 1 7 2 1
H 0 11 1 2
H 2 9 1 2
V 0 7 2 4
H 0 6 1 2
V 1 9 2 1
H 0 8 1 2
H 0 7 2 4
V 0 9 2 1
V 0 9 4 1
H 1 9 1 2
V 1 9 2 1
H 1 8 1 2
