H 15 9 2 2
V 13 17 2 1
H 19 5 1 2
H 16 0 1 2
H 0 10 1 10
V 8 19 2 1
V 0 18 18 2
V 0 19 20 1
H 1 18 1 2
V 0 0 4 4
H 0 0 13 2
H 10 1 1 2
H 0 0 5 4
H 0 10 2 2
V 0 9 16 2
H 5 12 2 2
V 7 10 2 1
H 0 9 10 8
V 1 15 6 1
V 1 16 2 1
V 1 19 2 1
H 0 10 2 10
V 0 18 18 2
V 8 18 2 1
V 1 19 18 1
V 10 4 2 5
H 0 5 12 2
H 11 4 2 14
H 6 13 1 2
H 14 8 1 2
V 10 7 2 1
V 0 9 20 5
H 12 13 1 2
V 1 16 2 1
H 1 9 1 10
H 2 17 1 2
V 0 18 16 2
H 3 17 1 2
V 0 18 20 1
H 11 7 1 2
H 4 6 9 2
H 13 11 1 2
H 17 11 1 2
H 14 11 1 6
V 11 7 8 5
V 10 1 8 1
H 15 1 5 12
V 0 0 20 2
H 7 1 1 2
V 0 0 8 2
H 1 0 4 4
V 6 7 10 1
V 14 1 2 1
H 14 6 1 2
V 15 10 2 1
H 15 0 1 12
H 12 0 1 2
V 0 1 20 1
H 4 1 1 2
V 0 0 10 2
H 0 1 1 2
V 11 11 2 1
H 12 4 1 14
V 11 9 2 1
H 16 8 1 2
V 0 9 20 6
H 1 10 2 10
V 0 12 2 1
V 0 18 12 2
H 6 18 1 2
H 13 18 1 2
V 0 19 18 1
H 6 5 1 2
H 0 4 13 4
V 10 11 2 1
H 11 4 1 14
H 3 12 1 8
V 0 13 20 2
H 1 9 1 2
H 15 9 1 2
H 0 10 3 10
H 5 18 1 2
H 10 18 1 2
V 0 18 16 1
V 1 18 18 1
H 16 0 2 18
V 14 6 2 1
V 18 2 2 1
H 15 0 4 10
V 0 0 20 2
H 9 0 1 2
V 0 0 12 1
V 0 4 12 2
V 10 18 8 1
H 16 0 4 16
V 15 14 2 1
H 12 1 1 2
V 2 0 18 2
V 1 0 18 1
H 16 1 1 10
H 14 16 1 2
V 11 10 8 7
H 15 0 1 18
H 5 1 1 2
V 0 1 20 1
V 0 1 8 1
H 1 1 1 2
H 3 13 1 2
H 7 13 1 2
V 0 13 20 1
V 1 13 2 1
H 2 13 18 2
H 3 10 1 10
V 0 19 10 1
V 1 19 16 1
V 11 13 6 2
V 15 10 2 1
V 15 13 2 1
H 15 0 1 18
H 15 1 3 8
V 0 1 20 1
V 0 1 10 1
V 16 1 2 2
H 17 0 3 18
V 13 1 4 1
V 16 6 2 1
H 15 0 5 8
V 2 1 18 1
H 3 1 1 2
H 6 1 1 2
V 2 0 16 2
H 2 0 2 4
H 18 3 1 2
V 5 1 14 3
H 5 0 2 4
H 6 1 1 2
H 14 1 1 2
H 16 1 1 2
V 2 0 6 2
H 2 1 1 2
V 8 1 2 1
H 9 0 4 4
V 2 1 16 1
H 2 0 1 2
H 9 0 1 2
V 0 9 20 2
V 0 9 14 2
H 0 9 5 10
H 0 10 2 10
V 0 18 14 2
V 0 18 16 2
H 0 6 12 2
V 5 7 12 1
H 16 12 1 2
H 15 1 2 12
V 2 1 18 1
V 3 0 6 2
H 3 0 1 4
H 15 0 5 8
H 17 0 1 18
H 13 14 1 2
V 0 13 20 2
H 4 14 1 2
H 9 14 1 2
H 9 12 1 2
V 0 13 14 2
H 0 14 1 2
H 0 10 2 10
V 0 18 16 1
V 1 18 16 1
V 12 3 2 1
V 12 9 2 1
V 6 0 14 4
H 15 3 1 14
H 17 1 1 2
H 9 0 10 4
V 2 1 18 1
V 11 5 2 1
H 11 4 2 6
V 8 7 8 1
H 15 0 1 14
V 3 0 16 2
H 5 1 1 2
V 3 0 8 2
V 13 4 6 11
V 18 8 2 1
H 14 6 1 4
H 14 4 5 6
H 19 3 1 2
H 17 10 1 2
H 14 4 6 14
H 19 13 1 2
V 0 8 20 1
V 0 14 20 1
H 4 10 1 10
V 2 18 6 2
V 1 18 14 2
H 11 6 1 10
H 1 12 1 2
V 0 13 20 2
H 1 9 1 10
H 0 17 1 2
V 0 18 12 2
V 0 18 16 1
V 10 16 10 2
H 10 14 1 4
H 8 12 1 2
V 0 13 20 2
H 0 10 2 10
V 0 19 12 1
V 0 19 14 1
H 16 3 1 2
V 13 1 4 3
H 19 0 1 2
H 15 1 5 6
V 14 9 2 1
V 14 13 2 1
H 15 0 1 18
H 18 12 1 2
H 12 14 1 2
V 0 13 20 2
V 0 13 10 5
H 0 10 3 10
V 0 18 14 1
V 1 18 14 1
V 4 4 2 5
V 4 15 2 1
H 3 12 2 8
V 3 18 6 2
V 1 18 12 2
V 6 2 14 2
V 13 2 2 1
H 11 1 3 2
V 4 1 16 1
V 10 15 10 3
V 12 16 2 1
H 10 10 3 8
H 13 12 1 2
V 0 13 20 1
H 0 10 1 10
V 0 18 12 2
H 4 17 1 2
V 0 18 14 1
H 4 6 9 2
H 15 8 1 2
V 0 7 20 2
V 15 9 2 1
H 15 0 1 14
V 6 0 14 3
V 5 0 6 2
H 11 8 1 2
V 0 9 20 1
H 0 9 3 8
H 0 14 1 2
H 0 10 3 10
V 0 18 12 1
H 3 17 1 2
V 1 18 12 1
V 3 4 2 1
V 4 4 8 1
V 10 5 2 1
H 11 4 1 6
V 10 7 8 1
H 15 0 2 12
H 12 0 1 2
V 5 1 14 1
V 5 1 6 1
H 11 18 1 2
V 9 2 2 1
V 9 19 2 1
V 8 19 2 1
H 10 0 1 2
V 0 9 20 5
V 0 10 16 3
H 0 9 3 6
V 0 4 2 5
V 0 14 2 1
H 0 10 1 10
V 0 18 10 1
V 0 18 12 1
H 12 2 1 2
V 5 3 14 1
V 16 3 2 1
V 5 3 12 1
H 9 18 1 2
V 10 0 8 2
H 10 0 7 4
H 11 2 1 2
V 6 3 8 1
H 11 8 1 2
V 4 5 8 4
H 11 8 1 2
H 5 6 1 2
V 3 7 2 1
H 4 5 8 4
H 11 4 2 14
H 7 10 1 2
V 0 11 14 4
V 4 18 2 1
H 2 10 3 10
H 3 17 1 2
V 1 18 8 2
V 7 18 2 1
V 0 7 20 2
V 11 12 2 1
H 11 6 1 12
H 9 14 1 4
H 7 10 1 8
H 5 13 1 2
V 0 14 14 1
H 4 10 1 10
V 2 19 6 1
H 10 0 1 2
V 0 15 8 2
V 0 17 2 1
H 0 14 1 4
V 2 15 4 2
H 2 12 1 8
V 14 2 4 1
V 10 1 10 2
H 13 0 1 2
V 10 1 4 3
V 13 10 4 1
H 17 7 1 2
V 16 8 4 8
V 14 4 2 1
H 15 0 5 18
V 6 18 2 1
H 11 0 1 2
V 1 16 4 2
V 5 18 2 1
H 5 18 1 2
V 17 7 2 1
V 17 10 2 1
V 18 1 2 16
V 18 2 2 1
H 17 8 1 2
H 17 0 2 18
V 13 10 2 1
V 8 10 12 3
H 11 4 2 12
V 1 4 12 1
V 0 4 10 1
V 10 7 2 1
H 11 4 2 6
H 12 4 1 14
V 4 13 16 2
V 3 11 2 1
H 4 9 1 2
H 4 10 1 10
V 4 19 2 1
H 5 4 8 4
V 6 7 14 2
H 15 0 3 10
V 10 2 10 1
V 0 16 2 1
H 12 1 1 2
V 1 4 4 5
H 1 4 1 2
V 1 11 2 6
H 1 11 1 6
H 3 15 2 4
V 13 0 4 3
V 11 2 6 1
V 14 0 4 4
H 15 1 3 6
V 10 3 10 1
V 9 10 2 1
V 3 10 14 1
H 4 9 1 10
V 0 15 8 1
H 13 14 1 2
V 7 11 12 4
H 17 1 2 16
H 18 8 1 2
V 17 7 2 1
H 18 1 1 8
V 11 6 2 1
V 6 5 6 4
V 0 7 20 2
H 19 2 1 12
V 12 10 2 1
H 12 4 1 14
V 1 5 12 2
V 11 8 2 1
V 0 5 12 4
H 0 5 1 2
H 3 16 3 2
V 2 16 2 1
V 13 2 6 2
V 14 2 2 1
H 15 0 1 8
V 14 0 2 1
V 14 3 2 1
V 0 12 6 3
H 3 12 3 6
V 15 2 2 10
H 15 0 1 6
V 12 2 6 1
V 0 13 14 2
H 4 11 1 8
V 6 9 4 9
H 3 10 1 4
V 0 9 20 2
H 15 3 5 14
V 13 8 6 7
V 15 11 2 1
H 16 1 2 16
V 10 8 2 1
H 11 5 2 8
H 5 4 1 2
H 12 4 1 2
V 1 5 12 3
V 1 5 8 2
H 0 12 1 2
H 9 11 1 2
V 0 12 20 1
H 15 0 1 18
V 11 3 8 1
V 4 9 2 9
H 0 12 1 2
H 4 12 1 2
H 4 9 2 8
V 0 9 20 2
V 14 7 2 1
V 14 9 2 1
H 15 0 1 18
V 13 1 4 2
V 3 13 2 4
H 3 15 1 2
H 18 13 2 4
V 3 5 6 3
H 3 4 1 2
V 5 5 2 1
V 0 7 8 2
H 0 7 1 2
H 15 1 1 10
V 14 1 2 1
V 15 6 4 1
H 17 2 1 14
V 3 5 10 1
H 3 5 5 2
H 5 6 1 2
V 1 6 6 1
V 15 5 2 1
V 15 12 2 1
H 16 2 1 16
V 15 9 4 9
H 15 1 2 10
V 10 9 2 9
H 15 10 1 8
H 10 14 10 2
V 1 14 18 1
V 0 9 6 2
V 4 10 4 1
H 4 9 2 8
V 3 12 2 1
H 4 10 1 8
V 9 10 10 5
H 16 2 1 14
H 15 3 1 4
V 14 4 6 12
V 2 15 2 1
H 4 5 1 2
H 1 10 1 4
H 3 10 1 4
V 16 3 2 15
H 10 16 8 2
V 15 4 4 13
V 13 3 4 1
H 15 1 1 4
H 3 10 2 6
H 4 15 1 2
H 10 15 8 2
V 12 15 8 1
V 2 12 10 1
H 2 11 4 4
H 17 4 2 12
H 18 4 1 8
V 7 14 2 1
H 8 9 3 6
V 0 12 16 1
H 4 4 1 2
V 7 12 2 1
H 11 8 1 2
V 1 9 12 4
H 0 9 1 2
V 0 9 20 1
H 17 3 1 12
V 15 11 4 5
H 18 14 1 2
V 4 5 6 3
H 5 4 1 2
V 13 4 2 14
V 13 5 6 1
H 17 4 1 2
H 5 10 8 4
H 6 10 2 8
V 11 8 6 5
H 15 2 1 10
V 14 3 2 1
V 13 5 6 1
H 3 11 1 2
H 16 11 1 2
V 0 11 20 1
H 1 11 1 2
H 9 10 1 8
V 4 11 16 3
H 15 11 3 6
H 11 4 1 12
V 6 4 6 5
V 2 8 18 1
H 17 5 1 2
V 12 9 2 1
H 13 6 7 4
H 11 7 3 4
V 0 9 20 1
V 0 9 2 1
H 3 6 1 2
V 2 9 12 2
H 2 9 18 4
H 3 9 1 6
H 2 12 1 2
H 9 12 1 2
H 12 15 1 2
V 12 13 6 1
V 17 14 2 1
V 10 9 8 7
H 13 4 1 14
V 2 8 18 1
V 3 7 2 1
H 4 5 7 4
H 4 5 2 2
V 6 4 2 5
H 7 5 1 2
H 6 4 5 4
V 17 9 2 1
V 15 11 2 1
V 16 8 2 8
H 17 5 1 6
H 18 7 2 4
H 17 8 3 6
V 15 6 4 9
H 12 11 5 6
V 5 7 14 1
H 18 6 1 2
V 11 6 2 1
V 11 15 2 1
H 5 7 1 2
H 11 6 1 10
V 3 13 16 1
H 9 12 1 2
V 4 13 6 1
V 7 4 2 1
V 7 12 2 1
H 5 12 3 4
V 10 7 10 1
H 13 4 4 6
V 7 13 2 1
V 5 10 6 5
V 5 11 14 4
H 13 12 3 6
V 17 14 2 1
H 17 10 1 2
H 17 6 1 10
V 16 7 4 1
V 10 12 2 1
H 10 10 1 8
V 0 10 20 1
H 7 16 1 2
H 17 14 1 2
V 8 16 2 1
V 7 16 2 1
V 16 12 2 1
V 17 7 2 6
H 17 6 1 2
H 14 12 1 4
V 14 12 4 3
H 17 13 1 2
H 4 10 1 4
V 2 9 4 3
V 3 9 8 4
V 5 7 14 1
V 14 10 2 1
H 15 7 1 10
V 4 8 16 1
H 11 7 1 10
V 4 12 2 1
V 5 12 14 2
H 8 5 1 4
V 5 6 6 1
H 6 7 5 2
V 3 8 6 1
V 6 15 2 1
V 8 8 2 1
H 13 6 1 2
V 4 7 14 2
H 12 6 1 2
H 11 9 1 8
H 17 12 1 2
H 16 8 2 2
V 4 9 16 4
H 9 16 1 2
H 9 9 1 8
V 5 14 8 1
H 14 6 1 6
V 15 13 2 1
V 10 9 6 7
H 14 4 2 10
V 9 7 6 1
H 14 6 3 6
H 12 4 1 14
H 14 4 1 14
V 11 9 8 4
H 14 5 3 8
V 13 5 2 1
H 3 9 5 2
V 2 10 2 1
H 17 10 1 4
H 7 6 2 2
H 8 5 1 4
H 6 5 1 4
V 5 7 6 1
V 6 13 4 2
H 6 13 1 2
H 13 4 2 12
V 12 12 4 4
H 14 8 1 2
H 18 8 1 2
V 5 9 14 1
H 14 10 1 2
H 11 7 7 4
V 10 8 4 1
V 12 7 4 2
H 13 4 2 6
V 11 10 8 1
H 14 5 1 12
H 11 8 1 2
V 4 8 14 1
H 16 6 1 4
V 4 9 14 3
H 14 9 3 6
V 13 13 2 3
H 10 12 4 6
H 9 16 1 2
V 5 10 14 2
H 18 11 1 2
V 7 12 2 1
H 8 9 9 4
V 3 10 14 2
V 3 9 4 2
H 3 9 1 2
H 18 9 1 2
H 13 4 1 2
V 10 6 2 1
V 10 16 2 2
V 10 16 4 1
V 15 7 2 7
H 8 14 1 2
H 8 11 8 4
H 14 12 1 2
V 14 10 4 3
H 15 9 1 2
V 9 10 10 1
H 5 10 8 2
H 18 10 1 2
V 13 10 6 1
H 18 9 1 2
V 3 10 12 1
H 4 9 1 2
V 12 11 2 5
H 12 6 1 12
V 8 7 8 2
H 8 5 1 4
V 10 9 4 6
H 10 10 2 8
V 11 9 6 3
H 11 7 6 4
H 14 6 1 10
H 14 5 1 2
V 5 9 8 3
H 11 4 1 12
V 9 4 4 2
H 10 4 3 2
V 11 7 4 1
V 10 8 2 1
H 11 4 1 14
V 9 10 4 4
V 8 9 2 1
H 9 9 1 8
H 15 6 1 2
V 7 7 4 2
H 8 11 1 4
V 12 10 2 5
H 13 14 1 2
H 9 13 6 2
V 13 11 2 1
V 12 8 4 6
H 14 6 1 4
V 13 10 6 1
V 8 10 2 3
H 9 10 1 6
V 11 13 4 1
V 10 15 2 1
H 11 10 1 8
V 8 10 10 1
H 17 10 1 2
H 11 8 3 2
H 12 8 1 2
V 5 9 12 2
H 6 9 11 2
H 12 4 1 2
H 12 5 1 12
V 11 8 2 8
H 11 8 1 8
V 6 10 10 3
H 12 4 1 12
H 12 4 1 6
H 11 5 1 12
H 11 7 3 4
V 6 8 10 1
H 13 6 1 2
H 9 9 1 6
H 6 10 11 2
H 6 9 1 2
V 9 6 2 3
H 10 5 1 2
V 15 9 2 3
H 15 8 1 4
V 14 9 2 4
H 15 11 1 2
V 8 12 6 1
H 8 12 1 2
H 11 10 4 4
V 13 9 4 3
H 11 7 1 2
V 12 9 2 1
V 11 8 2 8
H 11 5 2 8
V 12 8 2 7
H 11 14 1 2
H 11 9 3 6
V 13 7 2 7
H 13 12 2 2
H 13 7 2 4
V 13 9 4 2
V 14 10 4 1
V 5 10 10 1
H 6 10 1 2
H 11 6 1 6
V 8 7 6 2
V 7 8 2 1
V 13 10 4 1
V 10 11 2 3
H 10 11 3 4
H 11 14 1 2
V 13 9 2 4
H 10 9 5 4
V 10 10 2 1
H 13 8 1 2
V 7 9 8 3
V 14 9 2 1
V 9 11 2 1
V 10 10 6 2
H 11 6 2 4
V 9 7 4 2
V 8 8 2 1
V 11 7 2 2
H 12 6 1 2
H 14 10 1 2
V 12 10 4 1
H 13 7 1 6
V 7 9 2 1
V 9 10 4 3
V 10 10 4 3
H 10 12 1 2
H 13 12 1 2
V 11 9 4 2
V 11 11 2 2
H 11 11 1 4
V 10 9 4 1
H 11 7 2 4
V 9 8 4 1
V 8 9 6 3
V 10 7 2 1
V 12 9 2 3
H 13 9 1 4
H 11 6 1 8
H 10 11 3 2
V 8 10 6 2
H 12 8 1 2
V 12 9 2 3
H 13 9 1 2
V 9 11 2 1
V 10 9 2 4
H 11 7 1 4
V 8 10 6 1
V 8 10 2 1
H 10 9 3 2
V 9 10 6 1
V 10 11 2 1
V 9 10 4 2
H 9 10 1 2
V 10 9 2 2
H 10 9 1 4
H 11 9 1 2
V 10 10 4 1
H 11 8 1 6
V 10 11 2 1
V 11 9 2 1
V 11 11 2 1
H 11 11 1 2
H 11 10 1 2
V 10 10 2 1
H 11 9 1 2
