H 16 7 1 2
H 7 9 1 2
V 4 5 2 1
V 4 12 2 1
H 10 0 1 2
V 11 10 2 1
V 10 15 10 5
H 11 13 1 6
H 12 13 1 2
V 1 13 18 1
H 2 16 1 2
V 1 11 2 1
H 2 11 3 6
V 0 16 4 4
V 1 16 2 1
H 0 0 1 20
H 0 0 1 12
V 2 14 18 1
H 13 13 1 2
H 15 14 1 2
V 1 14 18 1
H 1 14 9 4
V 0 16 2 4
H 0 1 1 18
H 0 1 1 12
V 12 15 4 1
H 13 15 7 2
H 10 14 10 6
V 10 11 2 1
V 8 0 4 1
V 2 0 18 12
V 1 0 14 11
H 7 11 1 2
V 14 3 2 1
H 1 0 14 12
H 1 0 4 20
V 0 16 2 4
H 0 2 1 18
H 0 2 1 10
H 0 12 1 8
V 0 16 2 4
H 1 11 1 6
H 13 15 1 2
V 8 14 2 1
V 1 13 16 3
V 8 15 2 1
V 2 13 18 2
H 12 13 8 6
H 18 14 1 6
H 4 11 1 2
H 7 11 1 2
H 16 0 1 8
V 1 7 18 5
H 1 4 4 16
V 4 15 12 1
V 2 14 18 2
H 15 13 5 6
V 0 16 8 4
H 0 3 1 16
H 0 3 1 14
H 12 13 1 4
H 10 16 8 4
V 13 13 6 1
V 16 13 4 5
H 2 11 1 2
V 7 10 2 1
V 1 5 14 7
H 2 12 1 2
H 1 9 3 8
H 10 15 1 2
V 1 13 14 3
V 2 11 18 2
V 2 13 18 1
H 13 13 1 2
H 17 13 2 6
H 17 14 1 6
V 5 11 2 1
H 4 9 1 8
V 1 9 10 4
V 0 16 2 1
H 3 8 1 2
H 1 9 4 8
V 0 16 2 4
H 0 4 1 16
H 0 4 1 8
H 11 15 2 2
V 1 13 12 3
H 1 15 1 2
V 1 15 18 1
H 18 13 1 6
V 17 17 2 1
V 6 7 4 1
H 2 3 1 2
V 1 4 8 8
V 2 9 2 1
H 1 8 2 10
V 2 13 16 1
V 1 13 12 1
V 1 8 18 5
V 1 13 18 1
H 16 13 2 6
H 16 13 1 2
H 15 14 2 6
V 12 14 2 1
H 11 14 2 6
V 11 14 4 1
H 10 13 3 6
V 9 13 2 1
V 1 13 18 1
H 6 18 1 2
H 1 13 6 6
V 0 16 4 2
H 0 5 1 14
H 0 5 1 8
H 1 7 4 8
H 7 14 1 2
V 1 13 18 2
V 2 14 18 2
H 15 13 5 4
V 1 7 14 4
H 2 1 1 2
V 4 5 2 1
H 1 2 4 16
V 1 15 14 1
V 1 15 18 1
V 16 18 2 1
H 1 15 1 2
H 17 13 1 6
V 15 18 2 1
H 3 10 1 10
V 3 16 2 1
V 3 14 12 2
H 1 14 1 2
H 16 14 1 2
V 1 14 18 1
H 17 13 2 4
V 2 0 18 4
V 2 12 18 1
H 14 2 1 2
H 10 3 1 2
V 1 0 14 3
H 1 1 3 8
V 1 18 4 1
H 1 0 1 20
V 1 14 18 2
H 7 15 1 2
H 14 14 1 2
V 2 15 18 1
H 4 15 1 2
H 1 14 14 2
H 13 14 1 2
V 6 14 14 1
V 0 16 6 3
H 0 7 1 12
H 0 7 1 8
V 6 13 4 7
V 5 16 2 1
H 4 15 6 4
H 10 15 1 2
V 1 14 18 2
V 0 16 2 4
H 1 15 8 2
V 1 13 12 3
V 2 14 16 2
H 15 13 1 6
H 1 12 4 2
V 2 13 4 1
H 10 13 1 2
V 1 13 18 1
H 14 13 1 6
H 14 14 1 6
V 10 10 2 1
V 10 13 2 7
V 10 18 4 2
V 14 13 4 3
H 14 14 2 4
H 1 9 1 10
H 1 13 18 2
V 10 13 10 1
V 4 14 6 6
H 4 13 1 2
H 18 13 1 2
V 6 15 2 1
V 1 14 18 1
H 16 13 1 4
V 2 5 18 8
H 3 2 1 18
V 1 14 12 1
H 6 14 1 2
V 1 14 18 1
H 7 0 1 2
V 2 1 18 11
H 3 0 1 2
V 10 1 2 1
V 10 14 2 1
V 1 1 16 2
H 1 0 6 8
H 1 0 3 20
H 9 15 1 2
H 15 15 1 2
V 1 15 10 1
V 1 15 16 1
H 14 13 1 6
V 13 13 2 5
H 14 16 1 2
H 4 14 1 2
V 4 13 14 2
H 16 14 1 2
V 12 13 2 6
H 5 15 1 2
H 1 14 13 2
H 9 18 1 2
H 11 18 1 2
H 11 13 3 6
H 17 13 1 2
H 11 4 1 2
V 1 4 14 1
H 6 4 1 2
H 19 1 1 6
H 1 3 19 4
H 1 0 1 20
V 0 16 2 4
H 0 10 1 10
H 0 9 1 4
V 17 13 2 1
H 0 10 1 2
H 12 13 2 4
V 10 13 6 3
V 2 5 18 4
V 1 0 8 11
H 1 2 1 14
V 1 13 10 3
H 8 14 1 2
H 3 13 1 2
H 12 13 1 2
V 1 14 16 1
H 14 13 1 4
V 2 0 18 3
V 1 2 16 1
V 2 3 6 1
H 1 0 6 6
H 1 0 1 20
V 1 15 10 1
V 1 15 14 1
V 12 17 2 1
H 13 14 1 4
H 1 13 15 2
V 11 13 6 1
V 7 18 2 1
V 0 17 8 2
H 0 11 1 8
H 0 11 1 6
H 8 14 1 6
H 1 15 9 2
V 3 9 2 1
V 3 15 2 1
V 4 14 10 2
V 4 13 4 3
H 7 14 1 2
V 1 15 12 1
H 12 15 1 2
V 1 1 8 5
H 4 5 15 8
V 1 19 6 1
V 4 11 2 1
H 4 0 1 20
V 0 19 10 1
H 5 1 1 2
H 19 1 1 2
V 2 2 18 1
H 4 1 1 2
V 1 2 8 1
H 1 1 2 4
V 4 1 2 1
H 2 9 1 2
H 1 0 4 20
V 6 14 2 1
V 1 14 12 2
H 5 14 1 2
V 1 14 14 1
V 10 2 2 1
V 10 15 2 1
V 2 0 18 3
V 1 0 16 3
H 1 0 3 12
V 1 9 2 1
H 1 0 1 20
V 0 16 2 4
H 0 12 1 8
V 8 13 6 1
H 13 13 1 2
V 13 13 2 1
V 0 17 10 1
H 3 15 1 2
V 0 16 6 4
V 5 17 2 1
H 0 13 1 6
H 0 13 1 2
H 3 14 5 6
H 1 13 9 2
H 5 14 1 2
V 1 13 14 1
H 0 18 1 2
V 1 9 18 4
V 3 0 4 13
H 3 5 2 14
H 9 17 1 2
V 0 18 10 1
H 5 15 1 2
H 4 13 4 6
V 2 13 12 1
V 0 16 2 1
H 1 14 2 6
V 1 14 10 2
H 7 13 1 6
V 1 15 2 1
V 2 15 10 1
V 1 0 12 3
H 1 2 1 14
V 1 1 2 1
H 1 0 1 20
V 2 10 18 3
V 1 12 18 1
H 1 11 1 4
V 1 13 8 3
V 1 13 10 3
H 10 13 1 4
V 9 13 4 1
V 18 0 2 5
H 10 2 1 6
H 13 3 1 2
H 4 0 16 4
V 4 8 2 1
V 2 0 2 1
V 1 0 4 19
V 0 17 2 1
V 1 17 8 1
H 6 14 1 6
V 4 14 6 3
H 6 14 4 2
V 8 13 4 2
H 0 15 1 2
H 14 10 1 2
H 18 10 1 2
V 1 10 14 1
H 1 5 2 14
V 0 17 2 1
V 1 18 2 1
V 2 14 4 4
H 2 17 1 2
V 4 13 4 5
H 6 14 2 4
H 6 15 3 2
V 6 13 4 3
H 4 17 1 2
H 6 17 1 2
V 7 2 4 9
V 2 4 18 1
H 18 0 1 8
V 11 3 4 1
V 1 2 12 5
H 5 6 1 2
H 9 6 1 2
V 2 3 18 4
H 3 1 17 10
V 1 11 18 1
V 1 11 12 1
H 1 7 3 10
V 0 16 2 1
H 3 16 4 2
V 4 0 2 1
V 4 12 2 1
V 1 8 4 9
V 3 0 2 18
H 4 14 1 6
V 7 15 2 1
V 4 14 2 1
V 2 14 6 3
H 19 2 1 10
H 19 2 1 2
H 4 3 13 2
H 4 1 1 18
V 4 13 2 2
V 1 13 10 1
H 4 6 1 12
V 6 15 2 1
V 3 13 4 5
H 4 11 1 2
V 6 6 6 3
V 1 6 18 1
H 6 1 13 10
H 14 6 1 2
H 18 6 1 2
V 2 4 18 3
V 2 3 2 1
V 1 1 2 11
H 1 0 1 8
V 18 3 2 2
H 1 10 2 6
H 15 2 4 4
H 2 14 6 2
V 3 13 6 2
V 2 4 2 9
H 2 0 1 12
V 1 14 2 1
H 2 3 1 14
V 4 11 2 1
V 1 2 8 10
V 3 13 2 1
H 4 6 1 12
V 4 17 2 1
H 13 8 1 2
V 4 9 14 4
H 3 3 2 14
V 3 3 4 9
V 3 15 4 2
V 3 14 2 1
H 4 3 1 16
V 5 0 4 13
V 5 13 4 1
H 3 11 1 2
H 17 11 1 2
V 2 4 18 8
H 16 0 1 8
H 17 4 3 4
V 17 3 2 6
H 17 3 2 4
V 18 7 2 1
H 1 5 18 6
H 1 3 1 12
V 14 2 4 9
H 15 0 1 10
V 10 3 8 7
H 14 2 4 6
V 2 5 12 5
H 4 8 1 10
V 4 13 2 1
V 4 15 2 1
V 2 13 6 2
V 1 5 18 1
V 1 5 10 1
H 1 2 4 6
V 1 3 4 7
H 3 13 1 2
V 1 12 6 1
V 1 13 6 1
V 4 14 2 1
H 2 11 3 4
H 4 0 10 2
V 3 1 12 3
H 3 2 1 14
V 2 2 2 1
V 2 10 10 3
H 18 9 1 4
H 5 10 1 2
V 1 11 18 1
H 18 11 1 2
V 15 11 2 1
V 12 5 8 7
H 15 1 1 12
H 13 1 3 6
V 16 6 2 1
V 3 6 14 4
V 3 14 2 1
H 4 0 1 16
H 4 0 1 2
V 7 0 8 10
V 14 6 2 1
H 13 0 2 12
H 10 0 1 2
H 14 0 1 2
V 1 11 18 1
V 2 8 4 1
V 4 13 2 1
H 4 7 1 10
V 15 3 2 2
H 15 2 1 2
H 2 6 1 8
V 1 4 2 9
H 1 4 1 2
V 18 6 2 5
H 1 6 19 4
V 4 5 2 8
H 4 8 1 8
V 5 1 10 4
V 2 4 6 1
H 2 3 1 2
V 5 0 2 4
H 5 0 2 6
H 11 0 2 6
H 7 2 1 2
H 14 2 1 2
V 9 3 8 2
V 4 11 14 2
V 5 6 14 1
H 18 5 1 2
V 1 6 10 2
H 4 1 1 2
H 3 2 2 8
H 14 4 1 2
H 3 3 13 4
H 15 3 1 10
V 12 8 8 3
V 7 2 2 11
H 16 7 1 2
V 2 7 18 1
H 16 4 2 6
V 3 14 2 1
H 1 5 1 2
V 17 6 2 1
V 16 7 4 3
V 12 1 2 5
H 13 1 1 4
V 14 3 2 10
V 16 5 2 7
H 10 6 8 6
H 2 7 4 2
H 2 5 1 8
V 5 3 2 1
V 3 3 6 6
H 6 5 1 2
H 6 0 1 6
H 11 8 1 2
V 9 9 10 2
H 18 9 1 2
H 4 3 1 2
H 2 4 14 2
V 6 5 12 5
H 4 7 10 4
V 8 7 12 1
V 1 8 2 1
V 13 9 2 1
H 2 4 12 6
H 11 3 1 10
V 7 9 10 4
H 4 7 1 6
V 4 4 12 4
H 8 0 1 8
H 3 4 1 10
V 3 4 6 4
H 4 2 8 4
H 3 4 1 8
V 1 8 4 4
V 3 13 2 1
H 18 7 1 2
H 1 6 6 4
V 1 10 4 1
V 3 4 8 6
V 2 7 6 4
H 5 10 1 2
H 3 9 3 4
V 3 9 16 1
V 8 8 12 1
H 5 3 7 8
V 3 5 14 1
H 15 6 2 6
V 14 8 6 1
H 8 0 4 4
V 6 2 8 4
V 4 3 8 2
V 3 11 14 1
V 3 11 4 1
H 4 10 1 4
V 6 6 10 6
H 10 6 1 2
H 10 4 6 6
H 12 1 1 12
V 8 6 10 1
V 4 6 6 6
V 5 9 2 1
H 6 1 1 10
H 16 8 1 2
H 6 7 1 2
V 1 8 18 1
H 11 7 1 2
V 1 8 6 2
H 2 6 3 6
H 3 8 1 2
H 2 9 13 2
V 1 9 2 1
V 6 2 2 4
H 6 2 1 2
V 7 2 2 7
H 7 1 1 2
V 14 7 4 2
H 9 11 6 2
V 12 5 4 7
H 15 5 1 2
H 4 4 5 8
V 12 9 4 1
V 11 11 2 1
V 10 5 4 8
V 13 7 4 1
H 9 3 5 6
H 13 7 1 2
H 9 4 6 4
H 9 8 1 2
V 9 6 8 3
V 2 7 6 1
H 5 3 1 8
H 11 10 1 2
H 3 5 9 6
V 5 10 12 1
V 5 5 10 2
H 12 2 1 8
H 3 6 11 6
V 10 8 8 2
H 3 7 10 4
V 7 8 12 1
V 3 6 12 1
H 9 0 2 12
V 13 5 2 2
V 8 11 6 2
H 8 1 3 12
V 7 12 2 1
H 8 0 1 12
H 5 4 1 2
H 14 4 1 2
V 10 12 4 1
V 3 6 2 5
H 4 8 10 4
V 3 9 6 2
H 7 7 1 2
H 3 8 13 2
V 1 8 4 1
V 9 7 8 3
V 12 7 2 5
H 12 4 2 6
V 9 5 2 1
V 6 3 4 7
V 6 9 2 1
H 6 3 1 8
V 8 4 4 6
V 10 6 2 1
H 9 1 2 6
V 5 11 10 1
H 9 0 1 4
V 9 5 2 1
H 8 4 1 2
H 12 4 1 2
H 7 3 3 4
V 3 6 8 1
V 3 9 2 1
H 4 5 5 6
H 2 8 1 2
H 15 8 1 2
V 2 9 6 1
H 8 1 1 10
H 9 1 1 6
V 6 4 4 3
H 9 4 1 2
V 5 5 10 1
H 6 6 8 2
V 5 6 2 1
V 2 7 8 1
V 4 7 6 4
V 11 6 2 1
V 11 8 2 1
V 8 4 4 3
H 11 3 1 2
V 10 7 2 1
H 9 2 2 8
V 6 5 8 1
H 7 11 1 2
V 5 8 4 4
H 6 7 1 6
V 3 8 4 2
V 6 6 2 1
H 6 4 1 8
H 5 7 1 2
V 4 8 8 1
H 5 6 2 6
V 10 7 4 4
V 12 10 2 1
V 9 9 4 1
H 11 5 2 8
V 5 8 12 1
H 14 7 1 4
H 7 3 3 8
V 3 7 10 1
H 10 6 1 2
H 8 8 4 2
V 3 8 14 1
V 4 8 12 2
V 3 8 6 2
V 9 3 2 2
V 10 12 2 1
V 3 8 4 1
H 6 8 1 4
V 4 7 4 3
V 13 7 2 2
H 14 8 1 2
H 9 2 1 4
H 10 7 1 6
V 8 5 4 7
H 11 4 1 8
V 5 7 6 2
H 8 3 2 8
V 5 6 2 1
V 11 6 2 1
H 8 4 3 4
H 8 7 1 2
V 6 6 4 2
V 6 10 4 1
H 7 5 1 6
H 7 5 1 2
H 7 6 5 4
V 10 7 4 1
H 10 4 1 4
H 9 7 1 2
V 5 8 10 1
H 5 8 1 2
V 13 8 2 1
H 9 3 1 10
V 8 7 4 5
H 10 8 2 4
V 7 9 4 1
H 8 6 3 6
V 4 8 10 1
V 10 10 2 1
H 8 10 2 2
V 7 7 2 1
V 7 10 2 1
H 8 6 4 4
V 11 7 2 1
V 10 8 4 1
V 8 5 2 6
H 8 8 2 4
H 8 6 4 2
V 7 8 2 1
V 6 7 4 2
H 9 5 1 2
V 9 7 2 1
V 8 6 4 3
H 8 6 3 4
V 6 9 6 1
V 8 9 2 1
H 9 7 1 6
H 7 7 1 2
H 8 6 1 2
H 9 7 2 4
H 9 5 1 6
H 9 9 1 2
V 9 8 2 1
V 8 7 2 3
H 8 7 3 2
V 7 8 6 1
V 7 8 2 1
V 8 8 4 1
V 9 8 2 2
H 9 8 1 2
H 9 7 1 2
V 9 7 2 1
