V 2 2 2 1
V 2 11 2 1
V 2 18 2 1
H 13 10 1 2
H 15 16 1 2
H 12 7 1 2
H 15 7 2 2
V 17 0 2 1
V 10 4 2 1
H 16 1 4 12
H 19 8 1 2
V 6 8 14 1
V 12 11 2 1
V 8 11 2 1
V 5 8 8 5
H 5 0 1 16
V 4 0 2 2
H 4 0 1 12
V 1 6 4 2
H 1 0 3 10
H 1 0 3 2
H 18 0 1 2
V 0 0 4 1
H 0 0 1 18
H 0 0 1 20
V 0 0 2 1
H 0 0 1 18
H 0 1 1 18
H 2 0 2 10
H 3 2 1 2
H 7 2 1 2
H 1 0 3 6
V 0 0 4 1
H 0 0 1 16
V 0 0 2 1
H 0 0 1 18
H 9 8 1 2
H 14 8 1 2
H 13 5 6 4
H 14 4 1 2
V 5 8 14 1
V 5 8 10 1
H 5 0 1 14
V 4 0 2 2
V 4 3 2 1
V 3 19 2 1
H 4 0 1 20
V 1 11 4 2
V 1 11 2 2
H 1 11 1 8
H 1 11 1 2
H 1 12 1 8
H 2 12 1 8
V 5 7 2 11
H 5 17 1 2
H 5 0 1 20
V 4 0 2 2
V 3 17 2 1
H 4 0 1 18
V 3 8 2 1
V 3 16 2 1
H 4 0 1 20
V 2 12 2 1
V 5 9 4 1
V 3 11 2 9
V 2 18 2 2
H 5 8 1 2
H 10 8 1 2
V 5 7 6 2
H 5 0 1 16
V 4 0 2 3
H 4 0 1 12
V 1 6 4 1
H 2 0 1 10
H 1 0 2 2
V 0 0 4 1
H 0 0 1 16
H 0 1 1 16
H 9 8 2 12
H 8 12 1 2
V 5 13 10 2
H 5 0 1 20
V 4 3 2 2
H 4 1 1 6
V 1 6 4 3
H 2 0 2 10
H 2 0 2 2
V 0 0 4 1
H 0 0 1 14
H 0 0 1 16
V 8 16 2 1
V 5 13 4 7
V 5 12 2 1
H 5 0 1 20
H 5 0 1 18
V 4 0 2 1
H 4 0 1 12
V 1 6 4 4
H 2 0 1 10
H 1 0 2 2
V 0 0 4 1
H 0 13 1 2
H 0 0 1 14
H 0 1 1 14
V 14 4 2 1
H 13 0 2 12
H 6 8 1 2
V 5 8 14 1
V 6 10 2 1
V 5 8 2 12
H 5 0 1 16
V 4 0 2 3
V 3 10 2 1
H 4 0 1 12
V 1 6 4 3
H 2 0 2 10
H 2 0 2 2
V 0 0 4 1
H 0 0 1 12
H 0 0 1 14
V 3 11 2 8
H 4 1 1 18
V 1 6 4 4
H 2 0 1 10
H 1 0 2 2
V 0 0 4 1
H 0 0 1 12
H 0 1 1 12
V 5 4 8 3
H 6 3 3 4
H 5 3 1 2
H 9 3 1 2
V 4 4 8 1
H 4 4 1 4
V 1 6 4 4
H 2 0 2 10
H 2 0 2 2
V 0 0 4 1
H 0 0 1 10
H 0 1 1 10
V 3 13 2 6
H 4 5 1 14
V 1 6 4 4
V 2 2 2 1
V 2 16 2 1
H 2 0 1 10
H 1 0 2 2
V 0 0 4 1
H 0 0 1 8
H 0 0 1 10
H 1 0 3 4
V 0 0 4 1
H 0 0 1 8
H 0 1 1 8
H 18 6 1 2
V 18 9 2 1
H 17 10 1 2
H 16 7 3 4
V 5 8 14 1
V 5 8 12 1
V 4 3 2 1
V 5 7 2 1
V 5 9 2 1
V 5 19 2 1
H 5 0 1 16
V 4 0 2 2
H 4 0 1 12
V 1 6 4 1
V 1 0 2 1
H 2 0 2 10
H 1 0 3 2
V 0 0 4 1
H 0 0 1 6
H 0 0 1 8
V 5 10 6 5
V 5 7 2 1
V 5 13 2 1
H 5 0 1 20
V 4 0 2 5
H 4 0 1 12
H 2 5 1 2
V 1 6 4 2
H 2 0 1 10
H 1 0 2 2
V 0 0 4 1
H 0 0 1 6
H 0 1 1 6
V 0 0 2 1
H 0 0 1 4
H 0 0 1 6
H 8 4 1 2
V 5 5 8 1
V 5 2 2 1
H 5 1 1 8
V 4 0 2 2
V 3 15 2 1
H 4 0 1 20
H 3 12 1 2
V 1 11 4 2
V 1 11 2 2
H 1 11 1 6
V 1 12 2 1
H 1 11 1 8
V 5 2 4 4
H 6 4 1 2
V 4 3 4 2
H 4 2 1 12
V 3 6 2 1
H 4 0 1 20
V 3 19 2 1
H 1 11 1 4
V 1 11 2 2
V 1 11 4 2
H 4 6 1 10
V 1 6 4 1
H 2 0 2 10
H 1 0 3 2
V 0 0 4 1
H 0 0 1 4
H 0 1 1 4
V 17 5 2 1
H 13 5 5 4
H 5 8 2 2
V 5 8 14 1
V 5 7 6 7
V 5 12 2 1
H 5 0 1 16
V 4 0 2 3
H 4 0 1 16
H 4 0 1 20
V 3 15 2 1
V 3 17 2 2
V 2 6 2 1
V 2 18 2 1
V 6 13 10 3
V 12 14 2 1
V 5 14 8 2
H 5 0 1 20
V 5 1 2 1
H 5 0 1 8
V 4 0 2 5
H 4 0 1 20
V 1 11 4 2
V 1 11 2 2
H 1 11 1 6
H 1 12 1 6
H 4 18 1 2
H 15 18 1 2
H 2 11 1 2
V 5 7 2 12
H 5 0 1 20
V 5 4 2 1
H 5 0 1 16
V 4 0 2 5
H 4 0 1 12
V 1 6 4 2
H 2 0 2 10
H 1 0 3 2
V 0 0 4 1
H 0 0 1 2
V 0 0 2 1
H 0 0 1 4
V 5 7 2 1
H 5 0 1 14
V 4 0 2 2
V 3 11 2 1
H 4 0 1 16
H 4 1 1 18
V 3 17 2 1
V 2 17 2 1
H 4 16 1 2
H 4 14 1 2
H 2 11 3 4
H 4 17 1 2
H 3 12 2 6
H 4 17 1 2
H 16 6 2 4
H 19 7 1 2
V 6 8 14 1
V 5 8 10 2
H 5 2 1 12
V 4 2 2 3
H 4 0 1 18
V 1 11 4 2
V 1 11 2 2
H 1 11 1 4
V 1 12 2 1
H 1 12 1 4
H 6 7 1 2
V 6 8 10 4
V 5 0 2 1
V 5 6 2 1
V 5 9 2 2
H 5 0 1 20
V 4 0 2 2
H 4 0 1 16
H 4 1 1 16
V 3 16 2 1
H 5 0 1 18
V 4 0 2 1
H 4 0 1 12
V 1 6 4 4
H 2 0 2 10
H 1 0 3 2
V 0 0 4 1
H 0 0 1 2
H 16 1 3 18
H 15 8 1 2
H 19 8 1 2
H 14 7 1 2
V 5 8 14 1
V 5 8 8 1
V 5 2 2 1
V 5 13 2 1
H 5 0 1 16
V 4 0 2 4
H 4 0 1 14
H 4 1 1 16
V 3 11 2 5
V 2 15 2 1
V 1 3 2 8
V 1 6 4 4
H 4 1 1 16
V 1 11 4 2
V 1 11 2 2
H 1 11 4 2
H 1 12 1 2
V 0 0 2 1
H 9 0 4 6
V 4 4 8 1
V 4 2 4 3
V 4 2 2 1
V 3 13 2 1
H 4 0 1 16
H 3 11 1 4
V 1 12 4 1
H 2 11 1 4
V 10 8 2 1
V 9 8 4 4
H 8 8 7 2
H 9 8 1 2
V 6 8 14 1
H 17 9 1 2
H 16 8 4 2
H 16 0 4 20
H 1 0 3 4
H 12 13 4 6
V 6 13 10 3
V 5 15 8 1
V 5 9 2 1
H 5 0 1 20
H 5 0 1 10
V 4 0 2 1
V 3 12 2 1
H 4 0 1 14
H 4 0 1 16
V 9 0 2 4
V 9 0 4 6
H 12 0 1 2
V 15 0 2 1
V 16 0 2 18
V 16 12 2 1
H 17 0 1 20
V 17 18 2 1
V 16 19 2 1
V 2 1 2 1
V 2 12 2 1
H 10 12 1 2
H 7 7 1 12
V 5 13 10 3
V 5 9 4 6
V 5 6 2 1
H 5 0 1 20
V 4 1 2 4
H 4 0 1 8
V 3 11 2 1
H 4 1 1 14
H 13 5 4 4
H 18 8 1 2
V 6 8 14 1
V 5 8 8 1
H 5 1 1 8
V 4 0 2 5
H 4 6 1 2
V 3 9 2 1
H 4 0 1 14
V 1 11 4 1
V 1 11 2 1
H 19 15 1 2
H 16 6 4 10
V 6 8 14 1
H 10 8 1 2
H 16 7 1 2
V 5 8 14 1
H 5 0 1 16
V 4 0 2 3
H 4 0 1 12
V 1 6 4 4
H 1 7 1 2
V 1 1 2 7
V 1 2 2 1
H 1 1 1 10
H 1 5 2 2
H 1 3 3 8
V 3 6 2 5
H 4 8 1 6
V 15 6 2 1
V 16 3 4 12
V 17 9 2 1
H 18 9 2 8
H 15 1 1 12
V 15 2 4 7
V 15 6 2 1
H 19 7 1 4
H 16 2 4 8
H 17 1 1 18
V 5 7 2 13
V 5 8 2 1
H 5 1 1 12
V 5 4 6 2
V 7 5 2 1
V 5 4 8 2
V 5 7 8 1
V 10 5 2 1
H 11 1 2 6
V 5 7 4 3
H 5 4 1 6
V 5 1 4 6
V 4 4 8 1
H 10 0 2 6
H 11 0 1 2
H 5 8 7 8
V 5 8 14 1
V 17 17 2 1
V 18 7 2 1
H 18 0 1 18
H 10 8 6 2
H 8 7 1 2
V 5 8 12 1
H 16 8 3 2
V 16 5 2 1
H 16 0 1 20
H 13 7 7 2
V 18 8 2 1
V 5 8 14 1
V 10 10 2 1
V 5 7 6 7
H 5 0 1 16
H 4 4 1 2
V 4 0 2 5
H 4 0 1 12
H 1 5 1 2
V 1 6 4 4
H 2 1 1 10
V 16 0 2 1
V 15 0 2 7
H 17 7 1 2
H 16 1 4 14
H 17 8 1 2
V 6 8 14 1
H 15 8 1 2
V 5 7 8 2
V 5 2 2 1
H 5 0 1 16
H 4 4 1 2
H 5 1 1 6
V 4 0 2 5
H 4 0 1 12
V 3 6 2 1
V 2 3 2 1
H 3 0 1 10
H 3 0 1 2
V 3 6 2 4
H 4 0 1 12
V 4 0 2 4
V 5 8 2 1
V 5 11 2 1
H 5 1 1 14
H 15 7 1 2
V 5 8 14 1
H 8 7 1 2
V 6 8 14 1
H 19 0 1 16
H 9 1 3 2
H 13 1 2 2
V 11 2 2 1
V 1 6 2 1
V 2 2 2 9
H 4 5 1 2
V 3 6 2 5
H 4 9 1 4
H 16 11 1 8
V 16 7 4 2
H 19 2 1 14
V 18 3 2 1
V 18 10 2 3
H 16 9 3 8
H 13 6 2 6
V 10 8 8 1
V 17 2 2 1
H 17 0 1 18
V 17 0 2 1
V 5 7 6 3
V 5 4 2 1
H 5 1 1 10
V 6 4 2 1
V 5 0 2 7
V 4 4 8 1
V 8 6 2 1
H 9 1 3 6
H 10 0 1 2
H 18 0 1 2
H 3 1 1 2
H 19 1 1 2
V 5 8 8 5
V 5 4 2 1
H 5 0 1 20
V 4 0 2 4
H 5 3 1 2
H 12 3 1 2
H 4 1 1 6
H 4 0 1 12
V 3 11 2 1
V 4 3 2 1
H 5 0 1 18
V 4 0 2 2
H 4 0 1 12
V 1 6 4 4
V 2 7 2 1
V 2 10 2 1
V 1 3 2 7
H 1 3 2 6
H 19 3 1 6
V 9 10 2 1
H 10 8 1 12
V 5 10 10 2
H 5 0 1 12
V 5 3 4 3
V 5 4 8 3
H 10 1 2 6
V 6 8 14 1
H 10 8 1 2
V 5 8 14 1
H 5 2 1 10
V 5 2 2 1
V 4 0 2 5
H 4 0 1 12
V 1 6 4 4
V 1 9 2 1
H 3 2 1 4
H 4 0 5 2
H 6 0 3 6
V 6 4 6 3
H 9 3 1 2
H 9 2 3 4
H 17 7 1 2
V 6 8 14 1
H 19 2 1 2
H 19 3 1 12
V 5 11 4 5
H 5 1 1 14
H 6 4 1 2
V 7 4 2 1
V 4 4 8 1
H 9 1 2 6
H 9 0 1 2
V 11 11 2 1
V 8 14 2 1
V 6 10 6 6
H 5 7 6 6
V 5 8 14 1
V 16 16 2 1
H 17 1 1 16
H 4 10 1 2
H 12 9 1 2
H 5 8 11 2
V 5 8 12 1
V 5 8 14 1
H 10 7 1 2
H 18 1 1 14
V 8 13 8 3
H 7 7 4 12
V 6 8 14 1
V 16 15 2 1
H 17 0 1 16
V 8 7 4 5
H 9 8 1 2
H 8 7 5 2
V 6 8 14 1
H 17 2 2 14
H 10 1 1 2
V 14 8 2 1
H 14 1 1 12
V 5 8 14 1
V 5 7 4 2
H 5 0 1 14
V 4 0 2 4
H 4 0 1 10
V 1 6 4 2
H 2 4 2 6
H 3 9 1 2
H 16 7 4 6
H 6 7 1 2
V 5 8 14 1
V 5 8 12 1
V 5 11 2 1
H 5 0 1 16
V 4 0 2 5
H 4 0 1 10
H 4 1 1 10
V 3 7 2 1
V 3 10 2 1
H 2 4 2 2
V 1 5 2 1
H 10 2 1 2
V 10 3 2 4
V 9 2 2 5
H 9 1 1 4
H 8 3 1 2
V 8 4 2 3
H 8 1 1 6
H 4 0 5 4
H 13 7 2 4
V 13 4 6 5
H 16 1 1 16
H 11 8 1 12
V 11 8 2 1
H 10 8 2 2
H 15 7 1 2
V 9 8 10 1
H 16 0 1 16
H 10 12 1 2
H 14 9 1 2
V 6 13 10 1
H 13 13 1 2
V 5 13 10 1
H 5 0 1 20
V 4 3 2 2
H 4 0 1 8
H 4 5 1 2
V 1 6 4 2
V 1 7 2 1
V 16 8 2 1
V 15 5 2 1
H 16 3 1 12
V 5 8 14 1
V 5 8 8 3
H 5 0 1 14
V 4 1 2 2
H 4 0 1 10
V 3 6 2 3
H 3 3 1 6
H 4 0 1 10
V 4 1 2 3
H 5 2 1 12
V 5 8 14 1
V 6 8 14 1
V 18 7 2 1
H 19 3 1 10
H 2 5 2 2
V 1 6 2 1
V 6 1 2 1
V 6 3 2 1
V 7 1 2 6
H 5 0 3 4
H 17 2 1 8
V 3 8 2 1
V 5 4 6 2
V 5 5 8 1
H 13 3 2 2
V 18 5 2 1
V 13 4 6 5
H 15 1 2 6
V 17 3 2 1
V 14 6 6 1
H 15 8 1 2
V 15 2 2 7
H 15 0 1 12
H 10 15 1 2
V 8 7 4 9
V 5 8 14 1
H 17 3 1 12
H 5 0 1 20
V 7 5 2 1
V 5 4 6 2
H 8 1 1 6
H 8 1 1 2
H 15 1 1 2
H 16 14 1 2
H 11 4 1 2
V 17 5 2 1
H 5 6 1 6
V 10 8 2 1
V 5 8 12 1
V 6 8 14 1
H 17 4 2 10
V 4 1 4 2
H 5 0 1 14
V 5 8 14 1
H 11 8 1 4
V 6 8 14 1
H 17 4 3 8
V 6 1 2 1
H 14 8 1 2
H 16 8 4 2
H 17 5 1 8
V 5 8 14 1
V 8 7 2 1
V 5 7 8 2
H 5 1 1 8
V 5 3 4 3
H 7 2 1 2
V 5 4 6 2
H 10 3 1 2
H 17 9 2 4
H 4 2 5 2
H 4 0 1 2
H 4 1 1 8
V 3 7 2 1
H 5 2 1 10
V 5 8 4 12
H 5 0 1 16
V 4 2 2 2
H 4 1 1 8
V 3 6 2 1
H 3 5 1 2
H 4 5 1 2
H 10 4 1 2
H 6 7 5 12
V 11 8 2 1
V 13 8 2 1
V 10 8 4 5
H 9 7 1 2
V 6 8 14 1
H 19 6 1 6
V 5 8 12 1
V 10 8 2 1
H 5 0 1 16
V 4 0 2 1
H 13 5 3 6
V 6 8 14 1
V 5 7 2 6
H 5 3 1 8
V 5 0 2 7
V 4 4 6 1
H 4 3 1 2
H 9 3 1 2
H 9 8 1 2
H 16 8 4 2
H 14 7 2 2
V 8 8 12 1
H 9 7 1 2
H 8 12 1 2
H 8 8 3 10
V 6 13 10 1
V 11 13 2 1
H 12 13 4 6
H 15 14 1 6
V 6 15 10 1
V 8 4 2 1
V 8 13 2 1
V 5 13 4 6
H 5 6 1 14
V 5 8 14 1
V 6 8 14 1
V 18 10 2 1
H 19 5 1 6
H 13 0 2 10
V 6 8 14 1
V 6 14 2 1
V 5 7 2 13
H 5 0 1 16
V 5 0 2 1
H 5 7 1 2
H 16 7 1 2
H 6 5 1 2
V 5 5 6 1
V 5 5 2 1
V 5 8 2 1
H 5 5 1 6
V 5 7 8 3
V 5 8 14 1
H 16 2 1 12
H 16 7 4 4
V 6 8 14 1
V 5 8 14 1
H 5 5 1 4
V 5 5 6 2
H 6 5 1 2
V 5 6 8 1
V 3 6 2 1
H 5 1 2 2
H 13 1 1 2
V 6 2 2 1
V 17 5 2 7
H 17 4 1 2
V 17 5 2 1
V 16 11 2 1
H 16 6 1 8
V 16 7 2 1
V 13 5 4 4
H 15 2 1 6
V 5 7 2 8
H 5 1 1 8
V 4 2 2 3
V 4 3 2 1
H 4 2 1 6
V 5 7 4 4
V 5 13 2 1
H 5 0 1 16
V 7 3 2 1
V 4 4 2 1
H 5 1 1 8
H 8 5 1 2
V 5 4 4 2
V 5 5 6 1
V 18 10 2 1
H 6 12 1 8
V 5 15 8 1
V 6 15 10 1
H 6 14 1 2
H 15 13 1 6
V 6 14 2 1
V 7 8 4 11
V 10 13 2 1
V 8 8 2 1
H 9 7 2 8
H 7 13 1 2
V 6 13 10 1
H 12 13 3 6
H 12 14 3 6
V 6 8 12 1
H 16 3 1 10
H 13 3 1 6
V 6 8 14 1
V 5 7 2 10
H 5 5 1 4
V 5 6 6 1
V 6 6 6 1
V 4 2 2 3
H 4 2 1 2
H 5 18 1 2
H 11 18 1 2
V 7 4 2 1
V 7 13 2 1
H 5 2 1 6
V 5 2 2 2
V 16 5 2 7
H 16 7 1 6
H 5 1 1 14
H 5 7 8 2
V 8 8 10 1
H 17 5 1 6
H 10 12 2 6
H 15 15 1 2
V 8 13 8 3
H 13 14 1 4
H 12 13 3 6
V 5 15 6 1
H 5 2 1 16
H 5 2 1 8
V 4 3 4 1
V 11 14 2 1
H 8 15 1 2
V 6 10 6 6
V 11 13 2 1
H 9 7 3 8
H 11 8 1 2
V 6 8 14 1
H 17 6 1 6
H 9 8 4 4
V 5 8 12 1
H 15 3 1 10
H 6 3 1 4
H 13 3 2 4
V 5 5 4 1
H 5 4 1 6
V 5 8 8 1
H 13 7 1 2
V 5 8 14 1
H 16 4 1 8
H 16 9 2 2
V 14 13 2 4
H 15 15 1 2
V 5 15 2 1
H 6 14 3 6
V 7 7 2 1
H 5 7 3 12
V 9 8 10 1
H 13 8 1 2
H 18 8 1 2
H 15 4 1 2
V 13 5 4 4
H 13 5 4 4
H 14 6 1 2
V 13 7 6 2
H 13 2 1 2
V 8 6 2 1
V 8 17 2 1
H 14 4 1 8
H 13 8 1 2
V 10 8 10 1
H 14 5 1 8
V 6 9 10 2
V 9 8 2 1
H 9 8 1 12
H 11 13 1 2
V 7 14 8 2
H 13 13 1 6
V 13 17 2 1
V 16 6 2 1
H 14 4 1 4
V 13 6 4 2
H 5 5 2 2
H 6 4 1 2
H 15 5 1 2
H 5 3 1 4
V 5 5 2 2
V 5 6 4 1
V 6 16 6 2
V 6 18 2 1
V 7 16 2 4
H 7 14 1 6
H 10 7 1 8
H 13 7 1 2
V 10 8 6 2
H 14 4 1 8
H 9 13 3 6
V 10 14 4 2
H 12 14 2 4
H 5 4 1 14
V 4 4 2 1
V 5 8 2 1
H 5 3 1 8
H 13 3 1 10
H 12 7 1 2
V 10 8 8 1
H 16 8 2 2
H 8 16 3 4
H 12 14 3 2
V 14 14 2 1
H 5 5 1 2
H 5 6 1 2
V 5 5 2 2
V 6 6 2 1
H 6 15 6 2
V 7 15 8 1
V 12 8 6 1
H 14 5 1 6
V 10 12 2 1
V 11 11 2 1
V 8 10 2 1
H 9 7 3 12
V 10 16 2 1
H 9 16 2 4
V 11 13 2 3
H 12 14 1 4
V 5 10 8 2
V 6 9 10 2
H 13 11 1 2
H 15 11 1 2
H 13 6 2 6
V 13 7 4 1
V 6 9 6 8
H 6 9 4 6
H 7 7 1 12
H 6 16 1 2
H 8 17 1 2
H 10 17 1 2
H 13 5 1 2
H 13 6 2 4
H 12 13 2 2
V 13 13 2 2
H 13 14 1 2
V 10 13 6 1
V 5 7 6 7
H 5 12 4 4
V 8 15 2 1
V 6 12 2 3
H 6 13 6 4
V 7 15 2 1
V 6 13 4 3
H 7 11 1 4
H 7 14 1 4
V 5 10 2 1
H 5 5 1 10
V 5 6 2 1
V 15 8 2 1
V 12 15 2 1
H 5 13 9 2
V 13 13 2 1
H 9 8 7 4
H 14 7 1 4
V 5 8 6 7
H 5 6 1 4
V 6 8 6 7
V 14 11 2 1
H 8 12 1 2
H 6 10 1 2
H 5 11 10 2
H 8 8 1 10
V 9 12 2 1
V 9 14 2 1
V 10 7 2 8
H 8 10 1 2
H 8 7 4 8
H 11 7 1 10
H 5 12 7 2
H 12 8 3 4
H 14 8 1 2
V 10 11 6 1
V 8 8 6 2
V 8 13 6 1
V 5 12 4 1
H 7 10 5 6
H 10 13 1 4
H 10 14 1 2
H 13 7 1 4
H 9 7 1 8
V 5 7 8 3
V 8 9 2 1
H 9 13 1 2
V 9 7 2 7
H 10 8 3 2
V 6 9 10 1
V 8 7 2 7
V 8 14 4 1
H 9 7 1 10
V 7 14 6 1
V 11 13 2 1
V 10 8 4 5
V 5 10 2 1
V 6 9 2 4
H 6 7 2 6
H 10 9 1 2
H 6 10 5 4
V 9 14 2 1
V 10 7 2 8
H 10 10 1 6
H 11 10 3 2
V 10 10 6 1
V 9 10 4 2
V 8 10 2 1
H 12 7 1 6
V 11 8 2 5
H 10 11 2 4
H 10 8 3 2
V 7 9 8 3
H 8 13 1 2
H 9 12 1 4
V 7 9 4 5
V 7 11 2 1
H 8 10 2 4
V 5 10 10 2
V 5 10 8 2
H 5 8 3 4
V 13 10 2 1
V 10 9 4 3
H 12 11 1 2
V 12 11 2 1
H 8 7 1 4
V 7 10 6 1
V 5 9 6 3
V 5 10 4 2
H 9 7 2 4
V 6 9 8 1
H 7 12 1 2
H 8 7 1 2
H 9 11 1 4
V 11 9 2 3
H 11 11 1 2
H 8 10 5 2
V 10 10 4 1
H 9 8 2 6
V 8 8 4 4
V 8 9 2 1
V 9 9 4 1
V 8 9 2 1
V 7 8 4 5
V 7 12 2 1
H 7 8 4 2
V 6 9 2 1
H 8 11 2 2
V 7 11 6 1
V 7 11 2 1
H 8 8 1 6
V 6 11 4 1
V 9 8 2 1
H 10 7 1 6
H 9 12 1 2
V 8 12 2 1
H 10 8 1 4
V 8 9 4 3
V 7 11 2 1
H 11 10 1 2
V 8 8 2 3
H 8 8 1 4
V 8 9 2 2
H 9 7 1 4
V 9 10 2 2
H 9 9 1 4
V 9 9 2 1
V 8 9 2 3
H 8 9 1 2
H 9 10 1 2
V 9 10 2 1
V 8 10 2 1
H 9 9 1 2
V 9 10 2 1
