V 8 10 2 1
V 3 4 2 1
V 17 4 2 1
V 12 11 2 1
V 0 0 10 9
H 0 0 1 2
V 9 15 2 1
V 0 1 20 18
H 12 18 1 2
H 17 18 1 2
H 2 15 1 2
H 8 15 1 2
H 18 1 1 4
H 0 2 20 14
V 16 16 2 1
V 16 19 2 1
H 17 2 3 18
V 12 18 2 1
V 1 12 8 7
V 0 15 20 2
V 16 14 2 1
H 17 14 2 6
V 0 1 16 2
H 7 1 1 2
H 0 0 11 2
V 0 0 20 1
V 17 12 2 1
V 0 7 18 11
H 10 13 1 4
V 0 8 20 8
H 19 11 1 8
H 18 5 1 14
V 10 7 8 5
V 13 10 2 1
H 5 8 14 4
H 17 2 1 18
V 12 5 8 2
H 0 4 20 6
H 16 17 1 2
H 10 2 10 16
V 0 1 16 1
H 11 1 1 4
V 0 1 20 1
H 13 13 1 2
V 2 5 12 9
V 7 1 6 1
V 9 2 4 1
H 7 5 2 2
H 7 0 3 12
V 1 0 18 1
H 18 14 1 4
V 18 2 2 15
V 11 17 2 1
H 17 7 1 2
H 12 8 7 10
V 14 14 2 1
V 15 13 4 4
H 18 1 1 16
H 18 1 1 12
V 0 3 14 3
V 0 4 20 2
H 11 2 9 4
V 1 11 10 3
V 9 13 2 1
V 0 13 20 2
H 16 9 2 10
V 13 10 2 1
V 13 12 2 1
H 3 6 1 14
H 8 1 6 12
V 1 18 16 1
H 11 1 3 18
V 8 16 12 1
H 9 0 1 10
V 0 8 20 3
V 0 0 2 14
V 0 7 2 1
H 0 2 1 18
V 4 19 2 1
V 5 11 6 9
H 8 0 1 20
H 8 0 1 14
V 0 0 18 1
H 16 1 1 2
V 7 2 12 1
H 3 8 1 2
H 18 8 1 2
V 4 7 16 2
H 15 8 1 2
H 12 3 8 10
V 10 10 10 4
H 17 8 1 10
H 0 1 2 16
V 0 1 8 1
H 1 0 1 20
V 1 0 2 1
H 2 1 1 2
V 0 2 18 1
H 1 1 1 2
H 6 0 5 4
H 1 0 1 2
H 10 0 1 2
V 3 0 14 1
V 0 7 16 1
H 0 8 1 6
H 0 7 1 4
H 0 1 1 18
V 15 10 2 1
H 15 1 1 18
V 14 1 4 16
H 17 1 1 16
H 10 3 1 6
H 17 3 1 12
H 12 2 1 2
V 10 3 8 2
H 17 2 1 2
H 19 5 1 10
V 18 4 2 10
H 2 5 1 2
H 8 5 1 2
H 16 8 1 2
H 0 3 19 6
V 12 12 4 7
H 8 7 8 12
V 1 11 8 3
H 1 7 1 12
V 14 10 4 7
V 15 8 2 1
V 14 6 6 1
H 16 2 1 16
V 16 3 2 1
H 15 1 2 6
V 4 13 6 7
V 0 16 18 1
H 16 16 1 2
H 7 0 3 8
H 14 4 1 2
V 0 4 20 1
V 9 7 2 1
H 9 0 1 20
H 6 0 5 6
V 4 0 12 1
H 2 9 1 2
V 0 9 20 1
V 0 9 6 1
H 0 1 1 16
V 1 12 4 1
H 7 3 1 2
V 4 4 10 13
H 9 0 2 16
H 15 14 1 2
H 10 12 1 6
V 1 15 18 1
H 9 3 1 16
V 2 15 16 2
H 14 11 1 2
V 0 10 20 2
V 0 10 14 1
H 2 2 5 18
V 3 7 2 9
V 0 13 20 1
H 13 8 2 12
V 15 4 4 11
V 14 11 2 1
H 0 13 17 4
V 1 6 2 1
H 1 1 1 14
V 2 4 2 1
V 1 2 2 13
H 1 6 1 12
V 17 5 2 7
H 17 4 1 12
H 15 3 1 2
V 6 4 12 3
V 6 0 2 1
H 7 0 4 8
V 3 0 12 1
H 0 4 15 2
V 10 5 10 3
V 10 1 6 10
H 2 3 12 12
V 12 9 2 1
H 13 2 1 18
V 0 9 12 2
H 2 3 1 16
V 3 10 8 6
V 0 13 20 1
V 18 12 2 1
V 13 18 2 1
H 9 17 1 2
H 4 18 8 2
V 3 18 2 1
H 11 13 5 4
H 14 6 1 6
V 14 9 4 6
H 9 3 7 6
H 17 4 1 2
V 13 5 6 1
V 12 14 2 1
H 6 11 1 2
H 4 14 1 2
V 1 12 12 3
H 1 13 1 4
V 2 9 6 9
V 5 11 2 1
V 3 13 2 1
H 4 10 2 10
V 14 12 2 1
H 13 4 2 10
V 14 12 2 1
V 11 10 8 4
V 14 2 2 15
H 15 2 1 8
V 15 14 2 1
V 12 4 6 3
H 14 3 3 4
H 3 0 1 18
V 2 17 2 1
V 6 0 4 9
V 0 4 18 1
V 1 7 16 1
H 8 8 1 4
H 8 0 1 20
V 3 17 12 1
V 6 16 10 1
V 3 15 2 1
H 4 15 10 4
V 9 1 2 1
H 8 0 2 8
V 4 0 10 1
V 11 6 2 1
H 6 16 1 2
H 3 5 9 12
H 6 6 1 2
H 13 6 1 2
V 0 6 20 1
V 0 6 16 3
V 7 7 2 1
H 8 2 2 16
V 2 14 14 3
H 11 2 1 18
H 11 10 1 2
V 9 1 6 10
H 14 1 1 16
H 3 8 1 2
V 0 9 20 3
V 0 8 16 3
H 0 3 1 12
V 0 4 6 11
H 0 4 1 2
V 0 6 18 1
H 8 17 1 2
H 6 10 8 8
V 13 16 2 1
H 4 0 1 16
V 7 8 2 1
H 2 7 6 10
H 5 0 6 4
V 7 0 6 1
V 3 2 12 1
H 3 1 1 2
H 5 6 1 14
H 3 2 1 16
V 2 2 2 1
H 9 11 5 6
V 8 11 12 1
V 11 11 4 5
H 11 10 1 10
H 9 12 1 2
V 4 13 14 1
V 1 13 14 3
V 1 4 4 12
V 0 13 10 2
V 3 11 4 7
H 3 16 1 2
H 9 10 1 2
V 0 11 18 1
H 7 3 4 16
V 2 3 14 2
V 9 4 6 2
H 13 2 2 4
H 1 5 1 2
H 1 4 14 2
V 2 5 16 1
H 8 6 1 6
V 5 10 14 2
H 7 3 6 16
V 9 9 8 1
H 14 4 3 10
V 8 4 2 15
V 12 5 2 1
H 8 3 5 6
H 11 6 1 2
V 0 7 20 1
V 16 9 4 2
V 13 3 2 2
H 12 2 2 4
V 0 11 8 3
V 3 2 8 1
V 2 4 2 9
H 2 3 1 8
V 5 1 8 1
V 4 1 2 1
V 4 12 2 1
V 15 5 2 9
V 10 10 2 1
H 11 6 6 8
V 10 9 4 8
H 11 9 1 10
V 8 10 6 3
H 8 8 5 10
V 7 12 2 1
V 3 3 12 1
H 5 0 3 6
V 6 13 6 5
V 5 17 2 1
H 8 11 1 4
H 6 14 3 6
V 12 9 8 1
H 15 5 1 10
V 5 9 12 1
H 8 0 2 12
H 9 0 1 4
V 3 3 12 1
H 2 4 1 2
V 0 5 16 3
V 0 5 6 6
H 10 6 1 2
V 7 7 12 1
V 3 10 2 6
H 5 3 1 2
H 4 4 2 14
V 1 14 6 1
V 5 5 8 5
V 9 2 4 1
H 8 0 3 12
V 6 0 6 1
V 11 12 2 1
H 12 4 1 12
V 11 8 4 8
V 14 13 2 1
V 0 11 10 2
H 3 7 2 10
V 6 11 4 6
H 1 10 1 2
V 1 11 18 1
V 5 10 4 1
V 4 15 2 1
H 5 4 1 2
H 5 5 1 14
H 1 11 1 2
H 8 11 1 2
V 7 9 6 3
V 9 5 2 1
H 10 4 1 16
V 8 3 2 1
H 8 0 1 16
V 0 12 18 1
H 8 1 4 16
H 16 7 1 6
V 0 9 18 1
V 1 8 2 1
H 2 4 2 12
V 2 4 2 1
V 11 16 2 1
V 5 1 2 15
H 6 0 1 2
V 0 9 20 1
H 14 5 1 2
H 7 6 10 4
H 13 6 1 2
V 0 7 18 1
V 0 6 2 6
H 1 6 2 8
H 1 5 1 2
V 0 12 2 1
V 7 6 10 1
H 14 5 2 2
H 6 8 11 4
H 11 10 1 2
V 8 11 10 1
V 4 12 4 2
H 7 6 1 14
V 10 16 2 1
V 8 4 2 1
H 9 0 2 18
V 5 7 12 1
H 9 3 5 8
H 6 17 1 2
H 11 14 1 2
V 6 11 6 4
H 8 10 3 8
V 1 9 18 2
V 0 9 10 2
V 0 8 4 1
H 0 6 1 6
V 2 7 14 1
H 9 5 1 2
H 9 6 7 2
V 3 6 14 1
V 14 7 2 1
V 9 17 2 1
H 9 0 1 16
V 0 9 20 1
H 5 2 5 14
H 15 8 1 2
V 2 9 16 2
H 5 4 9 12
H 7 16 3 2
V 8 6 4 11
V 9 1 2 3
V 9 15 2 1
H 9 0 1 2
V 3 4 6 6
H 5 2 7 4
V 10 15 2 1
H 5 15 6 2
V 5 15 8 1
V 3 4 2 10
H 3 5 1 10
V 3 4 2 10
H 4 3 4 4
V 4 4 2 1
V 3 5 2 7
H 3 4 1 8
V 8 3 2 1
H 8 0 1 6
H 6 2 1 2
V 5 3 8 1
V 10 8 6 5
V 12 8 4 1
H 10 7 4 8
V 2 5 2 1
H 6 12 1 2
V 2 13 8 1
H 8 8 1 12
H 2 11 1 2
H 6 6 8 4
H 8 1 2 18
V 5 5 8 2
H 8 1 3 10
V 7 1 2 1
V 5 10 2 1
V 5 15 2 1
V 5 8 8 1
V 6 1 2 10
H 7 1 1 18
V 8 1 2 1
V 3 6 12 2
V 7 0 2 16
H 7 0 2 14
V 12 4 2 1
H 12 4 1 2
V 3 11 10 2
H 7 11 2 2
V 1 10 16 2
H 6 2 5 8
H 7 4 1 4
H 3 7 11 4
V 10 9 2 1
V 11 9 6 2
H 13 5 1 8
V 13 6 2 1
V 10 9 8 1
H 7 13 1 2
H 8 5 1 4
V 7 6 2 8
H 8 0 1 14
V 7 3 4 8
H 7 4 1 14
H 8 3 1 16
H 5 8 5 2
V 2 8 2 1
V 2 10 2 1
V 3 8 14 1
V 12 7 2 4
H 8 10 1 2
H 6 5 8 6
V 11 5 2 1
V 3 5 8 2
V 3 5 4 6
H 9 2 2 8
H 6 9 1 2
H 2 8 5 2
H 6 3 3 14
V 5 12 8 2
V 4 13 8 1
H 4 13 1 2
V 10 10 2 1
V 9 6 4 7
V 1 10 10 1
H 7 10 5 6
H 7 15 1 2
V 0 10 10 1
H 5 6 1 10
V 7 2 2 11
H 7 2 1 2
V 0 9 4 1
V 2 7 12 1
H 3 6 8 6
H 4 10 1 4
V 4 6 8 7
V 4 7 2 1
H 5 4 4 4
H 6 3 1 2
V 6 4 6 3
V 9 3 2 1
H 10 3 1 4
H 8 6 1 12
V 7 12 2 1
H 6 6 1 8
V 3 7 10 3
V 11 10 2 1
H 11 5 1 10
H 12 8 1 6
V 10 9 6 2
H 14 8 1 2
V 3 9 12 2
H 14 10 1 2
H 6 11 1 2
V 2 10 6 2
H 2 10 1 2
V 3 11 2 1
H 4 7 3 6
V 1 9 10 2
H 8 5 4 8
V 8 10 6 1
H 7 4 5 8
V 8 9 6 3
H 10 4 1 12
H 6 9 1 2
H 8 2 1 14
V 3 7 12 1
V 8 15 2 1
H 4 6 9 2
V 3 7 2 1
H 6 4 1 8
H 7 10 1 2
V 4 6 6 5
H 9 5 2 4
V 9 6 4 1
V 9 10 4 1
H 8 7 3 8
H 4 9 9 2
H 4 8 1 2
V 4 9 12 1
H 14 9 1 2
H 7 6 1 2
H 4 7 5 4
V 2 10 10 1
V 9 13 2 1
V 3 10 10 1
H 8 9 5 4
H 12 9 1 2
V 6 9 10 1
V 5 8 6 4
V 8 10 2 1
V 8 13 2 1
H 8 7 1 10
H 8 14 1 2
H 8 8 1 2
H 8 3 1 12
V 8 4 2 1
H 8 2 1 6
H 6 12 1 2
H 10 12 1 2
H 8 11 4 2
V 11 11 2 1
H 4 10 5 2
V 3 10 2 1
H 4 7 2 4
V 2 9 4 1
V 8 9 2 5
H 9 9 1 6
V 7 7 2 1
V 5 6 6 6
H 7 4 1 4
H 7 9 5 2
V 8 10 2 1
H 9 8 2 6
H 4 7 5 2
V 3 8 8 1
V 3 9 2 1
H 4 8 6 2
V 3 9 12 1
H 8 4 1 6
H 6 8 1 2
V 3 9 6 1
V 8 8 2 1
H 6 10 1 2
H 7 6 2 6
V 6 8 6 2
H 11 8 1 4
V 11 10 2 1
V 6 8 4 1
H 8 9 1 2
H 6 8 3 2
H 6 7 1 6
V 6 9 2 1
V 9 9 4 1
V 10 9 2 1
H 10 8 1 2
V 8 9 2 3
V 7 9 2 1
H 8 6 1 8
H 7 6 2 2
V 8 6 2 1
V 8 9 2 2
V 7 6 2 6
V 6 7 2 1
H 7 6 2 6
H 8 7 1 2
V 7 8 2 1
H 7 10 2 2
V 5 9 4 2
H 7 8 2 4
V 8 8 2 1
V 8 8 4 1
H 7 8 2 2
V 5 9 4 1
H 7 8 2 2
H 8 8 1 4
H 8 9 1 4
H 6 9 2 2
V 7 8 4 1
H 7 7 1 2
V 7 9 2 1
V 8 8 2 1
