V 8 14 2 1
H 19 13 1 2
H 7 10 1 2
V 12 15 2 1
H 17 16 1 2
V 0 14 2 1
V 1 5 2 1
V 12 14 8 3
V 17 7 2 1
V 18 3 2 1
V 18 8 2 1
V 18 13 2 1
H 18 9 1 2
H 18 0 1 20
H 19 6 1 12
V 16 2 2 1
H 17 0 3 12
H 15 7 1 2
V 0 0 20 8
V 9 7 2 1
V 0 0 16 1
V 9 0 10 7
H 10 6 1 2
H 18 0 2 16
H 0 14 1 2
V 0 14 20 1
H 14 14 1 2
V 0 14 16 1
V 1 14 14 1
H 0 14 6 4
H 6 14 9 4
H 0 14 5 6
V 0 14 6 5
V 0 14 4 5
H 0 17 1 2
V 1 4 2 1
V 2 0 8 9
V 14 5 4 1
H 1 1 15 8
H 9 3 2 2
H 12 0 1 2
H 2 0 9 8
V 1 1 4 8
H 1 1 1 2
H 5 14 1 2
V 0 14 20 1
H 0 14 6 4
H 1 14 1 6
V 0 2 2 1
H 2 18 1 2
V 1 2 10 6
V 2 4 2 1
H 2 1 1 8
H 2 1 1 2
H 6 1 1 2
V 7 9 12 5
H 18 16 1 4
V 17 7 2 1
V 17 15 2 1
V 18 3 2 1
H 18 1 1 16
V 9 5 2 1
V 0 3 20 6
V 0 3 16 6
H 17 8 1 2
V 16 9 2 5
V 16 11 2 1
V 18 7 2 2
V 17 12 2 1
H 17 0 2 14
H 12 7 1 2
H 19 4 1 2
H 18 6 1 2
V 0 5 20 3
V 6 4 4 1
H 7 0 4 8
H 8 1 1 2
V 1 2 12 4
V 17 1 2 10
H 18 8 2 10
H 9 14 1 2
H 13 14 1 2
H 12 7 1 2
H 19 7 1 2
V 0 14 20 1
H 0 14 1 2
H 9 14 1 2
V 0 14 14 1
H 0 14 6 4
H 1 15 5 4
V 8 12 2 1
V 3 9 6 5
H 13 11 1 2
V 5 9 2 1
V 0 12 20 2
H 18 11 2 4
V 0 14 20 1
H 4 14 1 2
V 0 14 16 1
H 0 14 4 2
H 0 14 6 4
H 0 14 6 2
V 0 14 12 1
V 0 14 20 1
H 18 0 1 20
H 19 1 1 10
H 5 3 1 2
H 17 3 1 2
V 0 4 20 1
H 7 1 1 2
V 2 2 10 3
V 2 9 10 5
V 4 2 2 1
H 3 0 2 8
H 4 0 1 2
V 0 4 10 1
H 9 1 1 8
H 13 2 1 2
V 1 3 16 1
V 11 1 2 1
H 12 0 8 2
V 4 1 16 1
V 3 1 16 5
V 12 8 8 1
V 17 14 2 1
H 18 3 2 12
V 0 14 20 1
V 0 14 14 1
H 0 14 6 2
H 1 14 5 4
H 14 5 1 2
V 0 5 20 1
V 17 7 2 1
H 18 2 1 18
H 0 14 1 2
V 0 12 20 2
V 0 14 20 1
V 0 14 16 1
H 0 14 4 2
H 7 14 1 2
H 18 14 1 2
H 0 15 1 2
H 17 0 2 14
V 0 5 20 3
H 6 0 1 2
H 6 1 3 8
H 11 1 1 2
V 2 2 10 3
V 0 5 2 2
H 6 1 1 2
V 1 5 8 2
H 1 4 1 2
H 2 3 2 6
V 3 7 2 1
H 3 2 1 4
V 3 4 2 1
H 16 6 1 2
V 0 6 20 1
H 4 7 1 2
V 0 6 10 2
H 0 5 1 2
H 12 14 3 6
V 9 14 2 1
H 10 14 6 4
H 12 15 1 2
V 0 14 20 1
H 2 14 4 4
H 3 15 3 4
V 15 1 4 3
H 15 0 5 6
V 17 14 2 1
H 18 0 1 20
V 0 14 20 1
H 9 14 1 2
V 0 14 14 1
H 0 14 4 2
H 1 15 1 2
V 10 14 2 6
V 12 14 2 1
V 6 14 14 3
V 17 2 2 1
V 17 18 2 1
V 18 17 2 1
H 18 0 1 20
V 16 0 2 1
H 17 0 2 10
V 6 0 14 6
V 5 0 12 1
V 7 0 12 3
H 19 3 1 2
V 15 1 4 1
H 16 0 4 8
H 18 0 1 20
V 0 14 20 1
H 7 14 1 6
H 6 14 1 2
V 1 14 8 1
H 3 14 3 4
H 4 14 1 6
V 6 12 2 1
V 7 9 12 5
H 19 13 1 6
H 18 8 2 10
V 0 14 20 1
V 0 14 16 1
H 0 14 1 2
V 2 14 4 3
H 2 15 1 2
V 3 3 8 1
H 5 16 1 4
V 4 14 2 5
V 3 17 2 1
H 7 7 1 2
V 5 8 14 1
H 6 1 5 8
H 6 0 4 8
H 17 14 2 6
V 0 14 20 1
V 0 14 14 1
H 1 14 1 2
H 7 14 1 2
H 15 14 1 2
V 14 4 6 4
H 18 0 1 20
V 0 14 20 1
H 7 14 1 2
V 0 14 16 1
V 9 5 10 3
V 18 3 2 1
V 18 12 2 1
V 17 2 2 1
V 17 9 2 1
H 18 2 1 18
H 6 14 1 2
V 1 14 18 1
V 2 14 8 1
H 4 14 2 4
H 12 14 1 4
V 4 17 2 1
V 5 14 2 1
H 5 14 1 6
V 1 14 16 1
H 18 14 1 2
V 1 14 18 1
V 12 5 8 1
H 18 0 1 20
V 3 4 16 3
V 5 4 10 4
H 5 1 3 6
V 0 7 2 2
H 0 7 1 2
V 5 2 14 1
H 6 1 1 2
H 9 2 1 2
V 3 8 4 1
H 5 5 1 2
H 4 3 2 6
V 6 4 2 1
H 4 3 3 4
V 6 15 14 1
V 5 3 2 1
V 5 14 2 1
H 6 14 9 2
V 2 14 18 1
H 2 14 4 2
H 3 15 1 2
H 18 9 1 2
V 17 10 2 4
V 17 14 2 1
H 18 9 2 8
V 6 14 14 3
V 6 16 10 1
H 6 14 3 6
H 18 3 1 10
V 18 6 2 1
H 15 6 1 2
V 3 4 16 3
V 3 4 14 3
V 13 13 6 1
H 18 13 2 2
H 3 14 1 2
H 11 14 1 2
H 16 14 1 2
V 2 14 18 1
V 2 14 8 1
H 5 14 1 4
H 5 15 1 4
H 7 15 1 2
H 6 16 1 2
H 8 16 1 2
V 7 16 12 1
H 18 0 1 20
H 17 6 1 2
V 2 5 18 2
V 9 3 10 1
H 9 0 3 8
V 5 2 8 1
V 1 9 12 5
H 8 12 1 2
V 0 13 2 1
V 0 9 20 4
V 16 10 2 1
H 17 1 3 12
V 2 5 18 2
V 1 6 14 2
H 8 14 8 6
H 8 14 2 4
V 2 14 18 1
H 18 0 1 18
V 18 13 2 1
V 2 5 18 1
V 2 5 14 2
V 7 1 4 2
V 8 0 8 9
V 0 8 8 1
H 3 5 7 4
V 3 7 2 1
H 4 4 2 4
H 12 0 6 4
V 6 2 14 1
H 19 13 1 2
V 12 9 8 5
H 17 7 3 6
H 13 6 1 2
V 1 7 18 1
V 1 7 14 1
H 19 1 1 14
V 2 14 18 1
V 11 14 2 1
V 2 14 10 1
H 4 14 2 2
H 7 14 1 2
V 4 14 2 1
H 5 14 1 4
H 4 15 1 2
H 9 15 1 2
V 16 14 4 5
V 17 10 2 1
H 18 0 1 20
H 11 7 1 2
V 0 8 20 1
V 0 8 16 1
H 12 11 1 2
V 3 9 10 3
H 3 11 1 2
V 0 10 20 2
H 18 9 2 6
V 2 14 18 1
V 2 14 14 1
H 2 7 1 2
V 1 8 12 1
V 7 2 2 1
V 8 1 12 2
V 16 0 2 1
V 16 18 2 1
H 16 2 1 2
V 8 1 2 1
V 9 0 8 3
H 9 0 1 2
V 17 13 2 1
H 18 3 2 16
V 6 15 14 2
H 7 16 1 2
H 12 16 1 2
H 16 16 1 2
V 7 14 6 3
H 8 14 7 6
V 12 4 2 1
V 6 4 14 1
V 5 4 14 1
V 4 7 16 1
H 16 3 1 6
V 18 8 2 1
V 3 7 16 2
H 3 6 1 2
V 17 4 2 1
H 18 0 2 18
V 17 6 2 1
V 8 1 12 1
V 8 1 8 1
V 9 9 10 5
H 18 12 1 4
V 4 14 16 1
V 11 16 2 1
H 9 14 3 6
V 13 14 2 1
V 6 14 8 4
V 6 9 4 5
H 2 9 1 2
H 1 10 1 2
V 0 10 20 1
H 18 8 1 10
V 6 14 14 3
V 8 16 2 1
H 9 14 6 6
H 9 16 1 2
H 13 16 1 2
H 10 17 1 2
V 7 18 8 1
V 3 14 2 1
H 9 1 4 6
V 6 5 14 4
V 18 11 2 1
H 18 0 1 18
H 19 13 1 2
V 4 14 16 1
H 5 14 1 2
V 4 14 12 1
H 4 14 1 2
H 14 5 1 2
H 7 4 13 2
V 6 8 2 1
V 6 16 2 1
V 5 5 4 4
H 9 18 7 2
V 8 18 4 1
H 9 17 1 2
V 7 14 4 4
V 8 16 2 1
H 9 16 7 4
H 17 2 2 10
V 3 7 16 2
H 5 7 1 2
V 3 7 12 1
V 18 3 2 1
H 18 0 1 18
V 8 3 12 5
V 7 3 10 1
V 4 10 16 3
V 17 2 2 1
H 18 0 1 20
V 10 0 10 6
V 12 2 2 1
V 12 15 2 1
V 10 0 6 5
H 18 8 1 2
V 14 9 6 4
H 18 0 1 20
V 8 2 12 2
V 8 2 8 2
H 3 12 1 2
V 1 9 14 4
V 0 9 20 1
H 18 4 2 14
V 6 15 14 2
V 6 15 10 2
V 8 3 2 1
H 9 2 1 2
V 11 0 8 5
V 11 9 8 4
V 6 5 2 1
V 9 7 2 1
V 9 18 2 1
V 7 4 6 5
H 10 1 3 8
V 3 8 14 1
V 10 1 2 1
V 15 8 2 1
H 19 12 1 2
H 18 11 2 4
V 6 14 14 1
H 10 14 3 6
V 12 16 2 1
V 8 17 6 1
V 7 6 4 3
H 8 4 10 4
V 4 8 8 1
H 12 5 3 2
H 7 6 1 2
V 6 6 12 1
H 12 0 1 8
V 9 3 6 1
V 9 17 2 1
H 10 2 1 2
H 11 1 1 2
H 17 5 3 4
V 6 7 14 1
H 16 7 1 2
V 5 7 14 1
V 7 5 2 1
H 8 15 1 2
V 0 11 6 3
H 0 12 1 2
V 5 8 8 1
H 14 5 1 2
H 8 7 1 2
H 7 6 13 2
V 6 7 8 2
V 18 7 2 1
V 11 2 8 6
H 13 0 4 4
H 1 10 6 4
H 9 11 1 2
V 0 10 12 2
H 0 9 2 4
V 8 6 12 1
V 8 5 4 2
H 9 4 2 4
H 18 0 2 16
H 13 4 1 2
H 12 2 1 4
V 8 5 12 2
V 8 5 8 2
V 17 14 2 2
H 18 0 1 20
H 15 4 1 2
V 10 4 10 1
V 10 4 6 1
H 10 3 1 2
V 17 12 2 1
H 18 5 2 14
V 8 15 10 1
V 8 14 12 2
H 12 15 1 2
V 8 14 10 2
V 2 10 18 1
H 6 9 1 2
H 18 7 2 8
V 8 14 12 1
H 11 14 1 2
H 18 13 1 2
H 11 14 4 4
H 12 14 1 6
H 6 10 1 2
H 10 10 1 2
V 6 10 12 1
V 17 7 2 1
H 16 9 1 2
H 17 2 1 12
V 14 4 2 1
V 10 4 10 1
H 14 0 1 2
H 14 6 1 2
H 12 1 3 6
H 11 17 2 2
V 12 2 2 1
V 7 8 4 1
H 9 5 5 4
V 13 19 2 1
H 13 1 1 2
H 19 4 1 2
H 13 10 1 2
V 12 5 8 4
V 18 14 2 1
V 17 11 2 1
H 18 1 1 18
V 8 13 12 1
V 8 14 12 1
V 8 14 8 1
V 0 12 2 1
V 1 10 2 1
H 2 9 1 2
H 5 9 9 2
V 11 14 2 3
H 12 16 1 2
H 8 7 3 2
V 7 8 6 1
H 14 5 1 2
V 14 1 6 5
V 14 1 2 5
H 15 0 1 8
V 15 1 2 8
H 15 1 1 8
V 10 5 10 1
H 18 11 1 6
V 11 14 8 3
H 14 14 1 6
V 14 9 6 5
H 18 11 2 6
V 11 16 8 1
V 10 15 2 1
V 11 15 6 2
H 13 11 1 2
V 2 12 18 2
H 8 12 11 2
V 1 12 16 1
V 15 16 2 1
V 12 14 8 3
V 18 12 2 1
H 18 8 1 2
H 18 9 1 6
V 0 11 20 1
V 0 11 16 1
V 3 11 8 3
V 4 11 16 3
H 17 0 1 14
H 15 5 1 2
V 10 6 10 1
H 12 3 2 6
V 14 3 2 1
V 14 7 2 1
V 14 18 2 1
V 9 7 4 2
V 12 4 6 1
H 16 0 1 8
H 8 12 2 2
V 2 10 16 3
V 1 11 12 1
V 4 13 2 1
H 5 10 13 4
V 2 11 12 2
H 13 3 1 2
H 15 3 1 2
V 18 10 2 1
H 19 10 1 10
H 11 14 1 2
V 10 14 10 1
H 11 14 1 2
H 15 14 1 2
V 10 14 8 1
V 17 16 2 1
V 17 18 2 1
H 18 1 1 18
V 13 14 6 3
H 15 14 1 6
V 12 4 2 2
H 11 5 1 2
V 15 11 2 1
V 4 10 10 2
V 2 11 18 1
H 18 9 2 10
V 12 14 8 3
V 12 14 4 3
V 13 17 2 1
H 18 2 2 16
V 4 9 16 1
V 3 9 16 1
H 4 9 1 2
H 18 12 1 8
H 15 15 2 2
V 12 14 8 2
V 15 16 2 1
H 14 14 2 4
H 18 8 1 12
H 18 12 1 4
V 14 9 6 5
V 14 14 6 3
V 13 16 2 1
V 14 15 2 1
H 15 15 1 4
H 18 1 1 16
V 15 4 4 1
H 16 5 1 4
H 16 1 1 6
V 11 6 2 3
H 16 6 1 2
V 10 7 10 1
H 17 0 1 14
V 6 12 14 2
H 5 10 7 4
H 3 10 1 2
V 2 11 10 1
H 18 11 1 6
V 12 15 8 1
V 12 15 4 1
H 11 6 1 2
H 13 15 1 2
V 5 10 8 2
H 18 10 1 4
V 4 10 16 1
H 18 5 1 12
H 16 16 1 2
V 16 15 4 2
H 16 14 2 6
V 12 14 2 1
V 4 10 4 3
H 17 1 1 2
V 17 2 2 1
H 13 5 7 4
H 7 9 1 2
V 4 10 12 2
H 6 10 1 2
V 15 10 2 1
H 5 9 5 4
V 5 13 14 1
V 5 10 2 1
V 5 13 2 1
H 17 12 1 2
H 17 1 1 12
H 17 1 1 4
H 13 14 1 2
H 19 7 1 6
H 19 4 1 16
V 18 17 2 1
H 19 3 1 16
H 15 3 1 2
V 3 11 2 1
V 16 6 2 1
V 16 15 2 1
V 16 17 2 1
V 14 14 6 2
H 18 5 2 14
H 12 7 1 2
V 10 8 10 1
V 10 8 6 1
H 14 14 1 2
V 5 12 12 1
V 17 5 2 1
V 18 5 2 8
H 18 3 1 14
V 18 11 2 1
V 15 11 4 2
H 18 5 1 2
H 18 6 1 14
V 13 7 4 1
V 14 5 6 4
H 18 5 2 14
V 14 14 6 1
V 13 14 4 1
V 18 12 2 1
V 7 9 12 4
V 13 11 2 1
V 8 9 12 4
V 16 11 4 1
H 17 4 3 10
V 17 4 2 1
V 17 15 2 1
H 18 5 2 12
H 19 5 1 14
H 6 12 1 2
H 14 12 1 2
V 6 11 10 1
V 12 11 2 1
V 6 11 14 2
V 17 13 2 1
H 18 8 2 10
H 18 7 1 8
V 15 14 4 3
V 15 16 2 1
V 17 14 2 1
V 18 14 2 4
V 17 17 2 1
V 5 11 4 1
H 9 10 1 2
H 7 9 12 4
H 15 14 1 2
V 14 14 4 1
H 15 14 3 2
H 16 15 1 2
H 16 4 1 2
H 17 5 1 2
H 17 6 3 8
V 14 6 6 1
H 9 10 1 2
H 11 9 1 2
V 6 10 14 1
V 6 10 2 1
V 9 9 10 4
H 18 7 1 12
V 18 7 2 1
V 6 11 14 2
H 7 12 1 2
V 10 10 2 1
V 9 9 2 4
H 14 11 1 2
V 5 11 14 1
H 17 6 3 8
V 13 7 6 2
V 13 7 2 1
H 17 3 1 2
H 7 11 1 2
V 6 11 2 1
V 16 5 2 4
H 17 4 1 2
V 8 12 2 1
H 9 12 9 2
V 10 12 2 1
V 7 10 4 3
H 18 5 1 6
V 14 8 6 1
V 16 8 2 1
V 13 8 4 1
V 10 11 6 3
H 17 12 1 2
V 10 13 10 1
H 18 10 2 2
H 19 11 1 6
V 10 11 10 3
H 18 5 1 12
V 15 7 2 1
H 17 5 1 2
H 18 13 1 2
V 16 14 4 1
H 19 14 1 2
V 18 8 2 1
H 18 6 1 4
V 16 6 2 1
V 17 11 2 1
H 17 6 1 8
V 16 6 2 2
V 10 13 2 1
H 11 10 2 4
H 9 11 1 2
V 7 11 10 1
V 15 9 4 4
H 18 10 1 6
V 17 7 2 5
V 17 15 2 1
H 18 15 1 2
H 19 13 1 2
H 10 9 1 4
H 17 6 1 2
V 16 7 2 2
V 16 8 4 1
H 11 10 1 2
V 8 11 8 1
V 10 13 2 1
H 18 8 1 4
H 13 10 1 2
V 10 10 10 1
V 9 10 8 1
V 11 9 2 4
H 19 9 1 2
H 17 11 1 2
V 14 11 2 1
V 10 10 10 2
H 17 8 2 6
V 15 8 4 1
V 15 9 4 2
H 18 14 1 2
H 18 8 1 2
H 12 11 1 2
H 15 11 1 2
V 10 12 4 1
V 11 10 2 1
H 11 9 1 4
H 11 9 1 2
H 19 10 1 2
V 10 10 10 1
V 10 10 2 1
H 17 7 1 2
H 17 10 2 4
H 11 10 1 2
H 13 11 1 2
V 9 11 10 1
V 9 11 8 1
V 17 13 2 1
H 12 10 1 2
V 10 11 4 1
H 16 12 1 2
V 13 10 6 3
H 18 9 1 2
V 13 13 2 1
H 17 12 1 2
V 12 9 2 5
H 12 9 1 2
H 12 10 1 4
V 12 10 2 1
H 13 12 1 2
V 12 11 4 2
H 13 9 4 4
V 11 11 6 1
V 13 9 2 1
V 16 10 2 1
V 16 13 2 1
V 12 11 2 1
H 13 11 1 2
H 17 11 1 2
V 17 11 2 1
V 14 11 2 2
H 15 10 1 4
V 14 11 2 1
V 13 10 4 2
H 14 11 1 2
H 15 12 1 2
V 14 10 2 2
V 15 10 2 3
H 15 9 1 2
V 14 11 2 1
H 15 10 1 2
V 15 11 2 1
