V 11 5 2 1
V 11 19 2 1
V 8 18 2 1
H 1 3 1 2
H 18 9 1 2
V 1 19 8 1
V 1 17 10 3
H 5 8 4 12
H 9 8 2 12
H 9 8 2 10
V 9 8 8 1
H 11 8 4 12
V 12 14 6 3
V 17 10 2 1
H 17 8 1 12
V 17 8 2 5
V 18 8 2 1
H 19 7 1 2
V 6 7 14 1
V 6 7 10 1
H 7 2 1 6
H 6 1 2 6
V 4 1 16 1
H 15 0 4 2
H 15 1 1 2
H 17 0 1 2
V 4 0 16 1
V 4 0 6 1
V 7 7 4 1
H 6 2 2 6
V 6 1 10 1
H 7 1 1 6
V 4 1 16 1
H 15 0 5 2
V 5 0 14 1
V 5 0 6 1
V 6 7 14 1
V 6 7 10 1
H 6 2 2 6
H 6 1 2 6
V 4 1 16 1
V 12 0 8 1
H 15 0 4 2
V 6 0 14 1
V 6 0 4 1
H 11 13 1 2
H 19 13 1 2
V 11 14 6 6
H 12 16 1 2
V 14 17 2 1
V 12 17 6 3
H 17 8 1 12
H 17 8 1 10
V 17 8 2 2
V 18 8 2 1
H 19 7 1 2
V 6 7 14 1
V 6 7 12 1
H 6 2 2 6
H 6 1 2 6
V 13 2 2 1
V 4 1 10 4
V 4 1 16 1
H 19 0 1 4
H 19 1 1 6
V 1 14 10 2
H 9 8 2 12
V 9 8 8 1
H 12 8 3 12
V 12 14 6 6
H 17 8 1 12
V 17 8 2 5
V 18 8 2 1
H 19 7 1 2
V 6 7 14 1
V 6 7 10 1
H 7 2 1 6
H 7 1 1 6
V 4 1 16 1
H 15 0 5 2
V 7 0 12 1
V 7 0 4 1
H 6 6 1 2
V 6 7 10 1
V 6 6 2 1
H 7 2 1 6
H 7 1 1 6
V 4 1 16 1
H 15 0 5 2
V 8 0 12 1
V 8 0 2 1
V 3 9 4 8
H 4 17 1 2
H 4 8 4 10
V 1 14 10 3
H 10 8 1 12
V 9 8 8 1
H 14 8 1 12
V 14 13 2 1
V 12 14 6 4
H 17 8 1 12
V 17 8 2 2
V 18 8 2 1
H 19 7 1 2
V 6 7 14 1
V 6 7 12 1
H 6 2 2 6
H 6 1 2 6
V 4 2 2 1
V 5 1 10 4
H 19 1 1 2
V 4 1 16 1
H 19 1 1 2
H 19 1 1 4
V 0 2 2 3
H 1 4 3 6
H 1 3 2 14
V 1 10 8 7
H 10 14 1 2
V 1 14 10 1
H 10 8 1 12
V 9 8 8 1
H 14 13 1 2
H 13 8 2 12
V 12 14 6 1
V 17 9 2 1
H 17 8 1 12
V 17 8 2 3
V 18 8 2 1
H 19 7 1 2
H 6 6 1 2
V 6 7 14 1
V 10 7 2 1
V 6 7 10 1
V 7 4 12 1
H 6 2 2 6
H 6 1 2 6
V 4 1 16 1
H 15 0 5 2
V 9 0 10 1
V 9 0 2 1
H 5 1 1 6
V 5 1 6 4
V 5 2 14 3
H 15 0 1 4
V 10 0 10 1
H 9 8 2 10
V 9 8 8 1
H 14 8 1 12
V 12 14 6 6
H 17 8 1 12
V 17 8 2 2
V 18 8 2 1
H 19 7 1 2
V 6 7 14 1
V 6 7 12 1
H 6 2 2 6
V 7 3 2 1
H 6 1 2 6
V 5 1 10 4
V 4 1 16 1
H 19 0 1 4
V 12 6 2 1
V 7 6 12 1
H 9 6 1 2
V 6 6 12 1
H 6 2 2 6
V 5 1 10 4
H 4 2 1 2
H 10 2 1 2
H 12 2 1 2
H 4 1 12 4
V 4 1 16 1
H 19 1 1 2
V 16 14 2 6
H 17 8 1 12
H 17 8 1 10
V 17 8 2 1
V 18 8 2 1
H 19 7 1 2
V 6 7 14 1
V 7 7 10 1
H 6 2 2 6
H 6 1 2 6
V 4 1 16 1
H 15 0 5 2
V 11 0 8 1
V 3 8 4 1
H 4 8 2 12
V 1 14 10 1
H 10 8 1 12
V 9 8 8 1
H 14 8 1 12
V 12 0 6 1
V 12 14 6 2
H 17 8 1 12
V 17 8 2 1
V 18 8 2 1
H 19 7 1 2
V 6 7 14 1
V 6 7 12 1
H 6 2 2 6
H 6 1 2 6
V 9 1 2 1
V 5 1 10 2
V 4 1 16 1
H 19 0 1 2
H 5 10 4 6
V 5 14 6 6
H 9 8 2 12
V 9 8 8 1
H 13 8 2 12
V 12 13 2 1
V 12 14 6 1
H 17 8 1 12
V 17 8 2 1
V 18 8 2 1
H 19 7 1 2
V 6 7 14 1
V 6 7 12 1
H 6 2 2 6
V 6 1 10 4
V 5 3 14 2
H 12 4 1 2
H 17 0 2 6
H 18 0 1 2
V 12 3 2 1
V 13 1 6 5
V 4 8 2 8
H 4 13 2 2
V 1 14 10 1
H 9 8 2 12
V 9 8 8 1
H 13 8 2 12
V 12 14 6 2
V 16 17 2 1
H 17 8 1 12
V 17 8 2 3
V 18 8 2 1
H 19 7 1 2
V 6 7 14 1
V 6 7 12 1
H 6 2 2 6
V 6 3 4 3
H 12 3 1 2
V 5 4 14 1
H 15 0 3 6
H 15 0 3 2
V 13 0 4 1
H 18 8 1 6
V 18 8 2 1
H 19 7 1 2
V 6 7 14 1
V 6 7 12 1
H 6 2 2 6
V 5 2 8 3
V 4 3 14 2
V 17 2 2 1
H 16 0 2 6
H 2 0 1 12
V 3 13 2 1
H 2 1 2 16
V 1 4 2 1
V 2 10 6 7
V 1 14 10 1
H 9 8 2 12
V 9 8 8 1
H 14 8 1 12
V 12 14 6 5
V 16 18 2 1
H 17 8 1 12
V 17 8 2 1
V 18 8 2 1
H 19 7 1 2
V 6 7 14 1
V 6 7 12 1
H 6 2 2 6
V 6 2 4 4
V 4 4 14 1
H 15 0 2 6
H 15 0 2 2
V 14 0 4 1
H 17 8 1 10
V 17 8 2 4
V 18 8 2 1
H 19 7 1 2
V 6 7 14 1
V 6 7 12 1
H 6 2 2 6
V 6 3 4 3
V 4 4 14 1
H 15 0 1 6
H 15 0 2 2
V 14 0 2 1
V 9 8 2 12
H 9 8 2 10
V 9 8 8 1
H 13 8 2 12
V 12 14 6 1
H 17 8 1 12
V 17 8 2 2
V 18 8 2 1
H 19 7 1 2
V 6 7 14 1
H 6 6 1 2
V 6 7 12 1
H 6 2 2 6
V 4 1 6 4
V 4 4 14 1
H 16 0 1 6
H 16 0 1 2
V 2 18 4 2
V 1 19 10 1
H 9 8 2 12
H 9 8 2 10
V 9 8 8 1
H 10 8 1 12
H 14 8 1 12
V 12 14 6 1
H 17 8 1 12
V 17 8 2 2
V 18 8 2 1
H 19 7 1 2
H 6 6 1 2
V 6 7 14 1
V 6 7 12 1
H 7 1 1 2
H 6 2 2 6
V 6 3 10 3
V 5 4 14 1
H 17 2 2 4
H 9 8 2 2
V 9 8 8 1
H 14 8 1 12
V 12 14 6 1
H 17 8 1 12
V 17 8 2 1
V 18 8 2 1
H 19 7 1 2
V 6 7 14 1
V 6 7 12 1
H 6 2 2 6
V 7 3 2 1
H 6 1 2 6
V 5 1 8 1
V 5 1 12 1
V 2 16 2 1
V 3 14 8 3
H 10 8 1 12
H 10 8 1 4
V 9 8 8 1
V 14 3 2 1
V 14 14 2 1
H 14 8 1 12
V 12 14 6 3
H 17 8 1 12
V 17 8 2 1
V 18 8 2 1
H 19 7 1 2
H 6 6 1 2
V 6 7 14 1
H 7 6 1 2
V 6 7 12 1
H 6 2 2 6
V 6 2 4 3
V 5 4 14 1
H 15 0 1 6
H 15 0 1 2
V 0 4 2 1
H 1 3 3 8
V 1 8 2 1
H 1 3 1 14
V 1 10 8 5
H 7 14 1 2
V 1 14 10 1
H 10 8 1 12
V 9 8 8 1
H 14 8 1 12
V 12 14 6 3
H 17 8 1 12
V 17 8 2 1
V 18 8 2 1
H 19 7 1 2
V 6 7 14 1
V 6 7 12 1
V 7 3 2 1
H 0 2 1 6
H 6 2 2 6
V 5 1 10 4
V 5 4 14 1
H 18 3 1 2
H 2 0 2 12
H 2 1 2 16
V 2 9 4 6
V 1 14 10 1
H 10 8 1 12
V 9 8 8 1
H 14 8 1 12
V 12 14 6 1
H 17 8 1 12
V 17 8 2 1
V 18 8 2 1
H 19 7 1 2
V 6 7 14 1
V 6 7 12 1
H 6 2 1 6
V 6 2 8 4
H 5 4 1 2
V 4 4 14 1
H 14 3 1 2
H 6 2 12 4
H 5 10 4 8
V 5 14 6 1
H 10 8 1 12
V 9 8 8 1
H 14 8 1 12
H 17 13 1 2
V 12 14 6 1
H 17 8 1 12
V 17 8 2 1
V 18 8 2 1
H 19 7 1 2
V 6 7 14 1
V 6 7 12 1
H 6 2 1 6
V 4 2 10 3
V 5 4 14 1
V 1 8 2 1
H 2 1 2 16
V 3 12 4 4
V 1 14 10 1
H 10 8 1 12
V 9 8 8 1
H 14 8 1 12
V 12 14 6 1
H 17 8 1 12
V 17 8 2 1
V 18 8 2 1
H 19 7 1 2
V 6 7 14 1
V 6 7 12 1
H 6 2 2 6
V 6 4 8 2
H 6 2 1 4
V 4 4 14 1
H 17 3 1 2
V 16 14 2 6
H 17 8 1 12
V 17 8 2 4
H 17 8 2 2
V 18 7 2 1
V 18 8 2 1
H 19 7 1 2
V 6 7 14 1
V 6 7 12 1
H 6 4 1 4
V 6 4 12 2
V 7 5 12 1
H 12 11 5 4
V 14 14 4 3
H 17 8 1 12
V 17 8 2 1
V 18 8 2 1
H 19 7 1 2
V 6 7 14 1
V 6 7 12 1
H 6 2 2 6
V 4 2 8 3
V 4 4 14 1
H 6 9 2 10
V 3 14 8 1
H 10 8 1 12
V 9 8 8 1
H 14 8 1 12
V 12 14 6 1
H 17 8 1 12
V 17 8 2 4
V 18 8 2 1
H 19 7 1 2
V 6 7 14 1
V 6 7 12 1
H 6 2 2 6
V 4 4 6 1
V 5 4 12 1
H 15 2 1 4
V 2 8 6 2
H 5 8 2 12
V 1 14 10 1
H 10 8 1 12
V 9 8 8 1
H 14 8 1 12
V 12 14 6 2
H 17 8 1 12
V 17 8 2 1
V 18 8 2 1
H 19 7 1 2
V 6 7 14 1
V 6 7 12 1
H 6 2 2 6
V 6 3 8 3
V 5 3 12 2
H 16 3 1 2
V 0 2 2 3
H 1 2 3 10
V 1 8 2 1
H 1 3 1 14
V 1 13 8 2
V 1 14 10 1
H 10 8 1 12
V 9 8 8 1
H 14 8 1 12
V 12 14 6 1
H 17 8 1 12
V 17 8 2 4
V 18 8 2 1
H 19 7 1 2
V 6 7 14 1
V 6 7 12 1
H 6 2 2 6
V 5 1 2 1
V 7 6 4 1
H 6 1 2 6
H 10 1 1 2
V 5 1 6 1
V 5 1 10 1
H 17 8 2 4
V 18 8 2 1
H 19 7 1 2
V 6 7 14 1
V 6 7 12 1
H 6 4 2 4
H 7 3 1 4
V 6 5 10 1
V 6 5 12 1
H 4 1 8 4
V 4 3 12 1
V 11 14 4 5
V 12 18 6 1
H 17 8 1 12
V 17 8 2 5
H 18 8 1 8
V 18 8 2 1
H 19 7 1 2
V 6 7 14 1
V 6 7 12 1
H 6 2 2 6
H 6 1 2 6
V 6 1 4 5
V 4 1 10 1
H 6 12 1 2
H 6 8 1 10
V 3 14 8 1
H 10 8 1 12
H 13 8 1 2
V 9 8 8 1
H 14 8 1 12
V 12 14 6 1
H 17 8 1 12
V 17 8 2 5
V 18 8 2 1
H 19 7 1 2
V 6 7 14 1
V 6 7 12 1
H 6 2 2 6
V 6 3 8 3
V 5 4 12 1
V 2 18 4 2
V 1 18 10 2
H 9 8 2 12
H 9 8 2 10
V 9 8 8 1
H 14 8 1 12
V 12 14 6 1
H 17 8 1 12
V 17 8 2 5
V 18 8 2 1
H 19 7 1 2
V 6 7 14 1
V 6 7 12 1
H 6 2 1 6
V 5 2 2 1
V 6 1 4 5
V 4 4 12 1
H 14 2 1 4
V 15 17 2 1
V 14 14 4 5
H 17 8 1 12
V 17 8 2 3
V 18 8 2 1
H 19 7 1 2
V 6 7 14 1
V 6 7 12 1
H 6 4 2 4
V 6 5 10 1
V 7 5 10 1
H 2 13 1 2
V 1 14 10 1
H 9 8 2 12
V 9 8 8 1
H 14 8 1 12
V 12 14 6 1
H 17 8 1 12
V 17 8 2 2
V 18 8 2 1
H 19 7 1 2
V 6 7 14 1
V 6 7 12 1
H 6 2 2 6
H 6 1 2 6
V 5 1 4 1
V 5 1 8 4
H 1 5 2 4
H 2 4 1 2
H 1 3 1 14
V 1 9 8 6
V 1 14 10 1
H 10 8 1 12
V 9 8 8 1
H 14 8 1 12
V 12 14 6 1
H 17 8 1 12
V 17 8 2 2
V 18 8 2 1
H 19 7 1 2
V 6 7 14 1
V 6 7 12 1
H 6 2 1 6
V 4 3 6 2
V 5 3 10 2
H 14 3 1 2
H 18 8 1 4
V 18 8 2 1
H 19 7 1 2
V 6 7 14 1
V 6 7 12 1
H 6 2 2 6
V 5 1 4 4
V 5 4 10 1
H 13 3 1 2
V 9 14 2 3
H 10 8 1 12
V 9 8 8 1
H 14 8 1 12
V 12 14 6 1
H 17 8 1 12
V 17 8 2 1
V 18 8 2 1
H 19 7 1 2
V 6 7 14 1
V 6 7 12 1
H 6 2 2 6
V 5 3 6 2
V 5 14 6 1
V 5 4 10 1
H 8 8 1 12
H 10 8 1 12
V 9 8 8 1
H 14 8 1 12
V 12 14 6 1
H 17 8 1 12
V 17 8 2 2
V 18 8 2 1
H 19 7 1 2
V 6 7 14 1
V 6 7 12 1
H 6 4 2 4
V 6 4 8 2
V 6 5 10 1
V 7 14 4 1
H 10 8 1 12
V 9 8 8 1
V 14 18 2 1
H 14 8 1 12
V 12 14 6 1
H 17 8 1 12
V 17 8 2 1
V 18 8 2 1
H 19 7 1 2
V 6 7 14 1
V 6 7 10 1
H 6 2 2 6
H 6 1 2 6
V 4 1 8 1
H 4 1 1 2
V 6 6 10 1
H 6 1 2 6
V 4 2 8 2
H 6 1 5 4
H 19 8 1 12
H 19 7 1 12
V 6 7 14 1
V 6 7 12 1
H 6 4 2 4
V 6 5 8 1
V 7 5 8 1
V 11 12 6 1
H 11 12 1 2
H 15 12 1 2
H 12 11 5 4
V 12 14 6 1
H 17 8 1 12
V 17 8 2 2
V 18 8 2 1
H 19 7 1 2
V 6 7 14 1
V 7 7 10 1
V 5 4 2 1
H 6 2 2 6
V 4 2 8 3
H 11 2 1 4
V 2 11 6 4
V 1 14 10 1
H 10 8 1 12
V 9 8 8 1
H 14 8 1 12
V 12 14 6 1
H 17 8 1 12
V 17 8 2 1
V 18 8 2 1
H 19 7 1 2
V 6 7 14 1
V 6 7 12 1
H 6 2 2 6
V 5 1 4 4
H 6 4 1 4
V 5 3 8 2
H 12 3 1 2
H 0 2 1 18
H 0 2 1 10
V 1 4 2 1
V 0 2 2 3
H 1 2 2 10
H 1 3 2 14
V 1 13 8 2
V 1 14 10 1
H 10 8 1 12
V 9 8 8 1
H 14 10 1 8
H 14 8 1 12
H 16 14 1 2
V 12 14 6 1
H 17 8 1 12
V 17 8 2 2
V 18 8 2 1
H 19 7 1 2
V 6 7 14 1
V 6 7 12 1
H 6 2 2 6
H 4 4 1 2
H 12 4 1 2
V 4 2 4 3
H 4 2 2 6
V 16 14 2 1
H 17 8 2 2
V 18 8 2 1
H 19 7 1 2
V 6 7 14 1
V 6 7 12 1
H 6 6 4 2
V 6 6 12 1
V 7 6 12 1
V 14 14 4 3
H 15 13 1 2
H 17 8 1 12
V 17 8 2 3
H 17 8 2 2
V 18 8 2 1
H 19 7 1 2
V 6 7 14 1
V 6 7 12 1
H 6 2 2 6
V 4 4 8 1
H 10 2 1 4
H 16 9 1 8
V 16 14 2 6
H 17 8 1 12
V 17 8 2 1
V 18 8 2 1
H 19 7 1 2
V 6 7 14 1
V 6 7 12 1
H 6 4 2 4
V 6 4 6 2
V 6 5 8 1
H 3 15 1 2
V 3 16 8 1
H 10 8 1 12
V 10 8 2 1
H 9 8 2 4
V 9 8 8 1
H 14 8 1 12
V 12 14 6 2
H 17 8 1 12
V 17 8 2 1
V 18 8 2 1
H 19 7 1 2
V 6 7 14 1
V 6 7 12 1
V 7 7 2 1
H 6 2 2 6
V 5 1 2 4
H 5 1 1 6
V 2 8 4 8
V 2 18 4 2
H 4 10 2 8
V 1 14 10 1
H 10 8 1 12
V 9 8 8 1
H 14 8 1 12
V 12 14 6 3
H 17 8 1 12
V 17 8 2 1
V 18 8 2 1
H 19 7 1 2
V 6 7 14 1
V 6 7 12 1
H 6 2 2 6
V 5 2 2 3
H 5 2 1 6
H 1 3 3 6
H 1 2 1 14
V 1 11 8 4
V 1 14 10 1
H 10 8 1 12
V 9 8 8 1
H 14 8 1 12
V 12 14 6 2
H 17 8 1 12
V 17 8 2 1
V 18 8 2 1
H 19 7 1 2
V 6 7 14 1
V 6 7 10 1
H 6 2 2 6
H 6 1 2 6
V 6 1 4 5
H 19 7 1 10
V 6 7 14 1
H 6 6 1 2
V 6 7 12 1
H 6 2 1 6
V 4 3 4 2
H 4 3 1 2
H 17 8 2 2
V 18 8 2 1
H 19 7 1 2
V 6 7 14 1
V 7 7 10 1
H 6 2 2 6
V 5 2 2 1
H 6 1 2 6
V 7 1 2 1
V 11 15 4 4
V 12 18 6 1
H 17 8 1 12
V 17 8 2 5
H 5 8 4 8
H 18 8 1 8
V 18 8 2 1
H 19 7 1 2
V 6 7 14 1
V 6 7 12 1
H 6 4 1 4
V 6 4 6 2
V 7 5 6 1
V 1 14 10 1
H 10 8 1 12
V 9 8 8 1
H 14 8 1 12
V 12 14 6 1
H 17 8 1 12
V 17 8 2 5
V 18 8 2 1
H 19 7 1 2
V 6 7 14 1
V 7 7 10 1
H 6 2 2 6
V 4 4 8 1
V 1 17 10 2
H 10 8 1 12
H 10 8 1 8
V 9 8 8 1
H 14 8 1 12
V 12 14 6 2
H 17 8 1 12
V 17 8 2 5
V 18 8 2 1
H 19 7 1 2
V 6 7 14 1
V 6 7 12 1
V 7 6 2 1
H 6 2 2 6
H 6 1 1 6
V 3 8 4 5
H 4 10 5 8
V 1 14 10 1
H 10 8 1 12
V 9 8 8 1
V 14 14 2 1
H 14 8 1 12
V 12 14 6 3
H 17 8 1 12
V 17 8 2 3
V 18 8 2 1
H 19 7 1 2
V 6 7 14 1
V 6 7 12 1
H 6 6 4 2
V 6 6 10 1
V 6 6 12 1
H 1 3 2 4
H 2 1 1 16
V 6 14 2 1
H 5 11 1 2
V 1 12 6 3
V 1 14 10 1
H 10 8 1 12
V 9 8 8 1
H 14 8 1 12
V 12 14 6 1
H 17 8 1 12
V 17 8 2 3
V 18 8 2 1
H 19 7 1 2
V 6 7 14 1
V 6 7 12 1
H 6 2 1 6
V 4 4 4 1
H 4 4 1 2
H 0 2 1 18
H 0 2 1 12
V 0 2 2 3
H 1 4 1 2
H 1 2 2 10
H 1 2 1 14
H 4 11 1 2
V 1 12 8 3
V 1 18 8 1
V 1 14 10 1
H 10 8 1 12
V 9 8 8 1
H 14 8 1 12
V 12 14 6 1
H 17 8 1 12
V 17 8 2 3
V 18 8 2 1
H 19 7 1 2
V 6 7 14 1
V 6 7 12 1
H 6 2 2 6
V 5 4 6 1
H 6 2 4 4
H 18 8 1 6
H 19 8 1 2
V 18 8 2 1
H 19 7 1 2
V 6 7 14 1
V 6 7 12 1
H 6 4 2 4
V 7 3 2 1
V 6 3 4 3
V 6 5 6 1
H 18 8 1 12
V 18 8 2 1
H 19 7 1 2
V 6 7 14 1
V 6 7 10 1
H 7 2 1 6
V 7 2 2 4
H 7 2 2 4
V 16 14 2 6
H 17 8 1 12
V 17 8 2 5
H 17 8 2 2
V 18 8 2 1
H 19 7 1 2
V 6 7 14 1
V 6 7 10 1
H 7 2 1 6
V 5 3 4 2
H 5 4 1 2
H 10 8 1 10
V 9 8 8 1
H 14 8 1 12
V 12 14 6 2
H 17 8 1 12
V 17 8 2 4
V 18 8 2 1
H 19 7 1 2
H 7 6 1 2
V 6 7 14 1
V 6 7 12 1
H 6 4 2 4
H 6 3 2 4
V 5 3 2 1
V 1 18 10 1
H 10 8 1 12
H 10 8 1 8
V 9 8 8 1
H 14 8 1 12
V 12 14 6 3
H 17 8 1 12
V 17 8 2 4
V 18 8 2 1
H 19 7 1 2
V 6 7 14 1
V 6 7 10 1
H 7 4 1 2
H 7 2 1 6
V 5 4 6 1
V 0 2 2 3
H 1 2 1 10
H 1 3 1 14
V 1 14 8 1
V 1 14 10 1
H 10 8 1 12
V 9 8 8 1
H 14 8 1 12
V 12 14 6 1
H 17 8 1 12
V 17 8 2 2
V 18 8 2 1
H 19 7 1 2
V 6 7 14 1
V 6 7 10 1
V 7 4 2 1
H 7 2 1 6
V 6 4 4 2
H 9 3 1 2
V 0 0 4 2
H 2 0 1 10
H 2 0 1 16
H 4 16 1 2
V 1 13 6 4
V 1 14 10 1
H 10 8 1 12
V 9 8 8 1
H 14 8 1 12
V 12 14 6 2
H 17 8 1 12
V 17 8 2 1
V 18 8 2 1
H 19 7 1 2
V 6 7 14 1
V 6 7 10 1
H 7 2 1 6
V 4 4 6 1
V 0 3 2 1
H 0 2 1 14
V 0 2 2 3
H 1 2 2 10
H 1 3 1 14
V 1 13 8 4
V 1 14 10 1
H 10 8 1 12
V 9 8 8 1
H 14 8 1 12
V 12 14 6 3
H 17 8 1 12
V 17 8 2 1
V 18 8 2 1
H 19 7 1 2
V 6 7 14 1
V 7 7 10 1
H 7 2 1 6
H 7 1 1 6
V 1 14 10 3
H 10 8 1 12
H 10 8 1 4
V 9 8 8 1
H 14 8 1 12
V 12 14 6 2
H 17 8 1 12
V 17 8 2 1
V 18 8 2 1
H 19 7 1 2
V 6 7 14 1
V 6 7 12 1
H 6 6 2 2
V 6 6 10 1
V 7 6 10 1
V 7 17 4 3
H 10 8 1 12
H 10 8 1 6
V 9 8 8 1
H 14 8 1 12
V 12 14 6 2
H 17 8 1 12
V 17 8 2 1
V 18 8 2 1
H 19 7 1 2
V 6 7 14 1
V 6 7 12 1
H 6 4 2 4
V 6 5 4 1
V 7 5 4 1
V 4 14 2 1
H 5 9 4 10
H 7 13 1 2
H 18 13 1 2
V 7 14 4 4
H 9 8 2 12
V 9 8 8 1
H 14 8 1 12
V 12 14 6 1
H 17 8 1 12
V 17 8 2 1
V 18 8 2 1
H 19 7 1 2
V 6 7 14 1
V 6 7 12 1
H 6 4 2 4
H 6 4 3 2
V 5 4 2 1
V 2 17 4 3
V 1 17 10 1
H 10 8 1 12
H 10 8 1 6
V 9 8 8 1
H 10 8 1 12
H 14 8 1 12
V 12 14 6 2
H 17 8 1 12
V 17 8 2 1
V 18 8 2 1
H 19 7 1 2
V 6 7 14 1
V 6 7 12 1
H 6 4 2 4
H 6 3 2 4
H 9 8 2 2
V 9 8 8 1
H 13 8 2 12
V 12 14 6 1
H 17 8 1 12
V 17 8 2 1
V 18 8 2 1
H 19 7 1 2
V 6 7 14 1
V 6 7 10 1
H 6 4 2 4
V 6 5 4 1
V 7 14 4 5
H 10 8 1 12
H 10 8 1 8
V 9 8 8 1
H 13 8 2 12
V 12 14 6 2
H 17 8 1 12
V 17 8 2 1
V 18 8 2 1
H 19 7 1 2
V 6 7 14 1
V 6 7 10 1
H 7 4 1 4
H 7 3 1 4
V 4 15 2 1
V 1 15 10 1
H 10 8 1 12
H 9 8 2 2
V 9 8 8 1
H 14 8 1 12
V 12 14 6 1
H 17 8 1 12
V 17 8 2 1
V 18 8 2 1
H 19 7 1 2
V 6 7 14 1
V 6 7 12 1
H 6 4 2 4
H 6 4 1 2
V 2 13 4 4
V 1 14 10 2
H 10 8 1 12
V 9 8 8 1
H 14 8 1 12
V 12 14 6 2
H 17 8 1 12
V 17 8 2 1
V 18 8 2 1
H 19 7 1 2
V 6 7 14 1
V 6 7 10 1
H 7 4 1 4
V 7 4 2 2
H 8 4 1 2
H 4 16 1 2
V 1 17 10 3
H 10 8 1 12
H 10 8 1 10
V 9 8 8 1
H 14 8 1 12
V 12 14 6 1
H 17 8 1 12
V 17 8 2 1
V 18 8 2 1
H 19 7 1 2
V 6 7 14 1
V 6 7 12 1
H 6 5 1 2
V 7 7 2 1
H 6 6 2 2
V 9 6 2 1
V 6 6 8 1
V 7 6 8 1
V 7 16 4 2
H 9 8 2 12
V 8 19 2 1
H 10 8 1 6
V 12 8 2 1
V 9 8 8 1
H 14 8 1 12
V 12 14 6 2
H 17 8 1 12
V 17 8 2 1
V 18 8 2 1
H 19 7 1 2
V 6 7 14 1
V 7 7 6 1
H 9 6 1 2
V 6 6 8 1
H 10 16 1 2
V 3 15 8 2
H 10 8 1 12
H 9 8 2 4
V 9 8 8 1
H 14 8 1 12
V 12 14 6 1
H 17 8 1 12
V 17 8 2 1
V 18 8 2 1
H 19 7 1 2
V 6 7 14 1
H 9 6 1 2
V 6 7 10 1
H 7 4 1 4
H 1 13 7 2
V 1 14 10 1
H 10 8 1 12
V 9 8 8 1
V 14 11 2 1
H 14 8 1 12
V 12 14 6 2
H 17 8 1 12
V 17 8 2 1
V 18 8 2 1
H 19 7 1 2
V 6 7 14 1
V 6 7 10 1
H 18 8 1 12
H 17 8 2 2
V 18 8 2 1
H 19 7 1 2
H 7 6 3 2
V 6 7 14 1
V 10 7 2 1
V 6 7 10 1
H 7 5 1 2
V 7 5 2 1
H 7 4 1 4
H 6 6 4 2
V 16 14 2 6
H 17 8 1 12
V 17 8 2 5
V 18 8 2 1
H 19 7 1 2
V 6 7 14 1
V 6 7 12 1
H 6 6 1 2
V 16 14 2 6
H 17 8 1 12
H 17 8 1 10
V 17 8 2 2
V 18 8 2 1
H 19 7 1 2
V 12 7 6 1
V 6 7 14 1
V 7 7 6 1
H 7 6 3 2
V 7 6 6 1
H 18 8 1 10
V 18 8 2 1
H 19 7 1 2
V 6 7 14 1
V 6 7 10 1
H 7 6 1 2
V 2 18 6 2
V 1 17 10 2
H 10 8 1 12
H 10 8 1 8
V 9 8 8 1
H 14 8 1 12
H 12 14 1 2
V 12 14 6 1
H 17 8 1 12
V 17 8 2 2
V 18 8 2 1
H 19 7 1 2
V 8 7 12 1
V 7 7 8 1
H 8 6 2 2
V 8 6 4 1
H 18 8 1 6
V 18 8 2 1
H 19 7 1 2
V 8 7 12 1
V 7 7 10 1
H 8 6 1 2
V 11 14 6 3
H 13 13 1 2
V 12 14 6 2
H 17 8 1 12
V 17 8 2 3
V 18 8 2 1
H 19 7 1 2
V 8 7 12 1
V 7 7 12 1
H 6 8 2 10
V 5 14 6 1
H 10 8 1 12
H 14 8 1 4
V 9 8 8 1
H 13 8 2 12
H 13 13 1 2
V 12 14 6 4
H 17 8 1 12
V 17 8 2 3
V 18 8 2 1
H 19 7 1 2
V 8 7 12 1
V 9 7 8 1
H 9 6 1 2
V 9 6 2 1
V 8 7 6 1
H 9 6 1 2
V 3 13 2 1
V 4 8 2 12
V 4 9 2 1
H 5 8 1 12
V 1 14 10 1
H 10 8 1 12
V 9 8 8 1
H 13 8 2 12
V 12 14 6 2
H 17 8 1 12
V 17 8 2 3
V 18 8 2 1
H 19 7 1 2
V 8 7 12 1
V 8 7 10 1
V 3 17 8 1
H 10 8 1 12
H 9 8 2 6
V 9 8 8 1
H 14 8 1 12
V 12 14 6 2
H 17 8 1 12
V 17 8 2 3
V 18 8 2 1
H 19 7 1 2
V 10 7 10 1
V 9 7 10 1
H 9 18 1 2
H 18 18 1 2
V 5 17 6 2
H 9 8 2 12
H 10 8 1 6
V 9 8 8 1
H 14 8 1 12
V 12 14 6 2
V 16 16 2 1
H 17 8 1 12
V 17 8 2 3
V 18 8 2 1
H 19 7 1 10
H 19 8 1 12
V 17 9 2 1
H 18 8 1 10
V 18 8 2 1
H 19 7 1 8
H 19 7 1 12
H 0 2 1 18
V 0 3 2 1
H 0 2 1 8
V 0 2 2 3
H 1 2 1 10
H 1 2 1 14
V 1 8 8 7
H 4 14 1 2
V 1 14 10 1
H 10 8 1 12
H 9 8 1 2
V 9 8 8 1
H 14 8 1 12
V 12 14 6 2
H 17 8 1 12
V 17 8 2 2
V 18 8 2 1
H 19 7 1 2
V 10 7 10 1
V 10 7 8 1
H 8 10 1 8
V 7 14 4 4
H 9 8 2 12
V 9 8 8 1
H 14 8 1 12
V 12 14 6 2
H 17 8 1 12
V 17 8 2 2
V 18 8 2 1
H 19 7 1 8
H 19 8 1 10
V 1 9 8 6
V 5 17 2 1
H 5 8 1 10
V 1 14 10 1
H 10 8 1 12
V 9 8 8 1
H 14 8 1 12
V 12 14 6 2
H 17 8 1 12
V 17 8 2 2
V 18 8 2 1
H 19 7 1 6
H 19 7 1 10
V 1 10 8 7
V 1 15 10 2
H 10 8 1 12
H 10 8 1 2
V 9 8 8 1
H 14 8 1 12
V 12 14 6 2
H 17 8 1 12
V 17 8 2 2
H 19 7 1 2
V 18 8 2 1
H 19 7 1 6
H 19 8 1 8
V 1 18 6 2
V 1 17 10 3
H 10 8 1 12
H 6 8 1 10
H 10 8 1 10
V 9 8 8 1
H 14 8 1 12
V 12 14 6 2
H 17 8 1 12
V 17 8 2 2
V 18 8 2 1
H 19 7 1 4
H 19 7 1 8
V 6 16 2 1
V 6 18 2 1
V 3 14 8 3
H 10 8 1 12
V 9 8 8 1
H 14 8 1 12
V 12 14 6 2
H 17 8 1 12
V 17 8 2 2
H 19 7 1 2
V 18 8 2 1
H 19 7 1 4
H 19 8 1 6
V 3 18 4 1
V 1 18 10 2
H 10 8 1 12
H 10 8 1 8
V 9 8 8 1
H 14 8 1 12
V 12 14 6 2
H 17 8 1 12
V 17 8 2 2
V 18 8 2 1
H 19 7 1 2
V 16 7 4 1
V 15 7 4 1
V 13 14 2 1
V 12 14 6 6
H 17 8 1 12
V 17 8 2 2
V 18 8 2 1
H 19 7 1 2
H 17 8 1 12
H 17 8 1 10
V 17 8 2 2
V 18 8 2 1
H 19 8 1 2
H 19 8 1 4
V 9 8 2 10
H 10 8 1 12
H 10 8 1 4
V 9 8 8 1
H 13 8 2 12
H 17 13 1 2
V 12 14 6 1
H 17 8 1 12
V 17 8 2 2
V 18 8 2 1
V 16 7 4 1
H 19 7 1 2
V 17 7 2 1
V 16 7 4 1
V 17 8 2 1
V 3 14 8 2
H 10 8 1 12
V 9 8 2 1
H 10 8 1 2
V 9 8 8 1
V 12 15 2 1
V 14 9 2 1
H 13 8 2 12
V 12 14 6 5
H 17 8 1 12
V 17 8 2 2
V 18 8 2 1
H 19 7 1 2
V 18 7 2 1
H 3 12 6 4
H 6 13 1 2
V 1 14 10 2
H 10 8 1 12
V 9 8 8 1
H 13 8 2 12
H 16 14 1 2
V 12 14 6 1
H 17 8 1 12
V 17 8 2 2
V 18 8 2 1
H 19 7 1 4
H 17 8 2 4
V 18 8 2 1
H 19 8 1 2
H 12 12 1 2
H 11 13 6 2
H 1 18 1 2
H 17 18 1 2
V 16 14 2 5
V 17 9 2 1
H 17 8 1 12
V 17 8 2 5
V 18 8 2 1
H 19 7 1 2
V 1 0 2 2
V 1 17 2 2
V 2 5 2 1
H 2 0 1 10
H 2 0 2 16
V 2 9 6 6
V 1 14 10 1
H 10 8 1 12
V 9 8 8 1
H 14 8 1 12
V 12 14 6 1
H 17 8 1 12
V 3 10 4 6
V 1 14 10 2
H 10 8 1 12
H 10 8 1 2
V 9 8 8 1
V 12 10 2 1
H 13 8 2 12
V 12 14 6 1
H 17 9 1 10
V 16 14 2 3
V 13 12 2 1
H 14 12 3 8
H 1 11 8 4
V 1 14 10 2
V 10 8 2 1
H 8 8 1 12
H 9 8 2 12
V 9 8 8 1
H 13 8 2 12
H 16 13 1 2
V 12 14 6 3
H 17 12 1 4
V 7 14 4 6
H 10 8 1 12
V 9 8 8 1
H 12 11 1 2
H 12 8 3 8
V 13 11 2 1
H 14 8 1 12
H 13 18 1 2
V 12 16 6 3
H 0 2 1 18
V 0 2 2 3
H 1 2 3 10
H 1 3 1 14
V 1 13 8 2
H 3 13 1 2
H 17 13 1 2
V 1 14 10 1
H 9 8 2 12
H 9 8 1 2
V 9 8 8 1
H 14 8 1 12
H 12 14 1 2
V 12 14 6 1
V 17 12 2 1
H 18 12 1 2
H 11 15 1 2
H 11 16 5 4
H 17 11 1 6
H 17 12 1 2
V 17 11 2 2
H 0 2 1 18
V 0 2 2 1
V 3 9 2 1
H 1 2 3 10
V 2 7 2 1
H 1 3 2 14
V 13 19 2 1
H 17 12 1 2
H 11 10 3 10
H 8 16 1 2
V 3 15 8 2
H 9 8 2 12
H 9 8 2 4
V 9 8 8 1
H 13 8 1 2
V 11 11 2 1
H 12 8 3 4
H 14 9 1 10
H 12 13 1 2
V 12 14 6 2
H 12 15 1 2
V 1 13 8 4
V 1 14 10 1
H 10 8 1 12
V 9 8 8 1
H 14 8 1 10
V 13 12 2 1
H 14 9 1 10
V 0 2 2 1
H 1 2 1 10
V 1 5 2 1
H 1 3 1 14
V 6 14 2 1
V 1 13 6 2
V 1 14 10 1
H 9 8 1 12
V 9 8 4 1
H 9 8 2 12
H 11 8 2 12
V 11 12 6 3
V 12 14 6 1
H 17 13 1 2
V 11 8 2 12
H 9 8 2 6
V 9 8 4 1
H 12 8 1 8
V 16 14 2 1
V 11 12 6 3
H 15 9 1 8
H 1 4 2 6
V 1 14 2 1
H 1 3 1 14
V 1 13 6 4
H 10 13 1 2
V 1 14 10 1
H 10 11 1 4
H 9 8 2 12
H 11 8 1 2
V 12 8 2 1
V 9 8 8 1
H 13 12 1 2
V 11 17 2 1
H 12 8 2 10
V 13 15 2 1
H 11 9 3 10
V 13 16 2 1
V 4 14 6 6
H 9 8 1 12
H 9 8 1 10
V 9 8 8 1
H 11 8 3 4
V 12 11 2 1
H 13 9 1 8
V 11 14 6 1
V 14 12 2 3
H 15 13 1 2
V 12 15 2 1
V 2 15 2 1
H 2 3 1 14
V 1 8 4 8
V 2 12 2 1
V 1 14 10 1
V 8 18 2 1
H 9 8 1 12
V 9 8 4 1
H 11 8 1 10
V 11 8 4 7
H 12 9 1 8
V 11 12 6 2
H 16 11 1 2
V 15 9 2 3
H 11 10 5 4
V 14 11 2 1
V 11 8 2 8
H 11 15 1 2
V 12 14 2 1
H 1 3 2 6
V 1 12 4 1
H 2 1 1 16
V 15 11 2 1
V 11 9 6 2
H 11 8 1 8
V 11 14 2 1
V 10 8 2 1
H 9 8 2 2
H 12 8 1 2
V 9 8 6 1
H 13 11 1 2
H 11 8 4 4
V 11 9 6 2
H 12 12 1 2
V 9 13 2 1
V 3 13 2 1
V 1 10 6 6
H 2 9 1 2
H 4 9 1 8
H 2 13 1 2
V 1 14 10 1
H 9 8 2 12
V 9 8 8 1
H 11 8 4 2
V 11 9 6 1
H 10 13 1 2
H 10 10 1 2
H 9 8 2 6
V 9 8 6 1
H 9 8 1 2
V 9 8 8 1
V 8 15 2 1
H 7 11 2 6
V 6 14 4 5
H 9 8 2 12
V 14 8 2 1
V 9 8 6 1
V 10 8 2 1
H 11 8 3 4
H 12 9 1 4
H 0 2 1 18
V 0 2 2 3
H 1 2 2 10
V 1 15 2 1
H 1 2 1 14
H 2 10 1 2
V 1 11 8 4
H 10 13 1 2
H 4 10 1 2
V 1 14 10 1
H 10 8 1 12
H 9 8 1 2
V 9 8 6 1
H 12 9 2 2
H 11 8 4 2
V 11 11 2 1
H 12 8 2 4
V 13 9 2 1
V 1 10 6 6
V 1 14 10 2
H 9 8 2 12
H 9 8 2 2
V 9 8 4 1
H 11 8 2 4
H 8 8 1 6
H 11 8 1 6
H 9 8 2 8
V 10 8 2 1
H 11 8 1 4
H 11 9 1 4
V 14 8 2 1
V 12 10 2 1
V 0 0 4 2
H 2 0 1 12
H 2 0 2 16
V 2 14 4 1
V 1 14 10 2
V 9 12 2 1
H 9 8 1 12
H 11 8 1 2
V 9 8 4 1
V 9 8 6 1
H 14 8 1 2
H 12 9 1 2
V 9 14 2 1
H 5 8 1 10
H 10 13 1 2
V 1 14 10 1
H 9 8 2 12
V 9 8 6 1
H 13 8 1 2
V 2 12 2 1
V 2 16 2 1
H 2 1 1 16
V 1 12 4 3
V 1 14 10 1
H 9 8 2 12
V 9 8 4 1
H 11 8 1 2
H 11 9 1 2
H 10 18 1 2
V 9 10 2 1
V 9 12 2 1
H 9 8 1 6
V 8 14 2 6
H 9 16 1 4
V 9 11 2 7
H 9 11 2 6
V 8 17 2 1
H 8 8 1 12
V 7 17 4 1
V 4 12 2 1
V 4 14 2 2
H 5 8 1 12
H 1 13 1 2
H 8 13 1 2
V 1 14 10 3
V 8 14 2 1
V 9 13 2 3
V 9 14 2 1
H 6 14 4 4
H 1 17 1 2
V 4 15 6 1
H 7 12 2 6
V 8 14 2 3
H 9 12 1 4
H 7 17 1 2
V 1 13 6 3
H 4 10 2 10
H 5 16 1 4
V 2 17 4 3
H 10 13 1 2
H 6 16 1 2
H 7 12 1 6
V 5 9 4 8
H 7 11 2 6
V 5 14 6 1
H 5 18 1 2
V 3 9 6 4
H 5 8 1 10
V 2 14 8 1
H 9 13 1 2
H 7 11 1 2
H 6 10 3 4
H 7 8 1 10
V 3 15 6 1
H 7 10 2 6
V 3 9 2 1
V 3 13 2 1
V 4 12 2 5
H 4 14 1 6
V 3 17 2 1
H 4 12 2 6
V 2 14 8 1
H 4 17 1 2
H 1 13 2 4
V 1 14 6 1
V 1 14 8 1
V 7 13 2 1
H 4 11 1 2
H 1 12 6 4
V 4 16 2 1
V 5 9 2 6
V 6 13 2 1
H 4 14 1 2
H 4 9 3 6
V 4 12 2 3
V 2 16 2 1
H 3 13 2 4
V 1 12 6 1
V 1 12 8 1
H 1 14 4 2
V 2 14 4 1
V 5 9 2 5
H 6 8 1 6
H 3 8 1 2
V 1 8 8 1
V 4 9 2 1
H 1 8 4 8
V 2 12 6 1
H 2 7 1 8
H 2 0 2 16
V 3 15 2 1
V 6 11 2 1
V 1 10 6 2
H 6 11 1 2
V 3 8 6 3
H 3 8 3 6
H 3 14 1 2
V 3 8 2 7
H 3 10 1 6
H 4 13 1 2
V 2 14 2 1
H 4 8 1 4
V 2 10 6 1
H 1 15 1 2
V 5 10 2 1
V 7 8 2 1
H 5 8 3 2
V 3 8 6 1
H 3 6 1 8
V 3 8 2 5
H 3 6 1 8
V 3 12 2 1
V 1 1 2 1
V 1 14 2 1
H 1 13 1 2
H 1 10 2 4
H 1 9 5 2
V 5 9 2 1
H 1 8 5 2
V 1 8 6 1
H 1 8 1 2
V 2 8 6 1
H 0 2 1 18
H 0 2 2 2
H 0 3 1 4
V 0 3 2 2
V 1 3 2 1
V 1 10 2 1
V 0 2 4 3
V 1 8 6 1
H 2 0 2 12
V 2 10 4 1
H 0 2 1 18
H 0 2 1 10
H 2 1 1 2
V 0 2 4 3
V 3 9 2 1
V 1 5 2 1
H 2 2 2 8
H 2 0 1 2
H 2 1 1 12
V 1 7 2 4
V 2 5 2 3
H 3 5 1 6
H 0 2 1 16
V 0 2 2 3
H 1 2 1 10
H 1 3 1 10
H 2 1 1 2
V 0 0 4 2
V 0 0 2 1
H 3 4 1 6
V 0 3 4 2
H 2 0 2 8
V 2 4 2 3
H 1 4 2 6
V 1 0 2 1
V 1 5 2 1
V 0 2 4 1
H 2 1 2 2
V 1 1 2 1
H 2 2 2 4
V 1 5 2 1
H 2 2 2 6
H 1 8 1 2
H 3 4 1 2
H 0 2 1 14
V 0 2 2 3
H 3 1 1 2
V 0 2 4 1
H 3 1 1 2
H 1 7 1 2
V 1 2 2 5
H 2 6 1 2
H 1 5 1 2
H 3 5 1 2
V 2 3 2 3
H 2 1 1 6
H 2 2 1 4
H 1 3 1 2
V 0 4 4 1
V 1 2 2 1
V 0 2 2 3
H 0 4 1 12
H 0 2 1 18
V 0 2 2 1
H 0 13 1 2
H 0 14 1 4
H 0 3 1 8
V 0 4 4 1
H 2 4 1 2
H 0 3 1 14
H 0 3 1 8
V 1 4 2 1
V 0 3 2 2
V 0 4 4 1
H 0 9 1 8
H 0 2 1 6
V 0 3 2 1
H 0 4 1 12
V 0 4 2 1
H 1 4 1 2
H 0 2 1 6
H 0 14 1 2
H 0 4 1 6
H 0 9 1 6
H 0 6 1 8
H 0 7 1 2
H 0 8 1 4
H 0 10 1 2
