V 12 14 2 1
V 15 11 2 1
V 16 18 2 1
H 6 7 1 2
H 17 11 1 2
H 4 10 1 2
V 4 11 16 1
H 15 7 5 8
H 18 8 1 2
V 4 7 16 2
V 4 7 6 3
H 3 16 1 2
H 3 14 1 6
H 4 18 1 2
H 10 18 1 2
V 3 18 8 1
V 11 16 2 1
V 11 19 2 1
H 5 10 7 10
V 4 17 2 1
H 8 11 1 2
V 4 12 16 3
H 18 11 1 2
V 14 8 2 1
H 15 7 5 10
H 17 7 1 2
V 4 8 16 1
V 4 8 6 2
V 1 9 2 4
H 2 7 1 8
V 2 7 2 3
H 3 7 1 10
H 3 8 1 12
V 6 18 2 1
V 3 18 8 1
H 5 17 1 2
V 10 0 2 3
V 10 9 2 1
V 10 15 2 1
H 7 10 4 10
V 9 14 4 1
V 4 12 16 3
V 15 7 2 1
V 15 14 2 1
H 15 7 1 12
H 12 8 1 2
V 5 7 14 2
V 5 7 6 3
V 10 12 2 1
V 11 10 8 4
H 16 10 1 4
H 16 8 1 2
H 15 7 4 4
H 17 7 1 2
V 8 9 6 1
V 6 8 14 2
V 5 8 6 2
V 13 11 2 1
V 13 17 2 1
H 14 10 1 10
V 14 10 2 4
V 13 12 2 1
H 15 7 4 8
V 12 9 2 1
V 6 7 14 3
V 6 7 4 3
V 4 10 16 1
H 4 10 1 2
H 15 9 3 2
V 4 9 16 1
V 4 9 6 1
V 15 8 2 1
V 15 18 2 1
H 15 7 1 12
H 15 7 1 6
V 6 8 14 1
V 9 8 2 1
V 6 8 4 2
V 0 5 20 1
V 0 3 6 4
H 0 6 1 2
H 0 3 1 8
H 0 3 1 16
V 0 3 2 1
V 0 17 2 1
V 1 14 2 6
H 1 8 2 12
H 2 7 1 8
V 2 7 2 3
H 3 7 1 10
H 3 8 1 12
H 5 18 1 2
V 6 18 2 1
V 3 18 8 1
H 10 14 1 2
H 13 14 1 2
H 7 10 8 10
V 4 12 16 2
V 14 12 2 1
H 15 7 1 8
V 5 9 14 1
V 5 9 6 1
V 0 5 20 1
H 0 3 1 8
H 0 4 1 16
V 0 17 2 3
V 1 7 2 13
H 1 7 2 12
H 1 7 2 8
V 2 7 2 2
H 3 7 1 10
H 3 7 1 12
V 3 18 8 1
H 6 10 2 10
V 4 13 16 1
V 14 8 2 1
V 14 11 2 1
H 15 7 2 12
V 8 7 12 3
V 8 7 2 1
V 7 0 12 1
H 7 0 13 2
H 17 1 2 4
V 0 3 20 2
V 9 4 2 1
V 9 11 2 1
V 0 3 14 2
H 0 3 1 12
H 0 4 1 16
V 0 17 2 2
V 1 8 2 1
V 1 17 2 3
H 2 8 1 12
H 1 7 2 8
V 2 7 2 3
H 3 7 1 10
H 3 7 1 12
V 3 18 8 1
H 6 10 2 10
V 4 13 16 1
H 15 7 1 10
V 7 8 12 1
V 7 8 4 2
V 3 18 2 1
H 3 13 1 6
V 3 18 8 1
V 6 15 2 1
H 7 10 1 10
V 4 13 16 1
V 16 11 2 1
H 15 7 2 8
V 8 8 12 2
V 10 9 2 1
V 7 9 4 1
V 0 6 16 1
H 0 5 1 6
H 0 3 1 16
V 0 17 2 1
V 1 17 2 3
H 2 7 1 12
H 1 7 2 8
V 2 7 2 3
H 3 7 1 10
V 2 9 2 1
H 3 7 1 12
V 3 18 8 1
H 6 10 2 10
V 4 13 16 1
H 15 8 1 10
V 8 8 12 2
V 8 8 2 1
V 0 3 20 2
V 0 3 14 4
H 0 3 1 10
H 0 4 1 16
V 0 17 2 3
V 1 17 2 1
H 2 7 1 12
H 1 7 2 8
V 2 7 2 3
H 3 7 1 10
H 3 7 1 12
H 10 17 1 2
H 13 17 1 2
V 3 18 8 1
H 6 10 2 10
V 4 13 16 1
V 15 12 2 1
H 15 7 1 12
V 18 7 2 1
V 9 7 10 2
V 9 7 2 1
V 14 0 4 3
H 17 2 2 2
V 0 3 20 1
V 6 4 2 1
V 0 3 14 3
H 0 3 1 12
H 0 3 1 16
V 0 17 2 3
V 1 17 2 3
H 2 7 1 12
H 1 7 2 8
V 2 7 2 3
H 3 7 1 10
H 3 8 1 12
V 3 18 2 2
H 4 10 1 10
H 8 10 1 6
V 4 13 14 2
H 14 13 1 2
V 4 13 16 1
H 19 8 1 12
V 16 19 4 1
V 15 19 4 1
V 18 7 2 12
V 18 13 2 1
H 19 10 1 10
V 16 19 4 1
V 16 19 2 1
V 4 10 6 6
V 4 10 16 1
H 15 9 2 2
V 8 9 12 1
V 8 9 2 1
H 8 0 12 2
H 17 0 3 4
V 9 4 2 1
V 0 3 20 2
V 0 3 14 1
H 0 3 1 12
H 0 3 1 16
V 0 4 2 1
V 0 17 2 1
V 1 15 2 1
V 1 17 2 2
H 2 8 1 12
H 1 7 2 8
V 2 7 2 3
H 3 7 1 10
H 3 7 1 12
H 7 18 1 2
V 3 18 8 1
H 7 10 1 10
V 4 10 16 5
H 15 7 2 12
H 17 7 1 4
H 16 7 1 12
V 10 7 10 3
V 10 9 4 1
H 10 8 10 2
H 11 7 1 2
H 7 12 13 2
H 19 8 1 12
V 18 19 2 1
V 17 7 2 1
V 17 19 2 1
V 0 3 18 1
H 0 3 1 12
H 0 4 1 16
V 0 17 2 3
V 1 17 2 3
H 2 8 1 12
H 1 7 2 8
V 2 7 2 3
H 3 7 1 10
H 3 8 1 12
H 7 18 1 2
V 3 18 8 1
H 7 10 1 10
H 14 11 1 2
H 19 13 1 2
V 4 12 16 2
H 15 7 2 10
V 10 8 10 1
V 0 6 20 1
V 0 6 12 1
H 0 4 1 6
V 0 19 2 1
H 0 4 1 16
V 0 17 2 3
V 1 17 2 1
H 2 7 1 12
H 1 7 2 8
V 2 7 2 3
H 3 7 1 10
H 3 7 1 12
V 3 18 8 1
H 7 10 2 10
V 8 14 2 1
H 14 14 1 2
H 15 14 1 2
V 4 13 16 2
H 15 9 1 8
H 14 8 1 2
V 9 9 10 1
V 9 9 2 1
H 17 2 3 2
H 9 4 1 2
V 0 3 20 2
V 0 3 16 2
H 0 3 1 12
H 0 4 1 16
V 0 17 2 3
V 1 17 2 3
H 2 8 1 12
H 1 7 2 8
V 2 7 2 3
H 3 7 1 10
H 3 7 1 12
V 3 18 2 2
H 4 10 1 10
V 4 13 14 2
V 4 13 16 2
H 19 14 1 6
H 18 7 2 12
H 10 10 1 2
V 10 10 10 1
H 17 8 3 4
H 3 7 1 8
H 3 8 1 12
V 3 18 2 2
V 3 18 12 1
H 8 10 3 10
V 4 13 16 1
H 18 7 1 12
H 12 10 1 6
V 6 10 10 2
H 15 8 1 6
V 12 8 6 2
V 0 17 2 3
V 1 19 2 1
H 1 8 2 12
H 1 7 2 12
V 2 7 2 2
H 3 7 1 10
H 3 8 1 12
H 6 18 1 2
V 3 18 8 1
H 3 18 1 2
V 6 16 2 1
H 7 10 1 10
V 4 13 16 1
H 15 7 1 12
V 13 7 4 2
H 14 4 2 2
V 0 3 20 1
V 0 5 20 1
H 0 5 1 8
H 0 4 1 16
V 0 17 2 3
V 1 7 2 11
H 2 7 1 12
H 2 7 1 8
V 2 7 2 3
H 3 7 1 10
V 3 18 2 1
H 3 8 1 12
V 3 18 2 2
V 3 18 12 1
V 7 13 6 1
H 10 10 1 10
V 4 13 16 1
V 16 10 2 1
H 17 8 2 10
H 14 7 1 2
V 12 9 6 1
H 15 7 2 4
V 11 19 2 1
V 1 12 2 6
H 2 7 1 12
V 2 7 2 2
H 3 7 1 10
H 3 7 1 12
V 3 18 2 2
V 4 16 2 1
H 4 10 1 10
V 4 13 14 1
H 19 13 1 2
V 4 13 16 1
H 19 15 1 2
H 18 10 2 6
H 0 3 1 12
H 0 4 1 16
V 0 17 2 3
V 1 16 2 3
H 2 8 1 12
H 2 7 1 8
V 2 7 2 3
H 3 7 1 10
H 3 8 1 12
V 3 18 8 1
H 6 10 2 10
V 4 13 16 1
H 15 8 2 8
V 12 9 6 1
V 0 3 8 4
H 0 3 1 12
V 0 18 2 1
H 0 3 1 16
V 0 17 2 3
V 1 15 2 5
H 2 7 1 12
H 2 7 1 8
V 2 7 2 1
H 3 7 1 10
H 3 7 1 12
V 3 18 2 2
H 4 11 1 8
H 11 12 1 2
H 1 14 1 2
H 15 14 1 2
V 4 13 14 2
V 4 14 16 1
H 19 11 1 8
V 0 3 16 3
H 0 3 1 12
H 0 3 1 16
V 0 17 2 3
H 2 15 1 2
V 1 16 2 3
H 2 8 1 12
H 2 7 1 8
V 2 7 2 3
H 3 7 1 10
H 3 8 1 12
V 3 18 12 1
H 9 10 1 10
V 4 13 16 1
V 17 14 2 1
H 17 8 1 10
H 14 8 1 2
V 3 18 2 2
H 4 10 1 10
V 4 11 6 8
V 4 13 16 2
H 15 9 2 10
V 13 9 4 1
H 0 4 1 16
V 0 17 2 3
V 1 16 2 4
H 2 7 1 12
H 2 7 1 8
V 2 7 2 3
H 3 7 1 10
H 3 8 1 12
V 3 18 2 2
H 4 10 1 10
V 4 13 14 2
H 18 12 1 2
V 4 13 16 1
H 10 14 1 2
H 16 14 1 2
H 15 11 5 4
V 0 3 20 1
V 0 3 16 2
H 0 3 1 12
H 0 3 1 16
V 0 17 2 3
V 1 16 2 4
H 2 7 1 12
H 2 7 1 8
V 2 7 2 3
H 3 7 1 10
H 3 7 1 12
V 3 18 2 2
V 3 18 12 1
V 10 11 2 1
H 4 11 7 8
V 4 14 16 1
V 14 14 2 1
H 15 11 4 8
V 8 12 12 3
H 4 14 11 2
H 15 11 1 8
V 18 14 2 1
H 12 14 1 6
H 9 15 1 2
H 11 13 1 2
V 9 12 10 3
H 17 12 2 6
V 9 3 2 1
V 0 3 10 1
H 0 3 1 12
H 0 4 1 16
V 0 17 2 1
V 1 15 2 5
H 2 8 1 12
H 2 7 1 8
V 2 7 2 3
H 3 7 1 10
H 3 8 1 12
V 3 18 8 1
H 5 10 3 10
V 4 13 16 2
H 15 8 1 8
V 14 9 2 1
V 0 5 20 2
V 0 5 16 2
H 0 4 1 6
H 0 3 1 16
V 0 17 2 2
V 1 7 2 13
V 0 18 2 1
H 1 8 2 12
H 2 7 1 8
V 2 7 2 2
H 3 7 1 10
V 2 8 2 1
H 3 7 1 12
V 3 18 2 2
V 3 18 12 1
H 10 10 1 10
V 4 13 16 2
H 17 11 2 4
H 0 1 6 2
V 4 2 4 1
V 0 2 20 1
H 17 2 3 2
V 0 3 20 1
V 0 3 14 1
H 0 3 1 12
H 0 4 1 16
V 0 17 2 3
V 1 10 2 10
H 2 7 1 12
H 2 7 1 8
V 2 7 2 1
H 3 7 1 10
H 3 8 1 12
H 4 18 1 2
V 3 18 12 1
H 6 10 4 10
V 4 13 16 2
H 17 10 1 6
H 0 1 5 2
V 0 2 14 1
V 0 2 20 1
H 17 2 3 2
V 0 3 20 1
V 0 3 14 3
H 0 3 1 12
H 0 4 1 16
V 0 17 2 3
V 1 16 2 4
H 1 8 2 12
H 1 7 2 8
V 2 7 2 3
H 3 7 1 10
H 3 8 1 12
V 3 18 8 1
H 11 14 1 2
H 19 14 1 2
H 7 10 7 10
V 4 13 16 1
V 15 15 2 1
H 15 8 1 10
V 5 11 12 2
H 7 11 6 6
V 4 14 16 1
H 19 14 1 2
V 0 3 12 4
H 0 5 1 8
H 0 4 1 16
V 0 17 2 3
V 1 14 2 6
H 2 8 1 12
H 1 7 2 8
H 1 14 1 2
V 2 7 2 3
H 3 7 1 10
H 3 8 1 12
V 3 18 2 2
H 3 17 1 2
V 3 18 12 1
V 10 13 2 1
H 10 12 1 8
V 4 14 16 1
H 16 13 3 4
V 0 3 4 4
H 0 4 1 6
H 0 4 1 16
V 0 3 2 4
V 0 17 2 3
V 1 7 2 12
H 1 7 2 12
H 1 7 2 8
V 2 7 2 3
H 3 7 1 10
H 3 8 1 12
V 3 18 2 2
H 3 18 1 2
H 9 18 1 2
V 3 18 12 1
H 10 10 1 10
H 18 14 1 2
H 17 12 1 4
V 4 13 16 2
H 7 12 1 2
H 18 12 1 2
H 0 3 1 10
H 0 4 1 16
V 0 17 2 3
V 1 12 2 6
H 2 7 1 12
H 2 7 1 8
V 2 7 2 2
H 3 7 1 10
H 3 8 1 12
H 9 17 1 2
V 3 18 12 1
H 9 10 2 10
V 4 13 16 2
H 13 11 5 4
V 0 3 20 1
V 0 3 16 1
H 0 3 1 12
V 0 18 2 1
H 0 3 1 16
V 0 17 2 1
V 1 14 2 4
H 2 7 1 12
H 2 7 1 8
V 2 7 2 3
H 3 7 1 10
H 3 8 1 12
V 3 18 2 1
H 4 10 1 10
H 8 13 1 2
H 12 13 1 2
V 4 13 14 1
V 4 13 16 1
H 2 0 5 2
H 0 1 7 2
H 4 1 1 2
V 0 2 8 1
V 0 2 20 1
H 17 2 3 2
V 0 3 20 1
H 0 5 1 2
V 0 3 14 3
H 0 3 1 12
H 0 4 1 16
V 0 17 2 1
V 1 16 2 2
H 2 7 1 12
H 2 7 1 8
V 2 7 2 3
H 3 7 1 10
H 3 7 1 12
V 3 18 12 1
V 4 15 6 1
H 9 11 1 8
V 4 14 16 1
H 15 12 3 6
H 15 17 1 2
V 0 3 12 1
H 0 3 1 12
H 0 3 1 16
V 0 17 2 3
V 1 7 2 12
H 1 8 2 12
H 1 7 2 8
V 2 7 2 2
H 3 7 1 10
H 3 8 1 12
V 3 18 2 2
H 4 10 1 10
V 4 13 14 1
V 5 13 14 2
H 2 0 5 2
H 0 1 5 2
V 2 2 8 1
V 0 2 20 1
H 17 2 3 2
V 0 3 20 2
V 0 3 14 1
H 0 3 1 12
H 0 3 1 16
V 0 17 2 3
V 1 4 2 1
V 1 13 2 7
H 1 8 2 12
H 2 7 1 8
V 2 7 2 2
H 3 7 1 10
H 3 8 1 12
V 3 18 12 1
H 9 10 2 10
V 4 13 14 1
H 5 12 1 2
H 15 12 1 2
H 13 11 4 4
H 9 13 1 2
V 4 13 14 1
V 0 6 20 1
V 0 3 2 4
H 0 4 1 6
H 0 3 1 16
V 0 17 2 3
V 1 17 2 1
H 2 7 1 12
H 2 7 1 8
V 2 7 2 2
H 3 7 1 10
H 3 8 1 12
V 3 18 12 1
H 9 11 1 8
V 4 14 14 1
H 15 12 2 4
V 7 1 2 1
V 8 0 12 3
H 17 1 3 4
V 0 3 20 2
V 0 3 14 4
V 0 6 2 1
H 0 3 1 12
H 0 4 1 16
V 0 17 2 1
V 1 16 2 4
H 2 7 1 12
H 2 7 1 8
V 2 7 2 1
H 3 7 1 10
H 3 7 1 12
V 3 18 12 1
V 8 12 4 1
H 9 11 1 8
V 5 14 14 1
H 15 13 2 4
V 0 2 10 1
V 0 2 20 1
H 17 2 3 2
V 0 3 20 1
V 0 3 14 1
H 0 3 1 12
H 0 3 1 16
V 0 17 2 3
V 1 17 2 1
H 2 7 1 12
H 2 7 1 8
V 2 7 2 2
H 3 7 1 10
H 3 7 1 12
V 3 18 2 2
H 4 11 2 8
V 4 14 14 1
V 5 14 14 1
V 12 10 2 1
V 12 15 2 1
V 11 11 4 9
V 12 17 2 1
H 13 10 1 10
V 0 3 20 1
V 0 3 2 3
H 0 3 1 12
V 0 5 2 1
H 0 4 1 16
V 0 17 2 2
V 1 17 2 3
H 2 8 1 12
H 2 7 1 8
V 2 7 2 3
H 3 7 1 10
H 3 8 1 12
V 3 18 12 1
H 11 18 1 2
H 9 11 6 8
V 4 13 12 2
H 15 13 1 4
V 3 19 2 1
H 4 10 1 10
V 15 14 2 1
V 4 12 12 3
V 5 13 12 2
H 16 13 1 2
V 0 5 20 2
V 0 6 18 1
H 0 4 1 6
H 0 3 1 16
V 0 17 2 2
V 1 15 2 5
H 2 7 1 12
H 2 7 1 8
V 2 7 2 3
H 3 7 1 10
H 3 7 1 12
V 3 18 12 1
H 14 17 1 2
H 8 10 2 10
V 4 13 12 2
H 15 12 1 2
V 7 0 12 3
H 17 2 2 2
V 0 3 20 1
V 0 3 14 2
H 0 3 1 12
H 0 4 1 16
V 0 17 2 3
V 1 17 2 2
H 2 7 1 12
H 2 7 1 8
V 2 7 2 3
H 3 7 1 10
H 3 8 1 12
V 5 18 10 1
V 3 18 10 1
V 3 18 12 1
H 9 12 6 8
H 12 11 3 6
V 13 12 2 8
H 13 11 1 8
V 8 0 6 2
H 15 0 1 2
V 8 0 12 1
H 17 0 3 2
H 17 1 2 4
V 0 3 20 2
V 0 3 14 1
H 0 3 1 12
H 0 3 1 16
V 0 17 2 1
V 1 17 2 2
H 2 7 1 12
H 2 7 1 8
V 2 7 2 2
H 3 7 1 10
H 3 8 1 12
V 3 18 2 2
H 10 17 1 2
V 3 18 12 1
H 10 12 1 8
V 5 14 12 1
H 0 1 5 2
H 7 1 1 2
V 0 2 14 1
V 0 2 20 1
H 17 2 3 2
V 0 3 20 1
V 0 4 6 3
H 0 3 1 10
H 0 4 1 16
V 0 17 2 3
V 1 17 2 3
H 2 8 1 12
H 2 7 1 8
V 2 7 2 3
H 3 7 1 10
H 3 8 1 12
V 3 18 12 1
H 8 11 3 8
V 4 14 12 1
V 11 12 2 1
H 17 0 3 2
H 17 1 3 4
V 0 3 20 2
V 0 3 14 2
H 0 3 1 12
H 0 4 1 16
V 0 17 2 2
V 1 17 2 1
H 2 8 1 12
H 2 7 1 8
V 2 7 2 3
H 3 7 1 10
H 3 8 1 12
V 3 18 12 1
H 9 10 1 2
H 8 11 2 8
V 5 14 10 2
V 18 1 2 1
V 13 0 6 3
H 17 2 3 2
H 3 3 1 2
V 0 3 20 1
V 0 3 14 1
H 0 3 1 12
H 0 3 1 16
V 0 17 2 1
V 1 16 2 4
H 2 7 1 12
H 2 7 1 8
V 2 7 2 1
H 3 7 1 10
H 3 8 1 12
V 3 18 2 2
H 12 17 1 2
V 3 18 12 1
H 10 10 1 10
H 5 10 6 6
V 9 1 2 1
V 10 0 2 3
V 7 0 12 1
H 10 0 8 2
H 17 0 1 4
V 0 3 20 1
H 5 3 1 2
V 0 3 14 1
H 0 3 1 12
H 0 3 1 16
V 0 17 2 3
V 1 17 2 1
H 2 7 1 12
H 2 7 1 8
V 2 7 2 2
H 3 7 1 10
H 3 8 1 12
V 3 18 10 1
V 4 10 2 1
H 5 10 4 10
V 4 13 10 1
V 5 13 8 3
H 8 12 4 6
H 3 17 1 2
H 4 18 1 2
V 3 18 12 1
H 9 10 1 10
H 5 10 5 6
H 3 11 1 8
V 3 18 10 1
H 8 10 1 10
V 5 13 8 2
V 0 5 8 1
H 0 3 1 8
H 0 4 1 16
V 0 17 2 3
V 1 17 2 1
H 2 7 1 12
H 2 7 1 8
V 2 7 2 3
H 3 7 1 10
H 3 7 1 12
V 3 18 2 2
H 3 17 1 2
V 3 18 12 1
H 9 11 2 8
H 8 16 1 2
H 6 11 5 6
V 0 4 16 1
H 0 3 1 10
H 0 3 1 16
V 0 17 2 2
V 1 16 2 3
H 2 7 1 12
H 2 7 1 8
V 2 7 2 3
H 3 7 1 10
H 3 8 1 12
V 3 18 10 1
V 6 2 2 1
V 6 17 2 1
H 7 12 2 8
H 11 14 1 2
V 4 14 10 1
V 11 14 2 1
V 4 13 8 2
H 7 11 3 6
V 1 12 2 1
H 2 7 1 12
H 2 7 1 8
V 2 7 2 3
H 3 7 1 10
H 3 8 1 12
V 3 18 10 1
V 7 12 2 1
H 8 10 1 10
H 8 10 1 6
V 5 17 2 1
V 0 5 4 2
H 0 4 1 6
H 0 4 1 16
V 0 17 2 3
V 1 17 2 3
H 2 8 1 12
H 2 7 1 8
V 2 7 2 3
H 3 7 1 10
H 3 8 1 12
V 3 18 10 1
H 3 18 1 2
V 3 18 12 1
H 8 16 7 4
V 0 2 20 1
V 0 5 20 2
V 0 6 6 1
H 0 5 1 6
H 0 4 1 16
V 0 17 2 2
V 1 16 2 3
H 2 8 1 12
H 2 7 1 8
V 2 7 2 1
H 3 7 1 10
H 3 8 1 12
H 8 18 1 2
V 3 18 10 1
H 7 13 4 6
V 4 15 10 2
V 11 15 2 1
H 9 12 1 2
V 1 7 2 6
H 1 7 2 6
V 2 7 2 2
H 3 7 1 10
H 3 7 1 12
V 3 18 8 1
V 6 16 2 1
H 7 11 2 8
V 4 14 8 2
V 0 4 16 3
H 0 6 1 6
H 0 4 1 16
V 0 17 2 3
V 1 16 2 4
H 2 8 1 12
H 2 7 1 8
V 2 7 2 1
H 3 7 1 10
H 3 7 1 12
V 3 18 10 1
V 8 13 2 2
H 8 11 1 8
H 8 11 1 6
V 0 3 4 3
V 0 5 2 1
H 0 3 1 10
H 0 3 1 16
V 0 17 2 1
V 1 17 2 2
H 2 8 1 12
H 2 7 1 8
V 2 7 2 3
H 3 7 1 10
H 3 8 1 12
H 10 18 1 2
V 3 18 10 1
H 7 17 1 2
V 3 18 12 1
H 14 17 1 2
H 17 2 1 2
V 0 3 20 2
V 0 3 14 3
H 0 3 1 12
H 0 10 1 2
H 0 3 1 16
V 0 17 2 3
V 1 16 2 3
H 2 8 1 12
H 2 7 1 8
V 2 7 2 1
H 3 7 1 10
H 3 8 1 12
V 3 18 8 1
H 7 10 1 10
H 7 10 1 6
H 11 15 1 2
V 5 12 4 4
H 7 11 1 4
V 6 13 4 4
H 2 3 1 2
H 10 4 1 2
V 0 4 16 1
H 0 3 1 10
H 0 4 1 16
V 0 17 2 3
V 1 16 2 3
H 2 8 1 12
H 2 7 1 8
V 2 7 2 1
H 3 7 1 10
H 3 8 1 12
V 3 18 8 1
H 3 14 1 6
V 3 18 12 1
H 13 17 1 2
H 5 4 1 2
V 0 5 20 1
V 0 4 8 3
H 0 3 1 8
H 0 3 1 16
V 1 19 2 1
V 0 17 2 3
V 1 17 2 1
H 2 8 1 12
H 2 7 1 8
V 2 7 2 2
H 3 7 1 10
H 3 7 1 12
V 3 18 8 1
V 3 18 12 1
H 13 18 1 2
V 0 4 6 2
H 0 5 1 8
H 0 3 1 16
V 0 17 2 3
V 1 16 2 3
H 2 7 1 12
H 2 7 1 8
V 2 7 2 1
H 3 7 1 10
H 3 8 1 12
V 3 18 8 1
V 6 15 2 1
H 7 12 2 8
V 5 14 6 2
V 0 3 20 2
V 0 3 10 1
H 0 3 1 12
H 0 3 1 16
V 0 17 2 3
V 1 16 2 3
H 2 7 1 12
H 2 7 1 8
V 2 7 2 3
H 3 7 1 10
H 3 8 1 12
V 3 18 10 1
H 3 18 1 2
H 12 18 1 2
V 3 18 12 1
V 0 3 18 1
H 0 3 1 12
V 10 0 8 3
H 0 1 5 2
H 12 1 1 2
H 2 0 5 2
H 10 0 8 2
H 17 0 1 4
V 0 3 20 1
V 0 3 14 1
H 0 3 1 12
H 0 3 1 16
V 0 17 2 3
V 1 17 2 1
H 2 7 1 12
V 1 8 2 1
H 2 7 1 8
V 2 7 2 3
H 3 7 1 10
H 3 7 1 12
H 5 17 1 2
V 3 18 8 1
V 9 17 4 1
H 4 18 1 2
V 3 18 10 1
H 11 17 1 2
H 5 16 8 4
H 7 12 1 8
V 5 15 6 1
H 0 11 1 8
V 0 17 2 3
V 1 17 2 2
H 2 8 1 12
H 2 7 1 8
V 2 7 2 2
H 3 7 1 10
H 3 7 1 12
V 3 18 10 1
V 4 18 10 1
H 5 3 1 2
V 0 4 12 3
H 0 3 1 10
H 0 3 1 16
V 0 17 2 1
V 1 17 2 3
H 2 7 1 12
H 2 7 1 8
V 2 7 2 1
H 3 7 1 10
H 3 8 1 12
H 7 17 1 2
V 3 18 8 1
V 3 18 10 1
H 12 18 1 2
V 10 16 2 1
V 14 0 4 3
H 17 1 1 2
H 3 0 1 2
H 14 0 4 2
H 17 1 1 4
V 0 3 20 2
V 0 3 14 2
H 0 3 1 12
H 0 3 1 16
H 1 16 1 2
V 0 17 2 3
V 1 17 2 2
H 2 7 1 12
H 2 7 1 8
V 2 7 2 3
H 3 7 1 10
H 3 8 1 12
V 8 18 4 1
V 3 18 6 1
V 6 13 2 1
H 5 12 2 8
V 4 14 6 2
V 1 2 10 1
V 0 2 20 1
H 17 2 3 2
V 0 3 20 2
H 6 4 1 2
V 0 3 14 2
H 0 3 1 12
H 0 4 1 16
V 0 17 2 3
V 1 8 2 1
V 1 16 2 4
H 2 8 1 12
H 2 7 1 8
V 2 7 2 3
H 3 7 1 10
H 3 7 1 12
V 3 18 4 1
V 5 13 2 1
H 5 10 1 10
V 4 11 2 1
H 5 10 1 6
V 1 7 2 13
V 2 7 2 1
H 3 7 1 10
H 3 8 1 12
V 3 18 8 1
H 3 18 1 2
V 3 18 10 1
V 0 3 10 4
H 0 4 1 6
H 0 3 1 16
V 0 17 2 1
V 1 12 2 8
H 1 7 2 12
H 1 7 2 8
V 2 7 2 2
H 3 7 1 10
H 3 8 1 12
V 3 18 6 1
H 8 18 1 2
V 3 18 8 1
H 9 15 1 2
H 9 16 2 4
H 9 15 1 2
H 6 13 1 2
H 0 16 1 2
V 0 17 2 1
V 1 12 2 8
H 1 8 2 12
H 1 7 2 8
V 2 7 2 1
H 3 7 1 10
H 3 8 1 12
V 3 18 4 1
H 3 17 1 2
V 3 18 8 1
H 9 16 1 4
H 9 17 2 2
V 8 18 4 1
V 0 6 12 1
H 0 5 1 6
H 0 4 1 16
V 0 17 2 3
V 1 7 2 13
V 1 15 2 1
H 2 8 1 12
H 1 7 2 8
V 2 7 2 3
H 3 7 1 10
H 3 7 1 12
V 3 18 6 1
V 3 18 8 1
H 10 18 1 2
V 0 5 20 1
H 10 3 1 2
V 0 4 12 2
H 0 3 1 8
H 0 4 1 16
H 1 10 1 8
V 0 17 2 3
V 1 12 2 7
H 1 8 2 12
H 1 7 2 8
V 2 7 2 3
H 3 7 1 10
V 2 7 2 1
H 3 7 1 12
V 3 18 2 2
H 4 11 1 8
H 4 11 1 6
V 0 4 20 1
V 0 4 12 2
H 0 4 1 10
H 0 4 1 16
V 0 17 2 2
V 1 13 2 6
H 1 8 2 12
H 1 7 2 8
V 2 7 2 3
H 3 7 1 10
H 3 8 1 12
V 3 18 8 1
H 5 14 3 6
H 7 14 1 2
V 0 3 4 4
H 0 3 1 12
H 0 4 1 16
V 0 17 2 3
V 1 14 2 4
H 2 7 1 12
H 2 7 1 8
V 2 7 2 2
H 3 7 1 10
H 5 16 1 4
H 3 8 1 12
V 5 18 2 1
H 7 18 1 2
V 3 18 6 1
H 5 14 2 6
H 6 14 1 2
V 0 3 8 1
H 0 3 1 12
H 0 3 1 16
V 0 17 2 3
V 1 13 2 6
H 2 8 1 12
H 2 7 1 8
V 2 7 2 3
H 3 7 1 10
H 3 8 1 12
V 6 2 2 1
V 6 18 2 1
V 3 18 4 1
V 5 15 2 1
H 4 13 2 6
H 4 13 2 4
V 0 2 20 1
H 17 2 1 2
V 0 3 20 1
V 0 3 14 1
H 0 3 1 12
H 0 3 1 16
V 0 4 2 1
V 0 17 2 2
V 1 16 2 4
H 1 7 2 12
V 2 7 2 1
H 1 7 2 8
V 2 7 2 2
H 3 7 1 10
H 2 7 1 12
H 3 7 1 12
V 3 18 4 1
V 4 14 2 1
V 4 17 2 1
H 5 14 1 6
V 4 15 4 2
V 2 7 2 3
H 3 8 1 8
H 3 7 1 12
V 3 18 2 2
H 8 17 1 2
V 3 18 6 1
H 3 17 1 2
H 5 16 3 4
H 8 3 1 2
V 0 3 20 1
H 0 3 1 12
H 0 4 1 16
V 0 17 2 3
V 2 7 2 1
V 1 7 2 11
H 1 8 2 12
H 1 7 2 8
V 2 7 2 3
H 3 7 1 10
V 3 18 2 1
H 3 8 1 12
V 3 18 6 1
H 7 18 1 2
V 4 18 6 1
H 0 1 7 2
V 1 2 10 1
V 0 2 20 1
H 17 2 3 2
H 8 3 1 2
V 0 3 20 1
V 0 3 14 3
H 0 3 1 12
H 0 3 1 16
V 0 17 2 3
V 1 16 2 4
H 1 7 2 12
H 1 7 2 8
V 2 7 2 3
H 3 7 1 10
H 3 7 1 12
V 3 18 4 1
V 3 18 6 1
H 8 18 1 2
H 0 1 7 2
V 1 2 8 1
V 0 2 2 1
V 0 2 20 1
H 2 1 1 2
H 19 1 1 2
H 17 2 3 2
V 0 3 20 1
H 12 3 1 2
H 17 3 1 2
V 0 3 14 1
H 0 3 1 12
H 0 4 1 16
V 0 17 2 1
V 1 14 2 6
H 1 7 2 12
V 2 7 2 1
H 1 7 2 8
V 2 7 2 3
H 3 7 1 10
H 3 7 1 12
V 3 18 4 1
H 5 14 1 6
H 5 14 1 2
V 0 4 20 1
H 0 4 1 10
H 0 3 1 16
V 0 17 2 3
V 1 7 2 13
H 1 7 2 12
H 1 7 2 8
V 2 7 2 3
H 3 7 1 10
H 3 7 1 12
V 3 18 2 1
H 3 17 1 2
V 3 18 6 1
H 4 17 1 2
H 7 17 1 2
V 15 0 4 3
H 17 2 1 2
V 0 3 20 2
V 0 3 14 1
H 0 3 1 12
H 0 4 1 16
V 0 17 2 1
V 0 19 2 1
V 1 11 2 9
H 2 7 1 12
H 2 7 1 8
V 2 7 2 1
H 3 7 1 10
H 3 8 1 12
V 3 18 4 1
H 3 18 1 2
V 3 18 6 1
V 16 1 2 1
H 17 0 3 2
H 17 0 3 4
V 0 3 20 1
V 0 3 18 2
H 0 3 1 12
H 0 4 1 16
V 0 17 2 3
V 1 17 2 1
H 2 12 1 2
H 2 7 1 12
H 2 7 1 8
V 2 7 2 3
H 3 7 1 10
H 3 8 1 12
V 3 18 2 2
H 4 14 1 6
H 4 14 1 2
V 0 3 10 1
H 0 3 1 12
H 0 3 1 16
V 0 17 2 2
V 1 16 2 4
H 2 8 1 12
V 2 9 2 1
H 2 7 1 8
V 2 7 2 3
H 3 7 1 10
H 3 7 1 12
H 5 17 1 2
V 3 18 4 1
H 5 16 1 4
V 14 1 4 1
H 17 1 3 4
V 0 3 20 2
V 0 3 14 2
H 0 3 1 12
H 0 4 1 16
V 0 3 2 4
V 0 17 2 1
V 1 17 2 3
H 2 7 1 12
V 1 8 2 1
H 2 7 1 8
V 2 7 2 3
H 3 7 1 10
H 3 7 1 12
V 3 18 2 2
V 3 18 4 1
H 6 18 1 2
H 5 17 1 2
H 0 3 1 10
H 0 3 1 16
V 0 17 2 1
V 1 17 2 3
H 2 7 1 12
H 2 7 1 8
V 2 7 2 2
H 3 7 1 10
V 2 9 2 1
H 3 7 1 12
V 3 18 4 1
H 5 18 1 2
V 0 3 4 4
H 0 3 1 12
H 0 3 1 16
V 0 17 2 1
V 1 15 2 5
H 2 7 1 12
H 2 7 1 8
V 2 7 2 3
H 3 7 1 10
H 3 16 1 4
H 3 7 1 12
H 4 17 1 2
V 3 18 2 1
V 3 18 4 1
H 7 5 1 2
H 19 5 1 2
V 0 6 18 1
H 0 6 1 6
H 0 4 1 16
V 0 17 2 3
V 1 9 2 11
H 2 8 1 12
H 2 7 1 8
V 2 7 2 3
H 3 7 1 10
H 3 7 1 12
V 3 18 2 1
H 3 16 1 2
V 15 0 4 3
H 14 0 4 2
H 17 0 1 4
V 0 3 20 1
V 0 3 14 1
H 0 3 1 12
H 0 4 1 16
H 0 11 1 2
V 0 17 2 3
V 1 15 2 5
H 2 8 1 12
H 2 8 1 6
V 2 8 2 2
H 2 9 1 2
H 3 8 1 6
V 2 8 2 1
H 3 8 1 8
H 17 1 3 4
V 0 3 20 1
H 2 3 1 2
V 0 3 18 1
H 0 3 1 12
V 0 6 2 1
H 0 3 1 16
V 0 17 2 3
V 1 13 2 7
V 1 16 2 1
H 2 7 1 12
H 2 8 1 2
H 3 9 1 2
H 1 9 2 4
V 2 9 2 1
H 3 8 1 4
H 1 16 1 2
H 1 9 2 8
V 2 9 2 1
H 2 9 1 2
H 2 10 1 2
V 1 12 2 8
H 1 10 1 10
H 1 10 1 4
H 2 14 1 4
H 1 14 1 6
H 1 13 1 6
V 5 2 4 1
V 0 2 20 1
H 17 2 1 2
H 2 3 1 2
H 10 3 1 2
V 0 3 20 1
V 0 3 14 1
V 8 2 12 1
V 18 2 2 1
V 18 6 2 1
H 0 1 5 2
H 12 1 1 2
H 17 2 2 2
H 14 3 1 2
V 0 3 20 1
V 0 3 14 4
H 0 3 1 14
H 0 3 1 16
V 0 18 2 1
V 0 3 6 1
H 0 3 1 12
V 0 4 2 1
H 0 3 1 16
V 0 17 2 1
V 10 1 8 2
V 16 2 2 1
H 17 1 3 4
H 2 4 1 2
H 4 4 1 2
V 0 3 20 2
V 0 3 14 3
H 0 16 1 2
H 0 3 1 14
V 0 4 2 1
H 0 4 1 14
H 0 14 1 2
H 0 6 1 6
V 0 6 2 1
H 0 3 1 2
H 17 3 1 2
V 0 4 16 2
H 0 5 1 4
H 0 4 1 8
V 0 3 10 3
V 0 3 4 1
H 0 3 1 4
H 0 4 1 6
V 0 3 20 2
V 10 3 2 1
V 9 4 2 1
H 5 3 6 4
V 6 5 12 1
V 0 5 10 1
V 2 3 2 4
H 2 5 1 2
V 3 6 2 1
H 9 3 4 4
V 0 3 20 1
H 5 3 1 4
V 1 4 2 1
H 9 4 1 2
V 2 4 18 1
H 3 3 1 2
V 1 4 12 1
V 3 5 16 1
H 4 5 1 2
H 17 5 1 2
H 2 3 1 2
V 1 3 2 1
H 4 4 13 2
V 3 4 2 1
V 3 4 12 1
H 1 1 1 2
H 3 1 1 2
V 0 2 14 1
V 0 2 20 1
H 17 2 3 2
H 5 3 1 2
H 12 3 1 2
V 2 3 18 1
V 2 3 12 1
V 4 3 16 1
H 4 3 1 2
V 7 6 2 1
V 6 5 14 1
V 6 3 6 3
V 6 3 4 1
H 6 3 1 2
V 8 5 2 1
V 14 0 4 2
H 7 1 13 2
H 17 1 1 4
H 17 2 1 2
V 7 3 12 2
H 12 4 1 2
V 7 4 8 1
H 0 0 7 2
H 2 1 3 2
V 1 2 10 1
H 5 1 1 2
V 0 2 20 1
H 17 1 1 4
V 13 3 2 1
H 18 2 1 2
V 8 3 12 2
V 8 3 4 2
H 9 3 8 4
V 7 3 2 1
H 8 3 3 2
H 15 3 1 2
H 9 4 1 2
V 7 3 8 1
H 11 5 1 2
V 10 4 10 1
V 9 3 6 2
V 11 5 2 1
V 12 5 2 1
V 11 3 4 2
H 13 3 4 4
V 18 5 2 1
H 15 5 1 2
V 13 5 6 1
H 13 4 2 2
V 11 3 6 2
V 10 0 2 3
H 0 1 1 2
H 3 1 1 2
H 12 1 1 2
V 7 0 12 2
H 16 0 4 2
H 17 1 1 4
V 10 3 10 1
V 10 3 4 1
V 17 6 2 1
H 19 2 1 2
H 12 3 1 2
V 12 3 8 2
V 12 4 2 1
V 16 4 2 1
V 16 6 2 1
V 16 2 2 1
H 17 1 1 4
V 14 3 4 2
H 15 3 2 4
H 16 4 1 2
V 0 2 14 1
V 0 2 20 1
H 17 2 3 2
V 12 3 8 1
V 12 2 2 1
V 12 3 2 1
H 2 1 3 2
V 1 2 10 1
H 18 2 1 2
V 0 2 20 1
V 16 4 2 1
H 17 1 1 4
V 16 3 2 2
H 16 4 1 2
H 1 0 3 2
H 0 1 5 2
H 19 1 1 2
H 3 1 1 2
V 0 2 10 1
H 4 1 1 2
V 0 2 20 1
H 17 2 3 2
H 16 3 1 2
H 19 3 1 2
V 13 3 6 1
V 13 3 2 1
H 17 0 2 4
H 17 1 2 4
V 14 3 2 1
V 15 3 4 2
V 4 2 16 1
H 18 0 2 4
V 18 1 2 1
H 17 1 2 4
V 18 1 2 1
V 9 0 10 3
H 4 0 1 2
H 18 0 1 2
V 16 5 2 1
H 17 3 1 2
H 16 4 1 2
V 16 4 2 1
H 8 1 11 2
H 17 1 1 4
H 8 0 9 2
V 11 1 8 1
H 14 0 1 2
H 17 1 1 2
H 10 0 1 2
H 9 1 4 2
V 4 2 16 1
V 13 2 6 1
V 11 1 2 1
H 17 2 1 2
H 11 0 1 2
V 7 2 2 1
V 8 1 10 2
H 16 0 1 2
V 7 0 8 3
V 7 1 10 2
V 14 2 2 1
V 7 1 8 1
H 12 1 1 2
V 8 1 8 1
H 13 0 1 2
V 9 0 2 3
H 12 1 2 2
V 7 1 8 1
H 12 0 1 2
V 12 1 2 1
H 9 1 4 2
V 9 2 6 1
V 10 2 2 1
H 11 1 1 2
V 1 1 6 2
V 0 2 12 1
V 7 1 2 1
V 8 1 2 2
H 7 0 2 2
V 9 2 2 1
H 3 1 3 2
V 2 2 8 1
H 9 1 1 2
V 2 0 2 1
V 3 0 2 3
V 0 2 10 1
V 5 2 4 1
V 6 2 2 1
H 7 1 2 2
H 4 0 3 2
H 1 1 5 2
V 4 2 4 1
V 1 2 4 1
V 0 2 6 1
H 1 1 1 2
V 1 2 6 1
H 4 1 2 2
V 4 0 2 1
V 5 0 2 1
H 5 0 1 2
V 0 0 6 1
V 3 0 2 1
V 0 0 4 2
H 3 0 1 2
V 1 0 2 1
V 0 0 4 1
V 0 0 2 2
H 0 1 1 2
H 0 0 1 2
