H 8 1 1 2
V 0 4 2 1
V 0 16 2 1
V 8 5 2 1
V 7 1 12 1
H 1 2 1 2
H 7 2 1 2
H 7 1 4 2
V 7 2 12 2
V 12 4 8 1
H 13 2 6 4
H 14 2 5 6
V 12 5 8 3
H 11 5 1 2
V 11 6 4 2
H 13 2 1 6
H 13 2 1 4
V 8 2 6 2
H 10 0 1 4
V 8 0 6 1
V 8 0 12 1
H 10 12 1 2
V 2 13 10 7
H 8 14 1 2
V 6 19 2 1
H 6 12 8 6
H 7 13 1 2
V 0 12 20 2
V 16 10 2 1
V 18 12 2 1
H 17 9 2 6
H 2 10 1 2
V 0 9 20 2
V 13 9 2 1
H 3 8 1 2
V 0 9 14 3
H 0 0 1 12
V 2 3 8 1
V 9 6 2 2
V 0 3 10 5
H 11 2 1 2
V 0 3 20 1
H 16 2 1 2
H 13 2 4 6
V 15 5 2 1
V 12 5 8 2
H 5 15 1 4
V 0 12 14 5
H 7 16 1 2
H 0 12 9 4
H 17 11 1 2
V 0 12 20 2
H 17 9 3 6
V 0 9 20 2
V 0 9 14 2
H 0 0 1 12
H 15 2 1 6
V 0 7 2 1
H 3 3 1 4
V 0 3 16 1
H 9 3 1 2
V 0 3 20 1
H 13 3 7 2
H 18 2 1 6
V 17 2 2 5
H 18 5 1 2
H 10 0 1 6
V 9 0 4 1
V 7 0 12 1
V 6 7 2 1
H 7 2 4 6
H 8 1 2 4
H 7 1 1 2
V 7 1 8 1
H 12 0 1 2
H 8 1 1 2
V 8 1 12 1
H 7 17 1 2
V 6 12 2 6
V 5 12 2 1
H 8 15 1 2
H 4 12 6 4
H 6 13 1 2
V 0 12 20 2
H 17 9 1 6
V 0 9 20 1
V 0 9 14 1
H 0 0 1 12
V 0 3 14 1
H 18 2 1 2
V 0 3 20 1
H 13 3 5 2
H 16 2 2 6
V 9 4 2 1
H 7 1 3 4
V 8 2 10 2
H 13 2 2 6
V 12 3 2 1
V 12 7 2 1
V 11 6 4 2
H 11 4 1 4
H 0 2 7 2
V 3 4 2 1
V 4 3 6 5
V 0 3 20 1
H 19 2 1 2
V 16 2 2 1
V 16 12 2 8
V 15 12 2 1
H 17 9 2 6
H 0 9 1 2
V 0 9 20 1
V 0 9 14 1
V 0 5 2 1
H 0 0 1 12
V 0 3 18 1
V 0 3 20 1
H 16 3 1 2
H 19 3 1 2
V 16 14 2 4
H 17 10 3 10
V 0 9 20 2
H 0 10 1 2
H 6 10 1 2
H 14 10 1 2
V 0 10 14 1
H 0 0 1 12
V 4 3 2 1
V 0 3 10 4
V 5 3 2 1
V 1 3 10 3
H 10 0 1 8
V 10 0 4 2
V 8 0 10 1
H 17 13 1 2
H 19 13 1 2
V 6 12 14 2
V 16 12 2 1
H 17 9 1 8
H 0 9 1 2
V 0 9 20 1
V 0 9 14 1
H 2 9 1 2
H 0 0 1 12
H 8 2 1 2
V 0 3 14 1
H 7 1 3 4
V 7 1 10 1
V 7 1 12 1
H 13 14 1 2
V 0 12 14 3
H 9 15 1 2
H 1 12 9 4
H 1 13 1 2
V 0 12 20 1
H 17 9 3 6
H 2 8 1 2
V 0 9 20 1
H 13 9 1 2
V 0 9 14 1
H 0 0 1 12
H 2 2 1 2
H 8 2 1 2
V 0 3 12 1
V 0 3 20 1
H 13 3 4 2
H 16 2 1 6
V 0 15 10 3
H 1 12 13 8
H 2 13 1 2
V 0 12 20 2
V 17 9 2 1
H 17 9 1 8
H 6 8 1 2
V 0 9 20 1
V 0 9 14 1
H 0 5 1 2
H 0 0 1 12
H 4 2 1 2
V 0 3 8 1
V 0 3 20 1
H 13 2 2 6
H 13 3 1 2
H 17 3 1 2
V 12 4 6 3
H 2 0 5 6
V 4 3 4 1
H 2 3 1 2
V 0 3 20 1
V 17 4 2 1
H 16 2 2 4
H 17 9 1 10
H 19 11 1 2
V 0 11 20 1
V 13 11 2 1
H 3 10 1 2
V 0 11 14 1
V 0 5 2 1
V 0 10 2 1
H 0 0 1 12
V 3 3 8 1
V 0 3 10 3
H 6 6 1 2
H 4 3 7 4
V 0 3 20 1
H 0 3 1 2
H 15 3 3 2
H 13 2 3 6
H 19 18 1 2
H 19 9 1 10
H 11 9 1 2
H 16 9 1 2
V 0 9 20 1
H 0 8 1 2
V 0 9 18 1
H 0 0 1 12
V 2 3 2 1
V 0 0 6 5
V 0 3 20 1
H 13 2 1 6
V 11 6 6 1
V 15 12 4 8
H 17 10 2 10
H 17 9 1 10
V 0 9 20 3
H 5 8 1 2
V 0 9 14 3
H 0 5 1 2
H 0 0 1 12
V 0 3 20 1
H 10 0 1 6
V 11 1 2 1
V 10 0 2 2
V 7 0 10 1
V 4 13 16 1
H 17 9 2 8
V 9 0 2 1
V 9 11 2 1
V 0 9 20 3
V 0 9 14 2
H 0 0 1 12
V 0 1 6 4
V 0 3 20 1
H 13 2 1 6
V 11 6 4 1
H 11 5 1 2
H 2 12 13 6
V 8 12 12 1
H 17 9 3 6
V 0 9 20 2
V 0 9 14 1
H 0 0 1 12
V 0 3 14 1
H 7 1 4 4
H 12 0 1 2
V 7 1 10 1
H 15 0 1 2
V 8 1 10 1
V 7 12 8 1
H 8 12 1 8
V 8 12 2 1
H 1 12 8 4
V 1 12 2 1
V 2 12 18 2
H 17 9 3 6
V 0 9 20 2
H 12 10 1 2
V 0 9 14 2
H 0 0 1 12
H 2 1 1 2
V 0 2 6 3
V 0 3 20 1
V 12 4 2 1
H 16 2 1 2
H 13 3 5 2
H 13 2 1 6
V 11 6 4 2
V 6 18 2 2
H 7 12 3 8
H 7 12 7 4
V 0 12 20 2
H 17 9 2 6
H 1 10 1 2
V 0 9 20 2
H 3 8 1 2
V 0 9 14 1
H 0 0 1 12
H 2 0 1 4
V 0 3 16 1
H 3 3 1 2
V 0 3 20 1
H 18 2 1 2
V 3 15 8 5
H 7 12 2 8
H 7 12 1 4
V 0 12 20 2
H 17 9 1 6
H 7 9 1 2
V 0 9 20 1
H 5 9 1 2
V 0 9 14 1
V 0 5 2 1
V 0 11 2 1
H 0 0 1 12
H 13 3 1 2
V 0 3 18 1
V 0 3 20 1
V 0 4 4 3
V 1 3 10 2
H 7 1 4 6
V 7 1 8 1
H 10 1 1 2
V 14 1 2 1
V 7 1 10 1
V 0 11 8 1
H 0 0 1 12
H 0 2 4 4
V 0 3 18 1
H 10 2 1 2
V 1 3 18 1
V 0 8 20 1
V 0 8 4 4
V 0 7 2 1
H 0 2 1 10
V 0 3 8 4
V 0 3 18 1
H 13 3 3 2
H 13 2 1 6
V 12 7 2 1
V 4 12 6 2
V 0 13 20 1
H 17 9 1 8
V 0 9 20 3
H 12 9 1 2
V 0 9 14 1
H 0 0 1 12
V 0 3 16 1
V 0 3 18 1
H 17 2 1 2
V 1 13 10 4
H 7 12 1 8
V 0 12 20 2
H 17 9 3 6
V 0 9 20 1
V 0 9 14 1
V 0 12 14 5
H 0 0 1 12
V 0 3 10 3
V 0 3 18 1
H 13 3 3 2
H 14 2 1 6
V 7 15 2 1
H 0 12 8 4
V 0 12 20 1
H 17 9 2 6
V 0 9 20 2
V 0 9 14 3
H 0 0 1 12
V 0 3 16 1
H 12 2 1 2
V 1 3 16 1
H 13 2 4 4
H 1 9 1 2
V 0 10 10 2
V 0 3 2 1
V 0 13 2 1
H 0 0 1 12
V 10 3 2 1
H 0 3 11 2
V 0 3 16 1
H 6 1 1 4
V 1 3 16 1
H 8 2 1 2
H 10 2 1 2
H 16 2 1 2
V 9 11 2 1
V 0 9 20 3
V 0 9 10 3
H 0 0 1 12
V 0 3 14 1
H 7 1 1 4
V 10 1 6 1
V 7 1 8 1
V 8 1 8 1
H 19 11 1 2
H 19 13 1 2
V 14 12 6 2
H 17 9 2 8
V 0 9 20 1
V 0 9 14 3
H 0 0 1 12
H 7 3 1 4
V 0 3 10 2
V 0 3 16 1
H 10 2 1 2
H 13 3 3 2
H 13 3 1 4
V 12 6 2 1
V 6 12 12 1
V 18 13 2 1
H 17 9 2 6
V 0 9 20 1
H 2 8 1 2
V 0 9 14 1
H 0 0 1 12
V 3 3 12 1
V 0 3 14 1
V 0 3 16 1
H 14 3 1 2
H 13 2 3 4
V 1 12 8 5
H 1 12 1 2
V 0 12 20 1
H 17 9 1 6
V 0 9 20 1
H 5 8 1 2
V 0 9 14 2
H 0 0 1 12
V 0 3 4 3
V 1 3 16 1
H 10 0 1 6
V 7 0 8 1
H 5 10 1 2
V 0 11 6 1
V 0 8 2 1
H 0 0 1 12
V 0 3 4 3
H 2 3 9 4
V 1 3 16 1
H 10 0 1 6
V 8 0 6 1
V 1 8 2 1
V 0 8 2 4
H 0 0 1 12
V 0 0 4 6
H 0 2 3 4
V 1 3 16 1
H 10 0 1 6
V 7 0 6 1
V 0 10 20 2
V 0 11 6 1
H 0 0 1 12
H 1 5 1 2
H 7 5 1 2
V 0 5 10 1
H 5 2 2 4
V 1 3 16 1
H 13 2 1 4
V 12 2 2 1
V 12 5 2 1
V 18 11 2 1
H 17 9 2 10
H 18 9 1 8
V 0 9 20 3
H 3 8 1 2
V 0 9 16 2
H 0 0 1 12
V 0 3 16 1
V 1 3 16 1
H 7 12 8 4
V 6 12 12 1
H 17 9 1 6
V 0 9 20 1
V 0 9 14 1
H 0 0 1 12
V 0 3 10 2
H 7 3 1 2
V 0 3 16 1
H 13 3 3 2
H 13 3 1 4
V 4 12 16 2
V 17 15 2 1
H 17 9 1 8
V 0 9 20 1
V 0 9 14 1
H 0 0 1 12
V 0 3 14 1
H 6 3 1 2
V 0 3 16 1
H 15 3 1 2
V 9 2 4 2
H 10 0 1 6
V 9 0 4 1
H 17 9 3 8
H 6 8 1 2
V 0 9 20 1
V 0 9 18 1
H 0 0 1 12
V 0 3 14 1
V 1 3 14 1
H 14 3 1 2
H 13 2 1 2
V 0 8 2 4
H 0 5 1 2
H 0 0 1 12
V 0 0 4 6
V 0 3 14 1
H 7 1 4 4
H 10 0 1 2
V 7 1 6 1
V 15 13 4 6
H 17 14 1 2
H 17 10 3 10
H 17 9 2 8
V 0 9 20 2
V 0 9 14 2
H 0 0 1 12
V 0 3 12 1
V 0 3 14 1
H 13 3 1 2
H 11 12 1 8
V 7 12 12 2
H 17 9 2 8
V 0 9 20 2
V 0 9 14 1
H 0 0 1 12
V 2 3 2 1
V 0 3 6 5
V 0 3 14 1
H 10 0 1 6
V 10 0 2 1
V 12 3 2 1
V 6 19 2 1
H 7 12 5 8
H 8 12 3 6
V 0 12 18 1
H 17 9 2 6
V 18 10 2 1
V 0 9 20 2
V 0 9 14 2
H 0 0 1 12
V 0 3 8 2
V 0 3 12 1
H 10 0 1 6
V 9 0 2 1
V 15 13 2 1
V 16 12 2 5
H 19 11 1 2
H 17 9 3 6
V 0 9 20 1
H 4 8 1 2
V 0 9 14 1
H 0 0 1 12
V 0 3 8 2
V 6 3 2 1
V 1 3 12 1
H 10 0 1 6
H 8 12 3 8
V 4 13 16 1
H 17 9 2 8
H 14 9 1 2
V 0 9 20 1
V 0 9 14 1
V 0 19 14 1
V 0 4 2 1
H 0 0 1 12
V 0 3 12 1
V 1 3 12 1
H 12 2 1 2
H 7 12 4 8
H 2 12 7 6
V 0 12 20 1
H 17 9 2 6
V 0 9 20 2
H 3 8 1 2
V 0 9 14 2
V 0 14 14 1
H 0 0 1 12
V 0 3 6 5
H 5 3 1 2
V 1 3 12 1
H 7 1 4 4
V 8 1 4 1
H 1 8 1 2
V 0 9 20 1
V 0 9 18 1
H 0 0 1 12
V 0 3 10 2
H 11 2 1 2
H 10 3 1 2
V 0 3 12 1
H 11 2 1 2
V 7 2 4 5
H 9 1 1 6
V 9 2 2 6
H 7 2 4 6
H 7 2 4 4
V 3 2 2 6
V 1 3 10 2
H 9 2 1 2
H 10 3 1 2
H 0 12 12 4
H 14 12 1 2
V 0 12 20 1
V 16 14 2 1
H 17 9 1 6
V 0 9 20 1
V 0 9 14 1
H 0 0 1 12
V 2 6 2 1
V 0 3 6 5
V 0 3 10 2
H 7 4 1 2
H 7 1 2 4
H 19 9 1 10
H 19 9 1 8
V 0 9 20 2
V 0 9 18 3
H 0 0 1 12
V 0 2 2 6
V 0 3 10 2
H 6 0 1 6
V 2 12 10 3
V 0 12 20 2
H 17 9 1 8
H 16 10 1 2
V 0 9 20 2
H 0 8 1 2
H 0 10 1 2
V 0 9 14 3
H 0 0 1 12
V 0 3 8 4
V 4 4 2 1
H 0 2 1 2
H 7 2 1 2
V 0 3 10 3
H 11 18 1 2
V 0 19 14 1
H 5 12 3 8
V 5 15 2 1
H 6 12 2 6
V 0 12 20 2
H 17 9 1 6
V 0 9 20 1
H 5 8 1 2
V 0 9 14 1
V 0 1 2 1
V 0 5 2 1
V 0 11 2 1
H 0 0 1 12
V 0 3 6 5
V 0 3 8 1
H 7 1 1 4
V 9 5 2 1
V 6 3 2 1
V 1 2 6 2
H 6 1 1 2
H 9 12 1 8
H 9 12 1 6
V 4 12 16 1
H 17 9 1 6
V 0 9 20 1
V 0 9 14 1
H 0 0 1 12
V 0 3 8 1
V 1 3 8 5
V 8 5 2 1
V 1 13 12 1
V 0 13 20 1
H 17 9 1 8
V 0 9 20 1
V 0 9 14 1
H 0 0 1 12
V 0 3 2 5
V 0 3 8 1
H 3 0 3 6
V 5 5 2 1
H 1 5 1 2
H 0 6 10 2
H 9 5 1 2
V 4 1 2 1
V 10 13 2 1
H 9 12 2 8
H 8 12 3 4
H 12 13 1 2
V 5 12 14 2
H 17 9 3 6
V 0 9 20 3
V 6 10 2 1
V 13 10 2 1
V 0 9 14 3
V 0 5 6 1
H 0 2 1 10
V 7 5 2 1
H 3 6 1 2
V 0 4 8 3
H 6 3 1 2
V 1 4 8 1
H 0 2 6 6
V 4 2 2 1
H 2 3 1 2
H 0 1 5 6
V 5 3 2 2
V 0 9 16 1
H 0 7 1 4
V 0 7 10 1
H 8 6 1 2
V 1 7 10 1
H 0 3 6 2
H 2 2 3 6
V 1 7 2 1
V 1 17 2 1
H 3 6 1 2
V 0 7 10 1
H 0 7 1 2
V 15 12 4 5
H 17 9 3 6
V 0 9 20 1
V 0 9 14 1
V 0 8 2 1
H 0 2 1 10
H 1 5 1 2
V 0 9 2 1
V 0 3 6 3
V 1 4 6 1
V 2 5 4 3
V 1 7 2 1
H 2 2 2 6
V 0 11 20 1
H 13 10 1 2
V 0 8 4 4
H 0 2 1 10
V 0 5 6 2
V 7 7 2 1
H 3 4 1 2
V 0 6 8 2
H 13 12 2 8
H 12 12 3 6
V 13 12 6 1
V 16 11 2 1
H 17 9 3 6
V 4 10 16 1
V 0 9 20 3
V 0 9 14 3
H 0 0 1 12
V 0 3 4 5
V 1 3 4 3
V 3 12 8 3
H 16 13 1 2
V 0 13 20 1
H 17 9 1 8
H 0 8 1 2
V 0 9 20 3
V 0 9 14 2
V 0 5 2 1
H 0 0 1 12
V 1 3 2 1
V 0 0 2 8
H 1 0 1 6
V 4 5 2 1
V 1 2 2 1
H 9 12 2 8
H 7 12 3 4
V 2 12 16 2
H 17 9 2 6
V 0 9 20 3
V 0 9 14 3
H 0 0 1 12
H 0 0 1 6
V 5 16 4 3
H 3 12 5 8
V 0 13 20 1
H 17 9 3 8
V 9 9 2 1
V 0 9 20 1
H 2 8 1 2
V 0 9 14 1
H 0 4 1 6
H 3 5 1 2
V 5 7 2 1
V 0 6 6 2
V 1 6 6 2
V 2 4 2 1
H 4 5 1 2
H 4 6 1 2
V 0 11 18 1
H 0 4 1 8
V 0 4 2 2
H 0 3 1 8
V 0 3 2 1
V 12 12 6 2
H 18 11 1 2
H 17 9 2 6
V 0 9 20 1
V 0 9 14 1
H 0 7 1 4
V 0 6 4 2
V 0 7 6 1
H 6 12 2 8
H 0 12 1 2
V 0 13 20 1
H 13 12 1 2
H 15 12 1 2
H 17 9 3 8
V 0 9 20 1
V 0 8 16 1
V 0 8 20 1
V 0 9 10 1
V 4 9 2 1
H 0 4 1 8
H 0 4 1 2
V 0 8 4 4
H 0 6 1 6
V 0 5 2 3
V 0 8 2 1
V 1 6 2 1
V 16 19 4 1
V 16 14 2 1
V 18 12 2 1
H 17 10 2 10
V 16 19 2 1
H 17 9 1 10
H 16 9 1 2
V 0 9 20 1
V 7 8 2 1
H 4 8 4 2
V 6 8 4 1
V 1 8 18 1
V 9 13 2 1
H 10 12 1 8
V 6 12 14 2
H 17 9 1 8
H 13 9 1 2
V 0 9 20 1
H 8 9 1 2
V 0 9 14 1
H 0 6 1 4
V 0 6 2 2
V 0 7 4 1
H 0 5 1 4
H 0 8 4 2
H 5 8 1 2
V 6 8 2 1
V 1 8 12 1
H 4 8 1 4
V 1 8 16 1
V 9 8 6 1
V 0 8 12 1
H 0 7 1 2
V 0 7 2 1
V 11 18 2 1
H 12 12 3 8
H 0 12 15 4
H 15 12 1 2
V 12 12 8 1
V 17 13 2 1
H 17 9 1 6
V 0 9 20 3
V 0 9 14 2
H 0 6 1 6
H 7 12 7 4
V 6 12 14 2
H 18 11 1 2
H 17 9 2 6
H 7 8 1 2
V 0 9 20 1
V 0 9 14 1
H 0 7 1 4
V 3 14 8 4
H 7 12 3 8
V 0 12 20 2
H 17 9 1 8
V 17 11 2 1
V 0 9 20 1
V 0 8 4 1
V 0 9 14 1
H 0 8 1 2
V 3 8 2 1
H 8 9 1 2
V 1 10 8 2
H 1 9 1 2
V 4 8 4 1
V 2 8 10 1
V 2 8 2 1
V 13 15 2 1
H 13 12 1 8
H 13 12 1 4
V 14 12 2 1
V 11 12 8 2
H 17 11 3 2
H 18 11 1 2
V 0 11 20 1
H 19 10 1 2
V 0 11 14 1
V 5 9 4 1
H 4 8 3 2
V 3 9 6 3
H 3 10 6 2
H 7 10 1 2
V 2 11 6 1
V 10 9 8 1
H 5 9 1 2
V 3 10 14 1
H 11 9 1 2
V 9 14 2 1
H 7 12 3 8
H 10 13 1 2
V 2 12 18 2
V 10 10 10 1
V 8 9 10 1
H 18 14 1 4
H 17 9 3 6
V 5 9 2 1
V 5 18 2 1
V 6 9 14 3
V 7 9 6 3
H 6 8 2 2
V 6 8 4 1
H 6 8 2 4
V 4 10 6 2
V 7 8 2 1
V 5 9 2 1
V 6 9 2 3
H 7 8 1 4
H 7 8 1 2
H 6 9 9 2
V 5 10 8 1
H 8 9 12 2
V 7 10 2 2
V 9 10 2 1
V 11 17 2 1
H 12 12 1 8
V 12 9 2 1
V 12 15 2 1
H 12 12 1 4
V 10 12 10 2
H 18 13 1 2
H 17 10 3 4
V 10 10 10 2
V 13 10 2 1
V 10 10 4 2
H 1 14 1 2
V 0 15 14 2
V 18 18 2 1
H 14 9 1 2
V 3 12 16 1
H 17 11 3 4
V 17 13 2 1
H 18 10 1 10
V 12 11 8 1
V 12 11 4 1
H 16 18 2 2
H 19 9 1 6
V 14 10 2 1
V 10 13 10 1
V 18 17 2 1
H 19 10 1 8
V 13 11 2 1
V 8 12 2 1
H 9 15 1 2
H 9 12 2 8
H 18 13 1 2
V 4 13 16 1
V 17 14 2 1
H 18 9 1 10
H 11 12 2 6
V 6 12 12 2
H 17 11 3 2
V 14 11 6 1
H 9 15 1 2
H 9 12 3 4
V 2 12 18 1
H 18 10 2 4
H 16 10 1 2
V 16 11 4 1
V 15 12 4 5
H 17 9 1 8
H 10 13 1 2
V 4 12 16 2
V 3 13 2 1
H 17 11 2 6
V 14 12 2 1
H 13 12 2 4
H 14 15 1 2
V 14 12 2 2
V 16 14 2 1
H 15 12 2 6
V 15 12 2 1
H 15 12 1 8
H 9 13 2 4
V 3 13 16 1
H 17 10 1 8
V 15 18 2 1
H 18 10 1 2
H 18 12 1 4
V 18 12 2 3
H 16 13 1 2
H 19 13 1 2
H 6 12 1 8
V 4 13 14 1
V 16 16 2 1
H 17 11 1 6
V 13 12 6 2
H 17 11 2 4
H 17 10 1 2
H 13 12 1 8
V 16 12 4 1
H 18 13 1 2
V 8 13 12 1
H 19 12 1 2
V 3 12 16 1
H 4 12 1 2
V 4 12 14 2
H 15 12 2 4
V 13 12 2 1
V 13 17 2 1
H 13 12 1 8
H 13 12 1 6
V 10 12 8 2
H 15 13 1 2
H 11 13 1 4
V 11 12 6 2
H 12 14 1 4
H 2 13 13 2
V 3 13 14 1
H 16 13 1 2
V 9 16 2 1
H 10 12 1 8
H 9 12 5 4
V 6 12 10 1
H 10 12 1 6
V 10 12 2 1
V 6 13 10 1
H 14 14 1 6
V 1 19 14 1
V 12 19 2 1
H 13 12 2 8
H 13 12 2 6
H 7 12 1 2
H 11 12 1 2
V 3 13 12 2
V 0 15 10 2
H 4 15 1 2
V 0 15 14 1
H 9 13 4 4
V 6 13 6 1
H 8 14 4 6
V 10 15 4 2
H 2 14 1 2
V 0 15 8 2
V 0 15 12 1
V 9 16 2 1
H 10 12 1 6
H 5 15 7 2
V 9 16 6 1
V 0 15 8 1
V 4 14 8 6
H 8 12 2 4
H 12 15 1 2
V 9 19 2 1
V 0 19 10 1
H 5 14 3 6
H 13 16 1 2
V 0 16 14 1
H 12 16 1 2
V 3 12 6 8
V 0 17 14 3
V 5 14 2 1
H 6 14 5 6
V 2 15 10 4
H 8 13 1 2
V 9 17 2 2
H 8 17 1 2
H 8 14 2 4
V 6 17 8 3
H 2 15 8 4
H 1 16 1 4
V 1 18 14 1
V 0 12 8 5
H 5 12 1 4
V 1 14 10 1
H 11 16 1 2
H 5 17 1 2
V 0 15 6 3
V 1 16 10 1
V 5 14 2 1
V 5 16 2 1
H 6 14 4 4
V 13 19 2 1
V 5 12 2 5
H 6 12 1 2
V 1 13 4 1
H 3 13 5 2
V 7 14 2 2
V 7 16 4 2
H 0 17 10 2
H 9 18 1 2
V 5 18 8 1
V 4 17 6 1
V 3 17 8 3
V 1 16 2 1
H 2 16 7 4
V 0 19 14 1
V 5 16 4 1
V 9 19 2 1
H 5 14 3 6
V 0 18 12 2
H 5 12 1 8
H 2 12 4 4
V 2 18 10 2
H 9 18 1 2
H 11 18 1 2
V 4 19 8 1
H 1 15 7 2
V 7 16 2 1
V 5 16 2 1
H 6 14 1 6
V 0 16 2 1
H 1 14 6 4
V 0 14 2 1
H 4 15 1 2
H 4 16 2 2
V 2 17 8 3
V 4 15 2 2
H 5 14 1 4
H 6 16 2 4
H 6 15 1 4
V 5 19 6 1
H 4 16 1 2
V 1 17 4 1
V 1 17 8 2
V 2 13 2 7
H 2 12 1 2
H 3 14 2 4
H 4 15 1 2
V 0 16 8 2
V 6 17 2 1
V 1 16 6 3
H 3 15 1 2
H 3 12 1 8
H 3 15 1 4
H 3 12 1 4
V 1 12 2 1
H 8 18 1 2
V 8 19 2 1
H 1 14 1 2
H 0 15 6 2
V 5 16 2 1
V 3 14 2 1
V 0 12 2 1
H 0 13 3 2
V 0 14 4 1
H 1 15 4 2
V 2 16 4 3
V 1 13 2 7
V 1 14 2 1
V 2 15 2 1
V 1 18 6 1
V 1 15 2 1
V 0 16 2 4
H 0 13 1 6
H 0 13 1 2
V 1 16 2 1
V 1 19 2 1
H 2 16 1 4
H 1 18 1 2
V 0 18 6 1
V 4 19 2 1
V 1 16 2 3
H 1 15 1 2
V 1 16 2 1
H 1 16 1 2
V 0 18 2 1
H 0 15 1 4
H 2 18 1 2
H 0 17 1 2
H 2 17 1 2
V 0 18 2 1
H 0 18 1 2
