V 4 10 2 1
H 13 14 1 2
H 4 5 1 2
V 8 10 2 1
H 16 9 1 2
H 2 8 1 2
V 11 0 2 1
V 0 6 20 12
H 3 15 1 2
H 5 6 1 2
V 3 7 6 9
H 3 10 1 2
H 0 3 4 8
H 10 4 1 2
V 0 3 20 2
H 13 0 6 6
H 8 0 1 2
V 0 0 20 1
V 0 0 6 3
V 0 1 2 2
H 12 0 2 2
H 0 1 20 2
H 1 0 1 2
H 11 0 1 2
H 5 18 1 2
V 2 9 4 10
V 3 14 2 1
H 3 11 1 2
H 2 4 2 16
V 2 11 8 1
H 1 3 4 12
V 0 3 20 1
H 15 0 1 4
H 13 1 5 4
V 0 1 20 1
V 0 1 6 2
V 1 4 18 1
H 13 0 2 6
V 2 1 18 1
V 2 0 4 3
H 2 0 1 2
H 4 4 1 16
V 0 8 18 3
V 4 10 2 1
H 2 3 3 14
V 0 3 20 1
V 12 4 2 1
H 13 0 1 6
H 4 1 1 2
H 7 1 1 2
H 16 1 2 2
V 4 0 16 2
V 3 0 4 2
V 0 3 4 17
V 2 6 2 1
V 2 13 2 2
H 3 3 1 16
V 0 4 20 1
H 13 1 2 4
H 11 1 1 2
V 0 2 20 1
V 5 2 2 1
V 0 2 6 1
V 0 13 2 1
V 1 13 14 2
V 2 9 2 1
V 2 12 2 1
H 3 4 2 16
H 0 3 5 6
V 0 3 20 3
V 0 18 20 2
H 13 1 1 4
V 2 1 18 2
V 2 1 4 2
V 1 6 8 14
V 0 8 2 1
V 0 14 2 1
H 1 3 4 16
V 4 17 2 1
H 3 3 1 14
H 13 2 1 2
V 0 3 20 1
H 13 2 1 2
V 1 2 18 1
V 1 2 6 1
V 12 3 2 3
V 11 4 2 1
H 13 0 1 6
V 2 2 18 1
H 4 0 1 2
H 6 0 1 2
H 14 0 1 2
V 3 1 2 2
H 3 1 1 2
V 1 6 12 6
H 3 3 2 6
V 0 3 20 1
H 13 2 1 2
V 2 2 18 1
V 2 2 4 1
H 4 0 1 2
V 10 3 6 3
H 13 0 1 6
V 4 1 16 2
H 5 0 1 2
H 16 0 1 2
H 5 16 1 2
V 2 6 6 11
H 2 3 3 6
H 4 8 1 2
V 0 3 20 1
V 12 1 2 1
H 15 3 1 2
H 13 0 3 4
V 4 1 16 2
V 4 1 2 1
V 4 13 2 1
H 3 3 1 10
V 2 9 2 8
H 2 4 3 16
V 0 4 20 2
H 13 0 4 6
H 12 1 1 2
V 4 2 16 1
H 5 1 1 2
H 6 0 1 2
H 4 5 1 2
V 2 6 16 4
H 0 3 5 8
V 0 3 20 1
H 13 0 1 6
V 7 0 12 3
H 7 11 1 2
V 0 11 16 1
H 0 3 1 16
V 0 3 18 1
V 0 3 20 1
V 12 1 2 1
H 13 0 7 6
V 12 3 2 1
H 3 3 1 16
V 3 16 2 1
H 3 3 1 14
H 19 2 1 2
V 3 10 2 1
V 0 3 20 3
H 13 0 1 4
V 6 1 14 1
V 12 3 2 3
H 13 0 1 6
V 6 2 14 1
V 0 11 18 1
H 0 3 1 16
H 15 3 1 2
V 0 3 16 1
V 0 3 20 2
V 0 12 20 1
V 17 1 2 1
H 18 0 1 6
H 12 0 1 2
V 8 1 10 2
V 7 2 2 1
H 8 1 10 2
H 9 0 2 2
V 3 12 10 1
H 2 3 3 16
H 4 3 1 2
V 9 4 2 1
V 4 16 2 1
V 0 4 20 2
V 0 16 20 1
H 13 0 4 6
V 8 1 10 1
H 3 3 2 16
V 3 3 10 1
H 3 3 2 10
V 4 5 2 1
V 2 3 6 3
H 6 3 1 2
V 0 3 20 1
H 16 0 2 6
H 9 1 1 2
V 8 2 10 1
H 9 1 1 2
V 9 2 10 1
H 0 3 1 14
V 0 3 18 1
V 0 3 20 1
V 0 18 14 2
V 6 18 2 1
H 0 4 1 16
H 0 3 1 16
V 0 3 16 1
V 1 3 18 1
H 15 1 3 4
H 2 14 1 2
V 0 14 20 1
H 3 3 1 16
H 13 3 1 2
H 3 15 1 2
V 8 4 12 2
H 19 4 1 2
H 17 3 1 2
H 13 2 5 4
H 17 2 1 2
V 0 3 4 1
V 2 15 2 1
H 3 10 1 2
H 3 3 2 16
H 2 3 3 14
V 3 3 4 2
H 13 3 1 2
V 0 3 18 1
H 15 0 1 6
H 4 8 1 4
V 0 9 20 3
V 2 10 6 4
H 0 3 5 16
H 16 2 1 2
V 0 3 18 1
V 13 2 2 1
H 13 0 1 6
V 11 0 4 1
H 12 0 3 2
V 12 1 4 1
V 7 3 2 3
V 0 3 18 1
V 12 3 4 3
H 13 2 3 2
H 12 1 1 2
V 10 2 6 1
H 2 6 1 2
V 0 7 20 5
H 10 11 1 2
V 4 7 4 5
H 0 3 5 6
V 0 4 18 2
H 13 0 2 6
V 11 1 4 2
V 17 4 2 1
H 17 4 1 2
V 0 15 10 1
H 0 4 5 16
H 0 3 3 8
V 0 3 10 1
V 1 3 16 2
V 13 5 2 1
H 13 0 1 6
V 12 4 2 1
V 1 8 6 1
H 6 18 1 2
H 13 18 1 2
H 4 13 1 2
V 0 14 16 5
H 1 3 1 14
H 0 4 5 16
H 3 7 1 2
H 0 4 4 4
V 0 5 18 1
V 1 5 18 1
V 0 19 10 1
H 0 4 1 16
H 0 3 1 16
V 0 3 10 3
V 4 4 2 1
V 7 3 2 1
V 0 3 16 2
H 13 2 3 2
V 14 2 2 1
V 14 6 2 1
V 11 2 4 1
V 8 13 4 1
V 0 13 20 3
H 2 13 1 2
V 0 13 16 1
H 0 3 2 16
V 0 5 12 1
V 8 5 2 1
H 7 4 1 2
V 0 5 18 1
V 13 4 4 1
H 14 2 2 4
H 15 2 1 2
V 13 3 2 3
H 13 1 1 4
V 3 6 12 4
H 4 9 1 2
V 0 9 20 1
H 0 7 20 6
V 12 16 2 1
H 13 6 7 14
V 5 3 10 1
V 3 19 16 1
V 6 11 4 2
H 8 12 1 2
V 0 12 20 1
V 10 4 6 1
H 14 7 6 12
H 15 4 1 2
H 16 7 4 4
V 14 6 2 1
V 11 6 8 4
H 17 6 2 4
H 14 8 1 12
H 19 8 1 10
V 10 17 10 1
H 16 17 1 2
V 0 11 20 1
V 0 11 12 2
H 0 4 4 14
V 0 4 14 1
H 12 3 1 2
V 1 4 14 1
H 8 3 1 2
V 10 15 2 1
H 0 4 13 2
V 5 5 10 1
V 17 7 2 1
H 17 7 1 12
V 7 10 2 1
V 4 9 4 8
V 6 8 12 1
V 0 11 20 1
V 17 8 2 1
H 17 6 1 10
H 0 11 1 2
H 3 11 1 2
V 0 12 18 2
H 5 11 1 2
H 6 7 4 12
V 1 7 18 2
H 0 8 19 2
H 9 6 3 14
H 9 16 1 2
H 2 14 1 2
H 5 14 1 2
V 2 15 18 2
V 5 9 12 10
H 15 10 2 10
V 16 14 2 1
V 13 6 4 1
H 16 14 1 4
V 16 9 4 7
H 10 3 1 2
V 5 4 8 2
V 18 9 2 6
H 14 8 5 8
H 11 7 1 2
H 1 6 1 2
V 0 7 14 1
H 0 3 2 8
V 0 3 10 2
H 4 3 1 6
H 5 4 1 2
V 0 3 12 2
H 5 6 6 4
H 14 6 1 4
V 2 9 18 1
V 3 4 2 1
H 0 4 4 4
V 1 7 12 1
V 0 7 18 1
H 14 18 1 2
H 15 9 1 2
V 7 11 10 1
V 12 10 8 4
H 12 6 4 12
H 10 10 1 10
H 4 16 1 2
H 8 16 1 2
V 3 17 8 3
V 1 7 16 1
V 1 17 16 1
H 15 17 1 2
V 7 11 2 9
H 0 16 14 4
V 1 17 16 1
H 2 4 3 4
V 2 4 2 1
V 3 3 6 3
V 1 5 12 1
V 10 4 2 1
H 8 15 1 2
V 0 16 12 4
V 3 19 4 1
H 6 6 2 14
V 0 11 20 1
H 15 8 3 6
V 14 7 2 11
H 14 6 1 8
H 0 10 18 6
V 15 10 4 5
V 13 10 4 6
H 16 8 1 8
H 13 16 1 2
H 1 15 15 2
H 5 16 1 2
V 8 9 10 7
H 14 7 1 12
V 1 7 10 3
H 17 9 1 2
V 0 9 18 1
H 5 7 11 4
V 2 13 12 1
H 9 8 3 6
V 2 13 18 1
H 6 7 1 4
V 4 9 8 5
H 4 3 1 16
V 9 5 2 1
V 0 3 10 3
V 10 5 2 1
V 10 14 2 1
H 0 3 9 2
V 4 16 2 1
H 4 3 1 16
H 7 11 1 2
V 1 12 18 2
V 13 13 2 1
H 13 6 1 14
H 7 4 1 2
H 9 4 1 2
V 10 8 6 4
H 15 8 1 2
H 8 7 7 4
H 14 14 1 4
V 13 9 4 7
V 12 6 2 3
H 10 6 4 4
H 14 11 2 6
H 14 11 4 4
V 13 11 6 3
V 0 5 4 14
H 0 3 1 12
V 5 5 4 1
V 3 4 4 2
V 1 5 10 1
H 13 7 1 12
V 11 11 6 5
V 10 9 2 1
H 11 8 4 6
V 12 10 6 5
V 13 17 2 1
H 13 9 1 10
V 7 7 4 13
V 8 11 2 1
H 9 6 1 14
V 0 12 20 1
H 0 4 1 10
V 4 7 10 1
V 11 11 6 2
H 14 9 1 2
H 13 10 4 4
V 14 9 2 7
H 15 9 1 2
H 5 12 7 6
V 7 11 10 4
V 8 12 10 2
V 6 14 8 3
H 12 13 1 6
V 3 14 12 2
H 7 6 1 14
V 7 19 2 1
V 1 8 14 1
H 6 15 1 2
H 10 11 1 4
H 7 12 1 4
V 4 14 12 2
H 15 14 1 2
V 0 9 2 1
V 1 6 10 4
V 1 6 12 1
V 1 8 2 1
H 1 3 1 16
H 1 3 1 14
H 7 13 1 6
V 0 13 10 2
H 0 12 10 2
V 1 12 18 1
H 1 4 3 10
V 1 11 14 2
V 0 11 18 1
H 4 3 1 16
V 0 12 14 1
V 10 18 2 1
H 11 6 1 14
V 1 13 16 1
V 1 13 8 1
H 4 3 1 16
V 1 4 8 2
H 8 4 1 2
V 9 18 2 2
H 8 9 7 6
H 10 6 2 8
V 2 12 16 1
V 7 7 6 11
H 11 17 1 2
V 9 14 4 4
V 10 13 2 1
H 11 12 2 6
V 7 13 10 1
V 0 6 6 3
H 1 4 2 8
H 8 9 6 8
V 0 8 12 1
V 0 8 6 4
H 0 5 2 6
V 1 7 12 2
H 12 7 1 2
V 0 15 14 1
V 0 13 2 5
H 0 12 1 8
H 5 3 2 2
H 2 6 2 10
H 1 10 1 2
V 0 13 2 1
V 1 11 12 6
V 1 11 16 1
V 1 5 2 1
V 1 12 2 1
V 1 17 2 1
H 0 7 2 12
V 0 14 14 1
V 0 14 16 1
V 0 7 4 2
H 0 6 1 4
V 10 10 2 2
H 8 7 4 6
V 10 9 4 7
V 5 8 8 5
V 12 10 2 5
H 12 10 2 6
V 5 10 10 1
H 10 7 1 6
V 1 6 10 4
H 10 6 1 2
H 2 9 1 2
V 0 7 2 1
V 0 12 2 3
V 1 8 4 1
H 1 6 1 14
V 0 12 16 1
V 1 9 2 8
H 2 4 1 12
V 10 14 4 1
H 11 8 1 10
H 8 10 1 2
V 8 11 8 1
H 0 7 1 4
H 0 8 12 8
V 8 19 2 1
H 9 6 1 14
V 3 7 2 1
H 3 3 1 16
H 6 4 1 2
H 3 4 2 16
V 2 8 8 5
H 1 9 1 6
V 1 12 16 1
V 13 13 2 1
H 0 14 1 4
H 0 7 5 8
H 10 7 1 4
V 9 9 4 1
H 3 5 1 2
V 2 6 8 4
V 1 6 2 1
V 0 16 2 1
H 4 9 1 6
V 1 11 6 6
H 1 15 1 4
V 2 8 10 1
H 2 16 6 4
V 3 17 8 1
V 4 9 2 5
H 4 5 1 12
V 3 5 4 1
V 3 10 2 1
V 3 16 2 1
H 4 3 1 12
H 11 15 1 2
H 8 13 1 6
V 5 7 6 9
H 9 7 1 10
H 8 7 2 12
H 5 6 2 14
H 5 8 1 6
V 3 9 8 3
H 3 12 1 2
H 1 7 10 6
V 8 17 2 1
H 5 6 4 4
V 5 16 4 3
H 12 10 1 4
V 11 12 4 1
H 12 10 1 2
H 5 14 2 4
V 2 15 10 1
H 5 8 4 10
V 4 9 8 1
H 9 11 1 2
V 4 11 10 1
V 4 8 6 7
H 3 5 2 6
V 4 5 2 1
V 4 7 2 1
V 2 7 2 1
H 7 8 1 12
V 3 12 4 1
V 5 10 6 7
H 7 6 1 14
V 8 12 6 2
V 0 12 6 2
V 1 16 2 1
H 2 6 2 12
V 1 13 2 1
V 2 9 2 9
H 3 6 1 14
H 6 12 1 2
H 3 7 1 6
V 0 12 14 1
H 5 11 8 4
H 2 17 1 2
V 0 15 10 1
H 1 7 2 10
H 1 7 1 6
H 8 12 1 2
V 8 15 2 1
H 7 8 2 10
V 4 11 8 2
H 4 4 1 16
V 7 7 2 1
V 7 14 2 1
V 0 10 2 6
H 1 8 1 4
V 5 13 8 1
H 5 15 1 2
V 5 15 6 1
H 5 13 3 6
V 9 12 4 1
V 8 16 2 1
H 9 9 1 8
V 3 9 8 3
H 10 9 1 4
V 2 17 2 1
H 0 9 1 2
V 0 12 12 1
H 1 9 3 8
V 2 12 10 2
H 3 9 1 10
V 6 12 6 1
H 9 14 1 2
H 2 11 10 4
H 10 14 1 2
V 1 14 2 1
V 0 10 2 5
H 1 14 1 2
H 4 6 3 4
H 5 13 1 2
H 4 12 8 2
V 11 12 2 1
V 5 8 4 4
H 8 8 1 2
V 3 10 4 8
H 4 15 3 4
V 0 10 6 5
H 0 10 1 2
H 2 13 1 4
V 6 11 6 2
H 11 11 1 2
H 5 15 1 2
V 2 15 8 1
V 9 11 2 1
V 8 9 2 4
V 3 10 8 1
H 9 9 1 6
V 8 12 4 1
H 11 12 1 2
H 5 14 2 2
V 3 12 8 3
V 4 13 2 2
V 4 16 2 1
H 5 10 1 10
V 2 11 2 5
H 3 7 4 10
V 6 16 2 1
H 3 7 1 6
V 4 12 2 1
V 5 7 2 1
H 5 6 1 8
V 5 9 4 1
V 1 10 10 1
H 7 15 1 2
H 8 9 1 2
V 1 10 2 5
H 1 10 1 2
H 5 17 1 2
V 5 17 2 1
H 3 8 2 4
H 4 7 3 2
H 4 10 1 6
V 4 8 4 5
V 2 10 4 5
H 2 9 1 2
H 2 10 2 6
V 3 9 2 3
V 3 16 2 1
H 4 7 2 6
H 6 13 1 2
H 3 12 5 2
V 4 12 8 1
V 0 12 8 1
V 1 14 2 1
H 1 11 1 4
H 8 10 1 6
V 0 11 10 2
V 0 11 6 1
H 5 7 1 10
H 5 7 1 12
H 3 10 1 6
H 3 12 1 2
V 0 12 6 1
V 6 11 4 3
H 7 12 1 4
V 5 10 2 1
H 6 8 1 6
V 2 13 8 1
V 4 12 2 1
V 1 12 4 2
V 2 13 6 2
H 2 13 1 2
H 5 7 1 6
V 3 10 6 1
H 7 9 1 2
V 4 13 4 2
V 3 11 2 1
H 4 8 2 8
H 4 8 1 4
V 8 13 2 1
V 2 13 2 1
H 5 11 1 2
H 3 10 3 4
V 5 10 2 1
H 6 12 2 2
V 6 12 4 1
H 8 11 1 2
V 3 11 4 2
V 4 10 2 1
H 5 9 2 4
V 6 13 2 1
H 5 12 1 2
V 3 13 4 1
H 5 11 1 6
V 5 12 4 1
H 5 10 2 6
H 4 10 2 2
V 2 11 6 1
V 2 11 2 1
V 6 12 2 1
V 5 10 2 5
H 6 13 1 2
V 6 11 2 1
H 5 9 1 6
H 5 9 1 2
V 4 11 2 3
H 6 12 1 2
V 3 12 6 1
V 2 12 2 1
H 5 13 1 2
H 5 12 1 2
V 4 12 2 1
H 4 11 1 2
V 5 12 2 1
