H 3 12 1 2
H 2 16 1 2
V 18 12 2 1
V 18 16 2 1
V 6 16 2 1
V 9 7 2 1
V 17 2 2 1
V 7 7 2 1
V 13 14 2 1
V 13 16 2 1
H 8 3 3 4
H 9 6 1 2
V 1 5 10 2
V 3 6 2 1
H 7 4 1 2
V 0 5 8 2
H 0 0 2 10
V 0 0 6 3
V 0 0 8 3
V 10 14 2 1
H 10 7 1 2
V 3 8 8 8
V 6 4 2 1
V 6 7 2 1
H 4 3 3 12
V 0 5 8 2
V 0 4 6 1
H 0 4 2 4
H 0 0 2 16
V 14 18 2 1
V 15 17 2 3
H 16 13 4 6
H 14 14 1 2
H 6 13 1 2
V 2 14 18 1
V 11 14 2 1
V 2 14 10 2
H 2 0 1 16
V 1 1 2 6
H 0 6 2 2
V 1 1 2 1
H 1 0 1 16
V 3 2 2 1
V 2 0 2 3
H 0 0 6 2
V 0 1 8 2
H 6 13 1 2
H 19 13 1 2
V 2 14 6 2
H 2 0 1 16
V 2 1 2 1
H 2 0 1 12
H 2 5 1 2
V 2 0 2 3
V 1 0 6 3
V 11 4 2 16
V 11 12 2 1
V 11 18 2 1
V 10 16 2 1
H 11 2 1 18
H 17 14 1 2
V 2 14 18 1
H 2 0 1 16
V 2 14 2 1
V 0 3 4 4
H 0 6 2 2
H 0 1 1 14
H 6 7 1 2
V 4 3 2 1
V 2 3 6 5
H 2 2 1 10
V 2 1 2 2
V 0 2 8 1
H 1 2 1 2
V 5 4 2 1
V 2 4 4 3
V 1 0 4 1
V 2 4 2 1
H 2 0 1 12
V 0 0 6 1
V 10 15 2 1
H 10 0 1 20
V 2 8 2 1
V 2 5 4 1
V 3 5 8 7
H 5 8 2 2
H 4 4 1 2
H 9 4 1 2
H 5 5 6 4
H 6 6 1 2
H 5 4 1 2
V 1 5 10 2
H 1 5 1 4
H 1 1 1 14
V 8 6 2 1
H 6 9 1 2
H 8 9 1 2
H 8 0 1 20
V 3 6 8 4
H 4 6 1 2
V 0 6 8 1
H 0 0 1 14
V 12 7 2 1
V 11 1 4 14
H 11 1 9 4
H 11 0 2 20
V 2 14 18 1
V 2 9 4 1
H 2 0 1 16
H 2 1 1 10
V 2 0 2 3
V 2 8 2 1
V 1 1 6 2
V 2 6 8 6
H 2 0 1 16
H 1 0 2 4
V 0 1 6 2
H 14 11 5 6
H 14 13 1 2
H 16 13 1 2
V 2 14 18 1
H 2 13 1 2
H 7 13 1 2
V 2 14 14 1
H 2 0 1 16
V 0 4 4 3
H 0 1 1 12
V 11 3 6 2
H 11 9 1 2
V 12 7 2 2
H 11 0 2 20
V 2 14 18 1
H 2 0 1 16
V 0 3 2 1
V 0 9 2 1
V 1 3 2 4
V 0 5 2 1
H 1 0 1 14
H 3 0 1 2
V 1 1 4 2
H 6 8 1 2
H 2 3 6 12
H 5 4 1 2
H 19 4 1 2
V 0 3 6 2
V 2 1 2 1
H 1 0 2 6
V 2 3 2 5
V 2 6 2 1
H 2 0 1 12
V 0 1 4 2
V 2 5 8 6
V 2 3 2 13
H 2 1 1 12
V 0 2 6 1
V 11 7 2 13
H 11 1 2 14
H 10 14 1 2
V 2 14 18 1
H 2 0 1 16
V 1 1 2 6
V 0 11 2 1
H 1 1 1 12
V 12 1 2 1
V 11 0 2 11
H 11 5 9 10
H 3 13 1 2
V 2 14 18 1
V 2 13 2 1
H 2 0 1 16
V 2 1 2 1
H 2 0 1 12
V 2 0 2 1
V 2 7 2 1
H 13 18 1 2
H 15 18 1 2
V 14 19 4 1
V 15 17 2 1
H 16 10 2 10
H 2 13 1 2
H 4 14 1 2
V 2 14 18 1
H 10 15 2 2
V 2 14 10 2
H 2 0 1 16
V 0 6 4 1
H 0 2 2 10
V 7 16 2 4
V 8 2 2 1
H 8 0 1 20
V 2 7 8 8
V 2 8 4 6
V 2 13 2 1
H 2 2 1 14
V 0 2 4 1
H 4 13 1 2
V 2 14 18 1
V 2 14 12 1
V 2 5 2 1
H 2 0 1 16
V 1 1 2 6
H 1 1 1 10
H 13 9 1 2
H 0 17 2 2
V 1 18 2 1
V 0 18 12 1
H 2 17 1 2
V 8 7 2 1
H 8 0 1 20
V 2 7 8 5
V 2 7 4 8
H 2 1 1 12
V 1 2 4 1
H 11 5 1 2
H 16 5 1 2
H 16 7 1 2
H 17 3 1 2
H 11 2 9 4
V 14 7 4 1
V 16 3 2 1
H 17 0 3 20
V 2 14 18 1
V 7 16 2 1
H 8 4 3 16
H 3 6 1 2
H 9 6 1 2
V 1 6 10 1
V 1 6 8 1
V 0 9 2 1
V 1 4 2 1
H 1 2 1 10
H 18 0 2 20
H 13 14 1 2
V 11 12 6 3
H 14 14 1 2
H 11 11 5 4
H 12 13 1 2
V 2 14 18 1
V 2 8 2 1
H 2 1 1 14
H 2 1 1 12
V 11 0 8 3
H 11 0 1 8
V 10 19 2 1
H 11 0 2 20
V 2 14 18 1
H 2 2 1 14
V 2 3 2 1
H 2 3 1 8
V 0 3 4 3
V 1 6 2 1
H 0 5 2 4
V 3 12 2 1
V 2 5 2 9
V 3 10 2 1
H 2 2 1 6
H 1 4 1 2
V 16 12 2 1
V 16 15 2 1
H 17 9 2 6
H 10 13 1 2
V 2 14 18 1
V 10 17 2 1
H 8 2 3 18
V 0 5 10 1
V 5 6 2 1
V 0 5 6 2
H 17 10 3 10
H 3 13 1 2
H 10 14 1 2
V 2 14 18 1
V 2 18 10 1
V 10 15 2 2
H 8 3 3 16
H 8 3 1 4
V 1 5 10 2
H 3 6 2 2
H 10 6 1 2
V 0 6 10 1
V 12 5 2 1
H 11 0 2 8
H 11 0 2 20
H 5 13 1 2
H 7 13 1 2
V 2 14 18 1
V 7 13 2 1
V 7 9 4 1
H 3 4 5 12
H 5 4 1 2
V 6 8 2 1
H 3 10 1 2
H 2 5 5 6
H 4 4 1 2
V 1 5 4 2
V 3 13 2 1
V 4 12 6 2
H 4 3 3 12
V 3 8 2 1
H 4 3 2 8
H 9 0 1 12
H 5 5 1 2
H 8 5 1 2
V 1 6 10 1
V 1 6 6 1
V 3 5 8 2
H 3 4 1 2
V 10 17 2 1
H 11 11 2 8
V 2 14 18 1
H 2 5 1 10
H 2 5 4 8
H 8 0 3 10
H 3 5 1 2
H 7 5 1 2
V 2 6 8 1
V 2 6 4 2
V 3 6 2 1
H 4 5 7 4
H 8 0 2 20
V 0 18 12 1
V 0 18 4 1
H 0 17 2 2
H 0 16 2 2
H 0 17 1 2
V 9 0 2 1
H 3 7 1 6
V 2 10 6 1
H 5 4 1 12
V 6 16 4 4
H 8 1 2 18
V 6 9 4 1
H 6 3 1 12
V 8 1 2 1
H 12 14 1 2
H 19 14 1 2
V 11 9 4 1
V 12 8 8 7
V 14 10 2 1
V 11 0 4 14
H 11 8 1 12
V 1 19 12 1
V 0 19 10 1
H 17 0 1 2
V 11 0 8 1
H 11 0 3 8
V 12 10 2 1
H 11 0 2 20
H 17 13 1 2
H 14 14 1 2
V 2 14 18 1
H 2 7 8 8
H 2 7 2 6
V 5 5 2 11
H 5 5 2 6
V 0 18 12 1
V 1 19 12 1
V 1 19 6 1
H 6 4 2 12
V 3 7 8 1
V 7 6 4 10
V 9 7 2 1
H 10 0 1 12
V 7 15 6 1
V 7 10 2 1
H 8 2 2 18
H 8 2 3 8
H 7 3 1 2
H 9 5 2 2
H 14 5 1 2
H 9 2 2 8
V 5 6 6 10
H 6 4 2 4
V 11 2 4 4
H 11 5 7 6
H 11 0 1 20
V 1 18 12 1
V 1 18 8 1
H 1 17 1 2
V 6 5 4 9
H 7 4 1 2
H 6 5 5 4
V 4 7 4 4
H 8 9 3 10
V 1 18 12 1
V 1 18 2 1
V 11 5 2 1
H 12 2 1 18
V 3 19 10 1
H 6 18 1 2
H 10 18 1 2
V 2 19 10 1
H 4 18 1 2
H 9 18 1 2
V 8 17 4 1
H 8 15 1 2
V 5 16 8 3
H 8 4 2 16
V 7 5 2 1
H 8 3 3 10
H 19 12 1 8
H 2 14 1 2
V 2 14 18 1
H 15 13 1 2
H 17 14 1 6
V 2 14 16 1
H 2 9 9 6
H 2 9 1 4
V 6 5 2 1
V 2 11 4 4
V 3 10 2 1
H 4 8 2 8
V 9 3 2 1
V 11 16 2 1
V 2 14 18 1
H 8 10 3 10
V 3 19 10 1
H 12 4 1 12
V 2 14 14 1
H 5 8 3 8
H 5 13 1 2
V 2 10 6 4
V 11 4 4 11
H 11 2 2 18
V 10 14 2 6
H 10 2 1 18
H 10 2 1 6
H 4 17 1 2
H 4 16 3 4
V 3 18 2 1
V 2 16 6 2
V 4 16 6 4
H 4 18 1 2
H 4 10 3 6
V 3 14 2 1
V 2 11 4 1
V 9 8 2 12
H 10 3 1 10
H 5 11 1 2
H 9 11 2 2
V 4 10 6 2
V 9 16 2 1
H 9 4 1 14
H 13 13 7 4
H 7 13 1 2
H 3 14 1 2
H 8 14 1 2
V 2 14 14 1
V 7 13 2 1
H 8 5 3 14
H 8 5 3 4
H 7 6 1 2
V 14 17 4 3
H 16 10 3 10
H 3 13 1 2
V 3 14 16 1
V 7 15 2 1
H 8 6 1 14
V 6 7 4 3
H 7 7 4 2
V 6 8 2 1
V 3 17 10 1
H 6 17 1 2
V 7 10 2 6
H 9 5 1 2
H 8 6 3 12
V 6 18 2 1
V 7 7 2 1
V 7 16 2 3
H 8 8 3 12
H 5 9 1 2
V 4 10 6 2
V 4 10 2 1
V 7 16 6 4
H 9 6 1 14
V 10 15 2 1
H 9 5 2 14
H 17 5 3 10
V 2 14 18 1
H 8 7 3 10
H 9 8 2 2
V 5 9 6 2
V 11 1 2 9
H 11 2 2 16
V 2 14 18 1
H 2 12 2 4
H 18 11 1 4
V 13 18 6 1
V 18 6 2 1
V 18 11 2 1
H 16 11 3 8
V 4 14 16 1
H 8 11 1 8
H 7 18 1 2
H 13 18 1 2
V 4 17 8 2
H 5 10 1 2
V 4 11 6 1
V 5 17 6 2
H 3 13 1 2
V 5 13 2 1
V 5 15 2 1
V 2 14 8 2
H 2 14 1 2
H 4 16 1 2
H 17 16 1 2
V 6 11 2 1
V 6 19 2 1
H 8 8 2 4
V 4 16 4 1
H 6 16 7 2
H 6 17 1 2
V 5 17 8 1
H 19 0 1 8
H 19 0 1 20
H 4 13 2 2
V 4 14 16 1
V 3 14 14 1
H 8 15 1 2
H 4 12 7 4
V 4 13 2 1
V 3 14 8 1
H 10 15 1 2
H 8 16 3 4
V 5 16 6 1
H 8 12 3 6
V 6 17 6 1
V 8 9 2 1
V 13 8 2 1
V 13 15 2 1
V 14 10 6 7
H 9 14 1 2
H 15 14 5 2
V 5 14 14 1
H 9 8 1 12
H 14 8 6 8
V 6 14 14 1
H 7 10 1 6
H 7 10 1 2
H 19 1 1 18
H 5 13 1 2
V 4 14 16 1
H 14 14 1 2
V 4 14 12 1
H 5 12 6 4
V 15 4 4 8
H 16 0 1 20
V 4 14 16 1
H 8 10 1 10
H 16 10 1 10
H 11 11 1 6
V 9 14 4 6
V 7 14 2 1
V 7 17 2 1
V 7 15 4 1
V 8 10 2 1
H 8 10 1 8
V 6 16 4 1
V 5 14 12 1
H 10 8 1 12
V 10 14 2 1
V 13 17 6 2
V 15 15 2 1
H 16 12 2 8
H 10 14 1 2
V 5 14 14 1
V 5 14 8 1
H 5 14 1 2
H 10 12 1 2
V 9 13 2 6
H 10 16 2 4
H 9 11 1 2
H 16 11 1 2
H 11 18 1 2
H 17 10 1 4
V 11 12 8 3
H 11 14 1 2
H 11 11 2 4
V 5 14 12 1
H 11 0 2 18
H 6 14 1 2
H 7 13 1 2
V 6 14 12 1
H 6 13 1 2
V 11 2 6 1
H 11 0 9 12
H 11 0 1 20
V 9 15 4 4
V 10 18 2 1
H 10 10 1 8
H 9 12 2 6
V 8 12 2 1
H 14 14 3 2
V 8 14 12 1
V 7 15 2 1
H 8 13 3 4
H 12 11 8 4
V 7 14 10 1
H 7 14 1 2
V 11 8 2 11
V 12 7 2 1
H 11 4 2 14
V 9 14 4 4
V 10 16 2 1
V 9 12 2 5
H 10 11 1 2
V 12 5 2 1
V 11 4 2 15
H 12 16 1 4
H 13 3 1 2
H 11 1 4 6
H 14 3 1 2
H 11 0 2 18
H 9 13 2 2
H 16 13 1 2
V 7 14 8 1
V 11 7 2 1
V 12 6 8 5
H 15 0 1 16
H 12 14 1 2
V 14 3 2 1
V 9 14 10 1
H 10 12 1 6
H 11 17 1 2
H 10 12 1 2
H 12 16 1 2
H 11 11 2 6
V 10 15 2 1
H 10 13 1 2
V 9 14 4 1
H 10 13 1 2
H 11 13 9 2
V 9 14 10 1
V 14 8 4 1
V 12 8 8 3
V 11 8 8 1
V 10 14 2 1
H 11 1 1 16
V 11 5 2 11
V 16 4 4 5
V 16 13 4 4
H 16 14 4 6
V 15 19 2 1
V 13 17 2 2
V 14 17 4 2
H 13 18 1 2
H 13 17 3 2
H 12 5 1 12
H 16 16 4 4
V 14 15 6 2
V 14 17 6 1
H 14 13 2 4
V 11 14 8 1
H 16 2 2 8
V 12 14 8 1
H 16 0 1 20
H 16 16 2 2
V 15 17 4 1
H 16 17 1 2
V 13 4 2 11
H 13 10 4 6
V 13 13 2 2
H 14 11 3 6
H 11 7 1 6
V 11 9 8 1
V 13 13 6 1
H 14 8 1 2
V 16 7 2 1
H 17 0 1 20
V 15 16 2 1
V 17 18 2 1
V 18 19 2 1
V 13 13 4 2
H 16 12 2 6
H 13 6 1 2
V 11 7 6 3
H 15 3 1 2
H 12 4 8 10
V 14 11 6 1
H 14 8 1 8
V 11 9 2 1
V 12 0 2 13
H 13 2 2 10
H 13 1 1 14
H 14 2 1 2
H 19 16 1 4
H 13 4 1 10
V 14 11 6 2
H 16 9 4 8
V 12 10 8 3
V 12 5 2 1
V 11 0 2 12
H 11 10 1 2
H 16 7 1 2
H 11 2 7 6
V 15 6 2 1
H 15 0 1 16
V 18 8 2 10
H 19 14 1 2
H 19 15 1 4
H 18 8 1 2
V 16 9 4 7
V 16 4 2 1
V 16 15 2 1
H 15 5 4 10
V 13 0 4 13
V 11 10 4 1
H 12 10 1 2
H 11 1 1 2
V 11 2 4 2
V 11 3 2 1
H 11 2 1 6
V 11 4 2 1
H 11 1 1 10
V 14 10 6 3
H 14 12 1 2
V 17 16 2 1
H 18 16 2 2
V 13 3 2 9
H 13 10 1 2
V 18 11 2 6
H 18 13 2 4
V 11 9 8 1
H 12 9 1 2
V 14 0 2 12
V 15 9 2 1
H 15 2 1 12
H 14 7 6 6
V 11 9 6 1
H 19 8 1 10
V 17 0 2 15
V 16 5 2 1
H 17 0 3 14
H 17 0 2 16
H 18 14 1 2
V 11 0 2 4
V 11 5 2 3
H 11 7 1 2
V 12 7 4 3
H 17 13 2 2
V 16 12 4 2
V 13 3 2 6
H 14 4 2 8
H 15 11 1 2
V 11 7 2 1
H 15 10 1 2
V 13 4 2 1
V 14 1 2 10
H 15 10 1 2
V 14 9 6 1
V 13 5 4 5
H 14 9 1 2
H 15 4 1 2
H 17 6 3 2
H 19 0 1 16
H 16 0 4 12
H 17 12 3 2
H 16 1 2 12
H 11 5 1 2
V 15 10 2 1
V 17 2 2 10
H 17 11 1 2
V 14 7 6 3
H 16 8 2 4
H 12 2 1 2
V 11 2 2 1
H 12 0 2 8
V 16 10 2 1
V 14 4 2 1
V 11 2 4 4
H 11 4 1 2
H 12 5 1 2
V 12 5 4 1
H 17 4 1 6
H 15 2 3 8
V 18 5 2 1
V 15 3 4 4
V 17 9 2 1
H 18 1 1 12
V 13 0 2 5
H 14 2 2 6
V 16 6 2 4
H 17 3 3 8
V 18 2 2 1
V 11 2 8 1
H 12 0 1 6
H 19 10 1 2
V 18 10 2 1
H 19 6 1 6
H 12 1 1 4
H 12 3 8 2
V 16 3 2 1
V 15 2 4 1
H 17 0 1 10
H 19 0 1 10
H 14 2 1 2
H 14 0 5 6
H 15 0 3 8
H 15 2 1 4
H 14 3 1 2
H 17 3 1 2
V 12 4 8 1
V 12 2 6 3
V 18 8 2 2
H 19 7 1 4
H 16 5 1 2
V 15 5 2 1
H 16 4 4 4
H 15 0 1 2
H 17 0 1 2
H 14 1 6 4
V 11 0 6 3
V 14 3 2 1
V 13 1 2 3
H 14 3 1 2
V 17 1 2 1
V 17 3 2 4
H 18 3 2 6
H 15 1 1 4
V 12 2 6 1
H 15 3 1 2
V 12 1 4 1
H 14 0 1 4
V 16 3 4 2
V 16 1 2 3
V 17 3 2 1
H 16 2 3 4
H 15 0 1 2
V 11 0 6 1
H 16 1 4 2
V 12 1 8 1
V 18 3 2 1
V 18 5 2 1
H 19 2 1 4
H 19 1 1 8
H 13 0 1 2
H 16 3 1 2
V 14 1 6 2
H 17 0 1 6
V 14 1 2 1
H 19 5 1 2
H 15 0 1 2
H 18 0 1 2
H 15 1 1 2
V 13 0 6 1
V 16 0 4 4
V 14 0 4 1
V 15 0 2 1
V 17 1 2 3
H 17 3 1 2
V 16 3 2 1
V 17 0 2 4
H 17 0 1 2
H 17 1 3 2
V 18 0 2 3
V 16 0 2 1
H 17 0 2 2
V 16 0 4 1
V 17 0 2 1
V 18 0 2 2
