H 14 16 1 2
V 10 1 2 5
H 11 0 1 16
H 9 0 1 20
H 11 0 1 20
V 11 19 8 1
V 12 19 8 1
H 13 0 7 20
H 19 0 1 18
V 14 1 6 14
H 12 1 1 2
H 19 1 1 2
V 8 11 4 2
H 11 4 1 16
V 11 19 6 1
H 11 18 1 2
V 11 19 8 1
H 16 9 1 2
H 16 0 3 20
H 18 0 1 18
V 17 16 2 1
V 12 11 6 8
H 17 0 1 20
V 13 4 6 1
H 13 5 1 2
H 13 0 5 6
V 10 13 2 1
V 11 19 2 1
H 11 8 1 12
V 11 19 6 1
V 11 19 8 1
H 18 2 1 18
H 18 1 1 18
H 11 1 1 10
H 11 0 1 20
V 11 19 8 1
V 12 19 8 1
V 17 7 2 1
H 18 2 2 18
H 19 2 1 16
V 18 11 2 1
V 16 1 2 14
H 14 0 3 4
H 12 0 4 4
V 12 2 6 6
V 13 2 6 3
V 0 11 2 1
V 1 7 8 13
H 0 7 8 6
H 7 10 1 2
V 0 11 12 1
H 11 4 1 16
H 15 18 1 2
V 11 19 8 1
V 12 19 8 1
H 19 11 1 2
H 18 4 2 16
H 18 3 2 16
H 3 12 1 2
H 17 12 1 2
V 15 3 4 10
V 12 2 2 1
V 12 10 2 1
H 13 3 6 8
V 12 3 6 3
V 12 4 8 2
V 12 18 8 2
H 19 4 1 2
V 16 12 2 1
H 16 1 1 18
H 16 1 1 16
H 4 7 5 12
V 6 11 6 2
H 11 4 1 16
V 11 19 8 1
H 13 0 3 20
H 14 0 2 18
H 18 8 1 2
H 18 5 2 8
V 14 3 4 4
V 15 4 2 1
H 15 1 1 8
H 9 3 3 8
V 10 8 2 1
V 10 14 2 1
H 11 0 1 20
V 11 19 4 1
V 11 19 8 1
H 17 4 1 16
H 17 3 1 16
H 6 6 1 14
H 7 12 1 2
V 2 11 10 2
H 11 6 1 14
V 11 19 2 1
V 11 19 8 1
H 16 2 1 18
V 15 19 2 1
H 16 2 1 16
V 9 10 2 1
H 9 0 1 18
V 8 11 4 4
H 11 4 1 16
V 11 19 6 1
H 14 0 1 20
V 13 10 2 1
H 14 0 1 18
H 0 10 2 2
V 0 11 10 4
V 0 11 12 3
H 11 4 1 16
H 13 18 1 2
V 11 19 6 1
H 11 18 1 2
V 11 19 8 1
V 15 11 4 1
H 16 4 3 16
V 18 10 2 1
V 18 12 2 1
H 17 4 2 14
V 14 11 2 2
V 12 11 8 1
H 18 6 2 10
V 3 0 2 3
V 3 19 2 1
V 4 11 2 9
V 0 12 12 2
H 11 8 1 12
V 11 19 6 1
H 11 18 1 2
V 11 19 8 1
H 13 5 1 2
H 13 6 6 14
H 12 5 7 14
H 4 7 4 6
V 4 11 8 3
H 11 4 1 16
V 11 19 4 1
V 15 18 2 1
V 12 17 8 3
H 17 4 1 16
H 16 4 2 14
V 7 10 2 1
V 0 8 8 10
H 3 16 1 4
H 2 9 1 2
H 2 10 4 8
V 0 11 12 1
H 11 4 1 16
V 11 19 4 1
V 13 9 2 1
H 12 0 2 20
H 12 8 1 2
H 12 0 2 18
V 1 1 8 2
V 8 17 2 1
H 8 0 1 20
V 6 11 6 1
H 11 4 1 16
V 11 19 8 1
V 15 12 2 1
H 13 2 3 18
H 13 2 3 16
V 0 2 8 3
V 1 2 8 3
H 8 2 1 18
H 10 10 1 2
V 6 11 6 1
H 11 4 1 16
V 11 19 2 1
V 12 19 8 1
H 15 4 2 16
H 15 3 2 16
V 15 4 2 4
V 15 14 2 1
H 15 4 2 6
H 5 6 2 14
H 8 10 1 2
H 11 12 1 6
H 5 12 1 2
V 2 11 10 2
H 11 6 1 14
V 11 19 4 1
V 14 19 2 1
V 18 19 2 1
V 11 19 8 1
V 17 12 2 1
H 16 6 2 14
V 17 8 2 1
H 15 4 1 2
H 15 5 3 14
H 3 6 1 2
H 6 6 1 2
V 2 6 6 1
H 5 6 3 10
V 0 11 12 1
H 11 4 1 16
V 11 19 4 1
H 12 2 2 18
H 12 1 2 18
V 5 0 4 5
V 7 7 2 1
H 8 0 1 18
H 10 11 1 2
V 6 11 6 1
H 11 4 1 16
V 11 19 8 1
V 12 18 2 1
H 13 4 3 16
H 15 18 1 2
V 15 8 2 2
V 13 12 2 1
H 14 3 2 16
V 16 6 2 14
H 17 6 1 2
H 15 4 1 2
V 9 15 2 1
H 5 11 5 8
H 6 18 1 2
V 6 11 6 1
H 9 4 1 16
H 11 4 1 16
V 11 19 2 1
V 12 19 8 1
H 15 6 2 14
H 15 5 2 14
H 12 1 1 8
V 8 11 4 4
H 11 4 1 16
V 14 19 2 1
V 11 19 4 1
V 13 4 2 1
V 13 17 2 1
H 12 2 2 18
V 13 16 2 1
H 12 2 2 16
H 9 6 1 12
V 8 11 4 4
V 10 4 2 1
H 11 4 1 16
V 11 19 6 1
V 12 18 8 2
H 17 11 1 4
H 17 8 2 12
H 18 7 1 12
H 9 3 1 16
V 8 11 4 4
H 11 4 1 16
V 11 19 8 1
V 12 19 8 1
H 19 8 1 12
H 19 8 1 10
H 17 9 1 2
V 14 9 6 1
V 12 5 4 2
H 12 2 1 6
V 15 7 2 6
H 13 5 3 12
V 9 12 2 1
H 10 0 1 20
V 10 8 2 4
H 11 0 1 20
V 11 19 4 1
H 12 4 2 16
H 12 3 2 16
V 4 12 8 1
H 11 6 1 14
H 15 18 1 2
V 11 19 6 1
H 14 4 1 16
V 14 13 2 1
H 14 4 1 14
V 6 18 2 1
H 7 5 2 14
V 6 11 6 3
H 11 4 1 16
V 11 19 4 1
V 12 18 8 2
H 12 8 6 12
H 16 6 1 12
H 15 7 3 12
V 4 11 2 9
H 5 8 4 8
V 0 11 12 2
H 11 4 1 16
V 11 19 2 1
H 13 15 1 4
V 12 17 8 3
H 16 6 1 14
H 16 6 1 12
V 12 6 4 14
H 15 6 1 6
V 13 9 6 1
H 8 4 1 8
V 6 11 6 4
H 11 4 1 16
H 15 18 1 2
V 11 19 8 1
H 13 6 3 14
H 13 6 3 12
V 0 15 10 1
H 5 10 4 8
V 0 11 12 1
H 11 4 1 16
V 11 19 8 1
V 12 19 8 1
V 18 15 2 1
H 19 10 1 10
H 19 10 1 8
V 1 18 8 1
V 0 15 10 4
H 5 5 1 14
V 0 11 12 1
H 11 4 1 16
V 11 19 4 1
H 13 4 1 16
H 13 4 1 14
V 12 11 8 1
H 15 7 1 8
V 17 10 2 1
H 9 4 3 6
H 11 0 1 20
V 11 19 6 1
H 14 6 1 14
H 14 6 1 12
V 2 7 4 13
V 3 8 2 1
H 4 8 2 12
V 3 18 2 2
V 0 11 12 1
H 11 4 1 16
V 11 19 4 1
V 11 19 8 1
V 13 15 2 1
V 13 13 4 1
H 14 10 4 10
H 15 9 3 10
V 0 14 12 1
H 11 10 1 10
V 11 19 2 1
H 12 4 1 16
H 12 4 1 14
H 4 17 1 2
V 4 14 2 4
H 3 11 1 2
H 3 7 3 10
V 0 11 12 1
H 11 4 1 16
V 11 19 2 1
H 11 18 1 2
V 11 19 8 1
H 15 8 2 12
V 14 13 2 1
H 15 8 2 10
V 3 5 4 1
H 5 5 2 12
V 0 11 12 1
H 11 4 1 16
V 11 19 8 1
V 12 19 8 1
H 15 12 5 8
H 18 11 2 8
V 5 0 4 5
V 7 0 2 1
H 8 0 1 20
V 6 11 6 4
H 11 4 1 16
V 11 19 4 1
H 11 6 1 14
H 13 6 1 14
V 13 13 2 1
H 13 5 1 14
V 15 15 2 1
V 14 8 2 12
H 14 11 5 2
V 12 12 8 4
V 11 19 8 1
H 11 8 1 12
H 15 8 1 12
H 14 8 2 10
V 15 12 2 1
V 11 19 6 1
V 11 19 8 1
H 17 12 2 8
H 18 11 1 8
V 4 11 8 2
H 11 4 1 16
V 11 19 4 1
V 11 19 8 1
H 14 10 4 10
H 14 10 4 8
V 6 9 2 1
H 7 6 2 8
V 4 11 8 1
H 11 4 1 16
V 11 19 6 1
V 14 13 6 1
H 14 8 1 12
H 14 7 1 12
V 2 8 4 7
V 0 11 12 1
H 11 4 1 16
V 11 19 2 1
V 11 19 8 1
H 16 10 1 10
V 16 11 2 1
H 16 9 1 10
H 0 7 1 8
V 0 11 10 1
H 4 10 1 2
H 7 11 1 2
V 0 11 12 1
H 11 4 1 16
V 11 19 2 1
H 12 6 1 14
H 12 5 1 14
H 15 9 1 2
H 14 8 1 6
V 14 12 2 1
V 12 11 6 9
H 12 6 1 10
V 1 10 6 3
H 3 10 1 2
V 1 10 8 1
V 7 13 2 1
V 7 17 2 1
H 8 0 1 20
V 1 0 8 3
V 0 0 8 3
H 11 6 1 2
H 11 3 1 8
H 11 0 1 20
V 11 19 6 1
V 13 10 2 1
H 14 8 1 12
H 14 8 1 10
H 6 3 1 2
V 3 4 6 1
H 8 3 1 14
V 6 11 6 1
H 11 4 1 16
V 11 19 4 1
H 12 8 2 12
H 12 7 2 12
H 0 8 5 6
V 0 11 10 2
V 0 11 12 1
H 11 4 1 16
V 11 19 2 1
H 12 8 1 12
H 15 10 1 8
V 12 13 6 7
V 12 13 8 1
H 6 1 1 2
V 1 2 8 3
V 8 15 2 1
H 8 0 1 16
V 6 11 6 1
H 11 4 1 16
V 11 19 2 1
V 11 19 8 1
H 16 10 1 10
H 16 10 1 8
V 3 3 2 1
V 1 2 6 3
V 1 2 8 3
V 7 10 2 1
H 8 1 1 18
V 6 11 6 1
H 11 4 1 16
V 11 19 6 1
V 11 19 8 1
V 18 14 2 1
H 17 15 1 2
H 17 12 2 8
H 17 12 2 6
V 1 0 4 1
V 12 12 2 8
H 12 7 1 10
V 8 11 4 3
H 11 6 1 14
V 11 19 6 1
H 14 10 1 10
V 14 15 2 1
H 13 9 2 10
V 0 16 10 1
H 5 7 3 10
V 0 11 12 3
H 11 4 1 16
V 11 19 2 1
V 11 19 8 1
H 12 12 5 8
H 12 11 5 8
V 3 0 6 3
V 7 9 2 1
H 8 0 1 20
V 6 11 6 1
H 11 4 1 16
V 11 19 8 1
H 13 10 3 10
H 14 10 2 8
V 15 12 2 8
H 15 11 1 2
V 1 1 2 1
V 2 0 2 5
H 1 1 8 4
H 2 0 1 2
H 0 16 1 2
H 0 9 9 8
V 6 11 6 3
H 11 4 1 16
V 11 19 2 1
H 12 10 3 10
V 12 13 6 7
V 13 14 6 3
H 11 12 1 8
V 11 19 4 1
H 12 10 3 10
H 12 9 2 10
H 8 7 1 10
V 6 11 6 2
H 11 4 1 16
V 11 19 6 1
H 14 10 1 10
H 12 10 3 8
V 1 10 8 2
H 9 10 1 2
V 0 11 12 1
H 11 4 1 16
V 11 19 8 1
H 12 12 4 8
V 12 15 8 1
V 6 4 2 1
V 7 2 2 3
H 8 2 1 18
V 6 11 6 1
H 11 4 1 16
V 11 19 4 1
V 11 19 8 1
H 17 14 1 6
H 14 13 4 6
V 0 6 6 1
V 0 7 6 2
V 1 6 8 1
H 8 1 1 6
V 1 2 8 3
V 0 3 8 1
V 10 12 2 2
H 11 6 1 14
V 11 19 6 1
H 14 12 1 8
V 13 18 2 1
H 14 11 1 8
H 9 8 2 10
V 8 11 4 4
H 11 4 1 16
V 11 19 2 1
H 12 10 1 10
H 12 9 1 10
V 6 11 6 2
H 11 6 1 14
V 11 19 8 1
H 15 14 1 6
H 19 16 1 4
V 12 16 8 1
H 10 0 2 10
H 11 0 1 20
V 11 19 2 1
H 12 10 1 10
H 15 14 1 2
V 12 13 4 2
V 12 14 6 6
V 13 14 2 1
H 14 14 1 6
V 11 19 6 1
H 11 4 1 16
V 6 11 6 2
V 8 14 2 1
V 7 5 2 1
H 8 0 1 20
V 2 2 2 1
V 7 3 2 1
V 3 0 6 3
V 3 1 4 2
H 3 0 1 2
H 17 15 1 2
H 18 16 1 2
V 12 12 2 7
H 12 10 1 6
V 1 5 8 1
H 8 4 1 2
V 1 4 8 1
V 0 4 8 1
V 4 0 2 1
H 11 8 1 12
V 11 19 2 1
V 11 19 8 1
H 16 14 1 6
H 16 14 1 4
V 0 14 12 1
H 11 10 1 10
V 11 19 8 1
H 12 16 6 4
V 12 17 8 1
V 5 18 2 1
H 6 7 3 12
V 2 11 10 1
H 11 4 1 16
V 11 19 6 1
H 14 12 1 8
H 14 12 1 6
H 3 1 1 2
V 5 0 4 5
V 7 10 2 1
H 8 4 1 14
V 6 11 6 1
H 11 4 1 16
V 11 19 8 1
H 14 14 2 6
H 14 13 2 6
H 14 17 1 2
H 17 17 1 2
V 13 17 6 1
H 15 16 3 4
H 11 18 1 2
V 11 19 8 1
H 11 0 1 10
H 11 4 1 16
H 6 10 1 2
V 6 11 6 1
H 8 3 1 16
H 6 2 1 2
V 1 3 8 2
V 1 3 6 2
H 2 3 1 2
V 6 14 6 1
H 11 10 1 10
V 11 19 6 1
H 13 14 2 6
H 13 13 2 6
H 6 10 1 2
V 6 11 6 1
H 11 4 1 16
V 11 19 6 1
H 13 14 2 6
V 12 16 6 4
V 2 14 6 2
H 4 9 5 8
H 9 10 1 4
V 0 11 12 1
H 11 4 1 16
V 11 19 4 1
H 13 12 1 8
H 13 12 1 6
H 12 18 7 2
V 18 19 2 1
H 6 0 1 4
V 4 2 4 3
V 1 7 8 5
H 8 0 1 14
V 7 0 2 5
V 7 7 2 1
V 6 0 2 1
H 4 8 5 8
V 6 11 6 1
H 11 4 1 16
V 15 19 4 1
V 11 19 6 1
H 12 16 4 4
V 12 17 6 3
H 4 5 2 12
H 8 10 1 2
V 1 11 10 1
H 10 0 1 20
H 10 0 1 2
V 2 10 4 10
H 3 8 4 8
H 2 10 1 2
V 0 11 12 2
H 0 12 1 2
H 11 4 1 16
V 11 19 6 1
H 12 14 3 6
V 13 16 4 4
H 9 7 2 10
V 10 2 2 10
H 11 2 1 18
V 11 19 4 1
H 12 14 3 6
H 12 13 2 6
V 0 15 10 1
H 1 10 5 8
H 3 14 1 2
V 0 11 12 4
H 11 2 1 4
H 11 4 1 16
H 16 18 1 2
V 11 19 6 1
H 14 14 1 6
H 14 14 1 4
V 10 7 2 3
V 9 4 2 8
H 9 0 1 18
H 10 1 1 2
H 4 3 1 2
V 4 13 2 6
V 5 12 2 1
V 5 18 2 1
H 2 7 4 10
V 0 11 12 1
H 11 4 1 16
V 14 19 2 1
V 11 19 4 1
H 12 16 1 2
H 4 14 1 6
H 12 14 2 6
V 12 16 4 4
H 11 3 1 16
H 8 0 1 18
V 6 11 6 2
H 11 4 1 16
V 11 19 6 1
H 12 16 3 4
H 12 15 3 4
V 6 11 6 4
H 11 10 1 10
V 11 19 4 1
H 12 14 2 6
H 12 14 2 4
V 7 1 2 2
V 6 2 2 1
V 10 4 2 9
H 11 3 1 2
H 10 12 1 2
V 3 6 6 6
H 8 1 1 8
H 7 2 1 2
V 5 3 4 2
V 5 6 4 5
H 5 3 1 2
V 4 4 4 1
H 11 18 1 2
V 11 19 6 1
V 12 19 6 1
V 7 7 2 1
H 8 0 1 18
V 10 9 2 1
H 10 2 1 18
H 10 2 1 6
V 8 12 2 1
H 9 5 3 8
H 9 4 2 16
H 11 4 1 16
V 11 19 4 1
H 11 16 1 4
H 12 16 3 4
H 12 15 2 4
V 11 19 2 1
H 12 14 1 4
H 12 14 1 6
H 12 14 1 4
V 7 3 2 1
V 7 12 2 1
V 8 11 4 4
H 11 4 1 16
V 11 19 4 1
H 12 16 3 4
V 12 17 4 3
H 4 8 4 6
H 4 10 1 2
V 0 11 12 1
V 10 5 2 1
H 11 4 1 16
V 11 19 6 1
H 13 16 2 4
H 14 16 1 2
V 10 4 2 11
H 11 8 1 12
V 11 19 2 1
H 12 16 2 4
H 12 15 1 4
H 7 10 2 10
V 6 18 2 1
V 6 11 6 2
H 11 6 1 14
V 11 19 4 1
H 13 16 1 4
V 13 17 2 1
H 6 10 1 10
H 2 17 1 2
V 2 15 6 3
H 3 8 1 4
H 4 14 1 6
H 1 11 8 6
H 8 12 1 2
V 0 12 12 1
H 11 6 1 14
V 11 19 2 1
H 11 18 1 2
V 11 19 6 1
H 14 18 2 2
V 8 13 2 1
V 7 12 2 1
H 8 3 1 16
V 6 12 6 3
H 11 6 1 14
V 11 19 4 1
H 11 18 1 2
V 11 19 6 1
H 8 2 1 2
V 1 6 8 1
H 8 3 1 4
V 7 3 2 2
V 6 4 2 1
H 8 4 1 2
H 10 4 1 16
H 9 4 2 8
H 2 8 7 4
V 6 11 6 2
V 9 5 2 1
H 9 3 1 16
V 7 4 2 1
V 7 9 2 1
H 8 4 1 10
V 6 11 6 2
H 11 6 1 14
H 13 18 1 2
V 11 19 4 1
V 12 19 4 1
V 5 18 4 1
V 7 17 4 3
V 8 11 2 1
H 8 4 1 16
H 8 3 1 16
H 6 8 1 12
V 2 12 10 3
H 11 8 1 12
V 11 19 2 1
H 12 18 2 2
V 7 5 2 14
V 6 16 2 1
H 8 4 1 16
H 9 11 1 6
V 6 11 6 4
H 11 8 1 12
V 11 19 2 1
V 9 6 2 1
V 9 12 2 8
H 9 5 1 14
H 4 12 1 2
V 0 13 12 1
H 11 8 1 12
H 12 17 1 2
V 12 18 2 2
V 11 19 2 1
H 12 18 2 2
H 8 7 1 2
V 0 5 4 1
V 9 14 2 1
V 10 10 2 5
H 9 8 3 4
V 8 14 2 1
V 9 7 2 9
H 9 6 1 4
H 7 5 2 10
V 6 13 2 1
V 0 11 12 1
H 8 11 1 2
H 9 7 2 8
H 7 6 1 2
H 4 5 4 2
V 1 6 8 1
V 9 8 2 1
H 8 17 1 2
H 0 8 1 2
H 9 8 1 2
V 9 9 2 1
V 3 8 2 12
H 4 5 1 10
H 7 12 1 6
V 2 5 4 1
V 0 13 12 1
V 5 11 6 3
H 7 6 1 12
V 3 11 6 1
V 3 8 2 1
V 2 7 2 5
H 3 6 2 8
V 0 11 12 1
H 9 8 1 6
V 1 6 6 1
V 5 10 4 3
H 7 8 2 6
H 5 6 1 2
V 1 7 6 3
H 3 6 3 2
V 0 6 6 1
H 4 5 1 6
V 3 5 2 1
V 8 17 2 1
H 2 10 1 2
H 9 10 1 8
H 10 11 1 6
H 9 11 1 2
V 8 12 4 3
H 11 12 1 6
V 1 17 8 3
H 4 6 2 14
H 5 5 1 14
H 7 8 1 4
H 9 10 1 8
V 8 12 4 3
V 3 7 2 2
H 4 5 1 4
V 4 11 6 4
H 6 7 1 8
H 4 17 1 2
H 3 6 2 12
V 1 6 4 1
H 7 10 2 10
H 6 9 3 10
V 4 6 2 1
H 5 6 1 14
H 5 6 1 12
H 7 11 1 4
V 4 13 8 1
V 4 12 6 8
H 5 7 1 12
V 0 12 6 3
H 3 6 1 12
V 2 6 2 1
V 4 10 2 1
V 5 10 2 5
V 1 7 2 1
V 1 11 2 1
V 1 16 2 1
H 2 8 4 10
H 1 9 5 2
V 0 10 8 1
H 1 14 1 2
V 0 14 12 1
H 5 12 4 8
H 4 11 5 6
H 4 8 1 2
H 6 16 1 2
V 6 14 4 3
V 9 14 2 1
H 5 10 2 10
H 10 14 1 2
V 1 13 8 2
V 8 14 2 1
H 6 16 5 4
H 9 15 2 4
V 7 18 2 1
H 6 12 2 8
H 3 11 4 4
H 0 9 5 4
V 0 12 8 2
V 3 13 2 1
H 2 9 3 8
V 2 9 2 11
H 2 7 1 8
V 4 15 2 1
H 2 10 3 8
V 5 16 4 2
V 6 17 2 2
H 7 14 2 6
V 2 15 6 2
H 3 13 5 6
V 2 14 4 3
H 3 11 3 8
V 2 9 2 3
V 1 12 2 1
H 2 8 1 6
V 0 16 10 1
H 9 15 1 2
V 3 14 2 1
V 3 16 2 4
H 3 10 1 10
V 2 13 2 1
H 3 9 1 10
H 5 12 1 2
V 0 8 2 9
H 1 14 1 2
H 0 13 7 2
V 7 16 2 1
V 2 14 6 3
V 2 16 8 1
V 5 18 6 1
H 10 17 1 2
V 0 12 2 1
V 0 16 2 1
V 1 10 2 6
H 1 9 1 2
V 5 15 2 1
V 6 15 2 5
H 3 15 5 4
V 1 14 6 6
H 5 13 1 2
H 7 17 1 2
V 2 17 8 1
V 2 15 2 5
V 3 14 2 1
H 3 11 1 8
V 2 15 2 1
H 1 10 2 8
V 2 12 2 4
V 2 17 2 1
V 1 14 6 1
V 3 12 2 6
H 0 15 6 2
V 1 16 8 3
H 4 12 1 2
V 0 10 2 1
H 0 8 1 2
V 9 19 2 1
H 4 13 1 2
V 8 19 2 1
H 0 11 1 2
V 0 11 2 1
H 0 9 1 4
V 5 15 2 1
V 6 16 2 1
H 9 18 1 2
H 6 16 1 2
H 1 15 1 2
H 0 12 3 4
V 4 15 2 3
H 3 14 2 2
V 1 13 2 5
V 0 15 6 1
H 1 17 1 2
H 3 17 1 2
H 7 17 1 2
V 5 17 2 1
V 4 16 2 2
H 5 16 1 2
V 0 12 2 4
H 0 11 1 8
H 2 16 3 4
V 0 18 8 2
V 5 19 4 1
H 0 15 1 2
V 0 18 4 1
V 1 17 2 1
H 0 13 2 6
V 2 19 6 1
V 2 17 4 3
H 2 15 2 4
H 2 14 1 2
V 4 18 2 2
H 0 16 5 4
H 4 16 1 2
V 1 15 2 3
H 1 16 1 2
V 0 17 6 1
H 2 16 1 4
V 1 19 6 1
H 6 18 1 2
V 1 16 2 1
V 0 15 2 1
H 0 14 1 2
H 0 17 4 2
V 3 18 2 2
H 0 15 2 4
H 0 15 1 2
V 2 18 2 1
H 1 18 2 2
H 2 17 1 2
H 0 16 2 2
V 1 19 2 1
