H 6 4 1 2
H 15 18 1 2
H 8 7 1 2
V 13 14 2 1
V 8 19 12 1
V 7 1 2 1
V 7 8 2 1
H 8 0 1 20
H 8 13 1 2
H 8 2 1 12
H 8 8 1 2
V 1 3 8 6
V 0 3 8 1
H 0 3 1 16
V 0 4 2 1
H 0 4 1 16
H 0 11 1 8
H 14 1 1 2
V 9 1 10 1
H 9 1 2 12
H 9 0 2 20
V 9 18 2 1
V 8 17 4 3
V 7 6 2 1
H 8 0 1 20
V 0 5 8 1
V 1 5 8 3
H 1 3 4 8
V 0 3 8 1
H 0 3 1 14
H 0 4 1 14
V 8 17 8 3
H 8 0 1 20
H 5 8 1 2
H 7 8 1 2
V 1 6 8 3
H 4 2 1 2
H 1 3 4 10
V 0 3 8 4
H 0 3 1 12
H 0 4 1 12
H 2 6 1 2
V 1 7 8 2
V 1 6 2 2
H 4 8 1 2
H 1 3 1 10
V 0 3 2 4
H 0 3 1 10
V 0 3 2 1
H 0 3 1 12
H 9 7 1 12
V 8 17 2 1
H 8 0 1 20
V 4 7 2 1
V 1 7 8 1
V 1 7 6 9
H 1 7 6 8
V 1 9 2 1
H 1 4 1 16
H 8 0 1 20
V 1 4 8 2
V 7 4 2 1
H 0 5 1 2
V 0 4 8 2
H 0 3 1 8
V 0 4 2 1
H 0 4 1 10
H 13 14 1 2
H 12 10 3 10
H 7 16 1 2
H 17 16 1 2
H 19 17 1 2
V 8 17 12 1
H 8 0 1 20
V 1 7 8 1
V 2 6 4 2
H 1 4 6 8
H 2 4 1 16
V 0 3 6 3
H 0 4 1 6
H 0 3 1 10
V 1 3 6 2
V 1 3 2 1
V 1 15 2 1
H 2 4 1 2
H 2 3 2 16
V 2 16 2 1
H 3 4 1 16
H 4 0 1 20
V 4 19 2 1
H 4 0 2 12
V 0 0 8 3
H 16 18 1 2
V 9 10 10 9
V 11 17 2 1
V 14 12 2 1
H 12 10 3 10
V 8 17 8 3
H 8 2 1 18
V 4 7 2 1
V 1 7 8 2
V 5 17 2 1
V 3 5 2 1
H 4 0 2 20
V 2 18 4 1
H 3 17 5 2
V 1 16 2 1
V 2 12 6 6
V 2 7 4 10
V 4 15 2 1
H 5 6 1 2
H 3 11 2 8
V 1 16 2 1
H 8 2 1 16
H 4 4 1 2
V 1 3 8 2
V 0 3 8 3
H 0 3 1 8
H 0 4 1 8
H 16 16 1 2
H 10 15 7 4
V 8 17 6 2
H 8 0 1 20
V 4 7 2 1
V 4 14 2 1
V 1 7 8 2
H 4 1 2 12
V 0 1 8 1
V 8 17 12 2
V 8 17 2 3
H 8 0 1 20
V 1 5 8 4
H 1 6 5 4
H 4 0 1 20
H 14 0 1 2
V 9 1 10 1
H 9 1 1 12
V 8 17 2 1
H 9 0 1 20
V 8 17 2 3
H 8 9 1 2
H 8 0 1 20
H 5 5 1 2
V 1 6 8 2
H 4 0 1 14
H 4 1 1 6
V 1 0 6 2
V 1 6 2 10
H 1 9 1 2
H 2 12 1 2
H 1 10 7 6
H 1 11 1 2
V 1 12 6 3
H 4 0 1 16
V 0 6 8 1
H 0 3 1 8
H 6 4 1 4
V 0 5 8 2
V 4 6 2 1
H 4 3 1 8
H 4 1 1 18
H 12 18 1 2
V 8 19 12 1
H 8 16 1 2
V 8 17 2 3
H 8 0 1 20
V 7 6 2 1
H 8 0 1 14
V 1 2 8 1
H 7 2 1 12
V 0 2 8 1
V 8 17 12 1
V 8 17 8 3
H 8 0 1 20
V 3 6 6 3
H 5 7 3 4
V 5 18 2 2
V 4 1 2 1
H 5 0 1 20
V 15 6 2 1
H 14 0 2 10
V 12 3 2 1
H 13 1 7 6
V 9 1 10 1
H 9 1 1 2
H 9 1 2 12
H 10 0 1 20
V 8 17 4 1
H 8 0 1 20
V 1 7 8 1
V 3 13 2 1
H 4 0 2 14
V 2 0 4 2
V 12 1 8 8
V 13 3 2 1
H 14 0 3 10
V 9 1 10 2
H 10 0 2 10
V 10 8 2 1
V 10 15 2 1
H 10 0 1 20
V 11 18 2 1
V 8 17 4 3
H 8 0 1 18
V 1 7 8 2
H 4 0 3 18
V 3 17 2 1
H 2 12 5 4
H 5 5 1 2
V 4 8 2 1
V 3 6 4 11
V 3 2 6 1
H 4 0 1 12
V 3 7 2 1
V 4 6 2 1
V 4 11 2 1
H 4 0 1 18
V 5 18 2 1
V 9 1 10 2
H 5 0 1 2
H 12 0 1 2
V 9 1 8 2
V 12 2 2 1
H 9 0 1 10
H 9 0 1 20
V 8 17 2 2
H 8 0 1 20
H 1 6 1 2
H 7 7 1 2
V 1 7 8 1
V 4 4 2 2
V 4 11 2 1
V 3 13 2 1
H 4 1 1 14
V 1 14 6 1
H 2 9 2 6
H 5 10 1 8
V 3 1 2 1
V 6 0 2 6
V 7 2 2 1
H 6 2 2 12
H 7 0 1 20
H 9 16 3 2
V 8 17 6 2
V 7 8 2 1
H 8 0 1 18
V 1 8 8 1
H 4 1 2 16
V 8 17 12 2
H 8 0 1 20
V 1 7 8 1
H 3 13 2 2
H 4 0 1 14
H 0 4 1 2
H 13 4 1 2
V 9 10 4 2
H 9 8 1 12
V 9 18 2 1
V 8 17 2 3
H 8 9 1 2
H 8 0 1 20
V 1 7 8 2
H 4 3 1 12
V 1 4 6 1
V 1 13 6 1
V 16 10 2 1
V 9 10 8 10
H 9 6 1 14
V 8 17 2 3
H 8 9 1 2
V 7 7 2 1
H 8 0 1 20
V 1 7 8 2
V 3 8 2 1
V 1 7 6 4
H 1 3 1 8
V 12 3 8 2
H 12 4 1 2
H 12 0 2 6
V 11 1 2 1
V 11 12 2 2
V 10 0 4 3
H 9 0 2 14
H 10 0 1 20
V 8 17 4 3
H 8 0 1 20
V 1 7 8 2
H 4 6 5 2
V 0 5 8 2
H 0 5 1 4
V 10 1 10 1
V 9 1 6 2
H 9 1 2 12
H 9 0 1 20
V 8 17 2 2
H 8 0 1 20
V 5 7 4 2
H 6 6 1 4
V 6 11 2 1
V 6 18 2 1
H 6 1 1 18
V 2 3 4 1
V 4 14 2 1
V 3 13 2 2
H 3 13 1 2
V 2 13 6 1
H 4 12 4 4
V 3 7 2 6
H 4 1 4 14
V 0 5 8 1
V 4 9 4 3
H 5 7 1 10
H 7 3 1 16
H 8 5 1 10
H 3 8 1 2
V 1 5 8 4
V 5 9 2 1
H 4 3 2 12
V 1 11 6 2
H 12 2 1 2
V 9 2 10 1
H 16 1 1 2
H 10 1 1 10
H 9 9 1 2
H 9 0 2 20
H 9 18 1 2
H 8 16 1 2
V 8 17 4 2
V 8 18 2 1
H 8 0 1 20
V 3 7 6 2
H 5 0 1 14
V 15 1 2 1
V 14 0 2 1
H 15 0 1 10
H 16 2 1 2
H 15 1 4 4
V 18 2 2 1
V 18 9 2 1
V 9 1 10 1
H 10 0 1 12
V 9 1 2 1
V 9 8 2 1
H 10 0 1 20
V 8 17 4 3
H 8 0 1 20
V 0 6 2 1
V 1 5 8 3
H 4 2 2 10
V 3 2 2 1
V 1 6 8 1
H 1 5 1 6
V 6 4 2 1
H 4 2 3 8
V 1 5 2 1
V 7 0 2 1
H 6 0 2 10
H 6 0 1 16
V 4 14 4 1
H 9 12 3 6
V 8 17 2 3
H 8 0 1 20
H 4 5 1 2
V 3 6 6 3
H 5 3 2 12
V 3 11 4 3
V 12 10 2 1
H 13 10 1 10
H 11 16 1 2
V 8 17 10 1
H 8 0 1 20
V 1 7 8 1
H 3 3 2 10
V 2 10 4 3
H 8 15 1 4
V 8 17 12 1
V 8 17 10 1
H 8 2 1 18
V 6 2 2 1
V 7 2 2 7
H 7 0 1 18
V 9 1 6 2
H 12 0 1 2
H 9 1 2 10
H 9 0 1 20
V 8 17 2 1
H 8 0 1 20
H 4 6 1 2
V 1 7 8 2
V 3 8 2 1
H 4 4 4 8
V 1 10 6 2
V 9 10 10 8
H 9 17 1 2
H 9 4 2 14
V 8 17 2 3
H 8 2 1 18
V 5 5 4 4
H 6 1 1 16
H 15 2 1 2
V 12 3 8 1
V 12 5 8 4
H 14 0 6 4
H 10 0 1 2
V 9 1 10 2
H 9 0 1 12
H 9 0 1 20
V 2 4 2 1
V 9 8 2 1
H 15 0 1 8
H 10 0 1 4
H 18 0 1 2
V 9 1 10 1
H 9 1 2 12
V 10 2 2 1
H 10 0 1 20
V 8 17 4 3
V 8 18 2 1
H 8 0 1 20
V 4 7 2 1
V 5 7 4 2
V 7 6 2 1
H 6 0 2 14
H 7 13 1 4
H 2 6 3 6
V 5 5 2 1
H 8 0 1 2
H 6 1 3 8
V 1 6 6 4
H 5 2 3 12
H 5 2 1 2
H 13 2 1 2
H 14 15 1 4
V 8 17 12 1
H 8 0 1 20
H 4 7 1 2
V 1 7 8 1
V 1 6 4 1
H 3 5 3 6
V 1 9 6 2
H 3 11 1 2
H 9 6 3 2
V 10 12 4 1
H 9 0 2 20
V 8 17 2 3
H 8 0 1 20
H 6 5 1 2
V 1 6 8 2
H 1 7 1 2
V 1 6 6 2
H 1 6 1 2
V 12 1 2 1
H 13 1 3 4
V 10 1 10 2
H 9 0 2 12
V 10 11 2 1
H 9 0 2 20
V 8 17 4 3
V 7 8 2 1
H 8 0 1 18
V 1 8 8 1
V 3 11 2 1
H 4 4 1 10
V 12 5 8 1
V 16 8 4 1
H 14 1 3 8
V 18 1 2 1
V 9 1 10 2
H 9 1 2 12
H 9 0 2 20
V 8 17 2 3
H 8 0 1 20
V 1 7 8 2
V 3 10 4 1
H 4 3 1 8
V 2 7 4 3
H 2 6 1 2
H 9 18 1 2
H 9 13 4 6
V 8 17 6 1
H 8 0 1 20
H 5 7 1 2
V 1 7 8 1
H 4 4 1 6
V 8 17 12 1
V 8 17 2 3
H 8 2 1 18
V 5 8 4 1
V 6 3 2 1
H 6 3 1 12
V 8 17 2 1
H 8 0 1 20
H 8 0 1 14
V 10 0 2 10
H 9 2 2 16
V 8 17 4 1
H 8 2 1 18
H 5 8 1 2
H 6 6 1 2
V 3 7 6 2
V 4 7 2 1
H 5 3 2 10
H 10 14 3 4
V 8 17 4 1
H 8 1 1 18
V 1 7 8 2
V 1 7 6 3
H 1 8 1 2
V 8 17 2 1
H 10 18 1 2
V 9 10 10 9
H 9 6 1 12
H 8 16 1 2
V 8 17 2 3
H 8 2 1 18
V 1 8 8 1
V 3 7 2 5
H 3 6 5 6
V 10 15 10 2
H 13 16 1 2
H 9 15 6 4
V 8 17 12 1
H 8 2 1 18
V 5 8 4 1
H 6 2 1 12
H 14 0 2 2
V 9 1 8 2
H 9 0 3 10
V 8 18 2 1
H 9 0 1 20
H 18 2 1 2
V 10 1 10 2
V 9 1 6 2
H 9 0 1 10
V 9 8 2 1
H 9 0 1 20
V 8 17 2 2
H 8 2 1 18
V 3 7 6 2
H 5 4 2 10
H 8 4 1 10
V 6 11 2 1
H 7 11 1 4
V 4 8 2 1
V 1 8 8 1
H 2 7 1 2
V 1 8 6 1
V 8 18 2 1
H 8 2 1 18
H 8 1 1 10
H 12 12 1 6
V 8 17 8 3
H 8 2 1 18
V 3 7 6 2
V 2 8 6 2
H 2 8 1 2
H 5 8 1 2
H 14 17 1 2
V 8 17 12 1
H 9 16 1 2
H 13 16 1 2
V 8 17 6 1
H 8 2 1 18
V 3 8 6 1
H 5 4 1 8
V 9 16 10 1
H 10 16 4 2
V 8 17 8 2
H 8 2 1 18
V 3 8 6 1
V 3 7 4 2
H 3 7 2 4
V 10 12 10 2
H 9 10 2 8
V 8 17 4 3
H 8 2 1 18
V 3 7 6 2
H 3 8 1 2
H 8 8 1 2
V 4 5 2 6
V 4 7 2 1
H 4 5 1 6
H 5 10 3 2
H 8 2 1 8
V 4 6 2 1
H 14 16 1 2
V 8 17 10 2
H 8 3 1 2
H 8 4 1 16
H 8 4 1 8
V 5 5 4 4
V 5 5 2 1
V 5 10 2 1
H 17 1 1 2
V 4 7 2 3
H 4 8 1 2
H 7 7 1 2
V 6 8 2 2
H 6 8 2 4
H 6 6 1 2
V 10 16 10 1
H 9 16 3 2
H 17 16 1 2
V 10 7 2 3
V 10 18 2 1
V 8 17 6 2
H 8 5 1 14
H 8 5 1 10
V 7 5 2 1
V 10 18 2 1
H 10 4 1 16
H 9 16 1 2
V 8 17 4 2
H 8 6 1 14
V 7 7 2 1
H 8 7 1 4
V 3 8 4 1
H 6 7 1 2
H 5 8 2 2
H 4 7 1 2
V 5 7 4 2
V 4 8 4 1
V 5 7 2 1
V 8 19 12 1
V 8 19 8 1
H 8 6 1 14
H 8 5 1 8
V 7 7 2 2
H 7 6 1 6
H 7 9 1 2
H 15 11 1 2
V 10 12 10 2
V 9 11 4 7
H 9 0 1 20
H 9 0 3 4
V 9 1 8 1
H 16 2 1 2
V 9 1 10 2
H 14 0 5 6
H 18 0 1 10
V 11 2 2 1
H 12 0 2 10
V 13 6 2 1
V 9 1 6 2
H 9 1 2 12
V 10 4 2 1
H 9 0 2 20
V 8 17 2 3
H 8 5 1 14
H 8 8 1 2
H 8 7 1 4
V 5 8 4 1
V 5 8 2 1
V 14 15 2 1
H 11 10 1 6
V 10 12 10 5
V 9 14 8 2
V 10 3 2 1
H 9 0 2 20
H 9 1 3 6
H 10 6 1 2
V 9 1 10 1
H 15 0 1 10
H 9 0 1 2
H 13 0 1 2
V 10 1 10 1
H 15 0 5 6
H 19 1 1 8
H 14 5 1 2
V 14 0 6 6
H 14 0 6 2
V 9 1 10 1
H 9 1 1 12
H 9 0 2 20
V 8 17 2 3
H 8 6 1 14
H 8 5 1 10
V 7 8 2 1
V 14 7 2 3
H 12 8 4 2
V 13 8 6 1
V 15 1 4 6
H 12 3 8 2
H 17 0 1 10
V 8 18 4 2
V 8 17 2 1
H 8 8 1 8
H 8 6 1 14
H 8 6 1 6
V 7 7 2 2
V 6 8 2 1
H 15 0 1 2
H 19 4 1 2
H 14 1 6 4
H 14 2 1 2
V 10 1 10 2
V 10 4 2 1
H 9 1 2 12
H 10 0 1 20
V 8 17 4 3
H 8 6 1 14
H 8 6 1 8
V 10 12 10 5
V 10 10 4 9
H 10 0 1 20
H 10 2 1 8
V 18 2 2 1
H 15 2 1 2
V 9 2 10 1
H 15 0 1 10
V 12 7 8 1
H 14 7 1 2
V 16 4 4 3
V 14 8 2 2
H 15 1 3 8
V 12 4 8 1
H 17 3 2 4
V 16 1 2 1
H 17 4 1 2
V 17 0 2 5
V 17 11 2 1
H 15 0 5 4
V 16 2 2 1
V 17 0 2 1
H 17 0 1 8
V 18 5 2 1
V 9 12 8 3
V 9 17 2 1
H 9 0 1 20
V 10 1 2 1
V 10 4 2 1
H 9 0 2 6
V 9 0 4 2
V 9 1 10 1
H 16 3 1 4
H 16 0 3 6
H 16 1 1 8
V 15 5 4 1
H 12 4 5 4
H 13 7 3 2
V 12 7 4 2
V 12 1 2 1
V 12 9 2 1
V 12 17 2 3
H 14 18 1 2
V 9 19 10 1
V 10 19 2 1
H 9 0 2 20
V 9 17 6 2
H 12 17 1 2
V 8 18 12 1
H 18 0 1 4
V 14 5 2 3
H 14 5 1 4
V 13 5 2 1
H 14 2 2 6
H 16 4 1 2
V 16 1 2 1
V 15 1 4 4
H 14 2 4 4
H 15 5 1 2
V 16 4 2 1
H 16 0 1 6
V 14 2 6 2
V 9 18 2 1
V 10 13 4 6
H 17 17 1 2
V 8 17 12 1
V 10 13 10 1
H 9 13 11 2
H 14 10 1 10
V 12 19 6 1
H 8 10 1 2
V 15 0 2 1
V 15 6 2 1
V 14 1 2 6
H 15 1 1 6
V 15 4 2 1
H 12 18 4 2
V 8 17 10 2
H 16 14 1 6
V 14 14 6 3
V 15 10 2 5
H 16 10 2 8
H 16 10 1 10
H 17 0 1 2
H 16 4 1 2
H 11 14 1 2
H 9 15 10 2
H 19 10 1 6
V 16 14 4 2
V 14 17 2 1
V 15 10 2 8
H 15 14 1 6
H 17 16 1 2
V 11 2 2 1
V 10 3 2 1
V 10 5 2 1
H 11 0 1 10
V 9 2 10 1
H 15 1 2 4
V 12 2 2 1
V 11 1 2 2
V 9 1 8 1
H 14 0 1 2
H 16 0 1 2
V 10 10 10 1
V 10 14 10 1
H 11 14 3 6
V 8 17 6 3
H 8 12 1 8
H 8 12 1 2
V 13 6 2 1
V 13 19 2 1
H 13 6 1 2
H 16 2 1 2
V 12 7 2 1
V 12 18 2 1
H 15 3 1 2
V 15 3 2 1
V 14 10 2 9
H 14 14 1 6
H 12 10 3 8
H 10 17 1 2
H 15 17 1 2
H 11 16 1 2
V 8 17 8 1
H 8 13 1 6
H 8 13 1 2
H 9 10 1 10
V 9 12 10 3
V 10 13 10 2
V 9 14 10 1
H 10 0 1 20
H 10 0 2 8
V 11 0 2 1
V 10 0 4 3
H 12 0 2 6
V 11 1 2 1
H 12 0 1 8
H 18 13 1 2
V 12 10 6 6
V 17 10 2 1
H 14 11 1 8
V 9 13 2 1
V 10 13 8 2
H 8 14 1 2
H 17 14 1 2
H 12 10 5 6
V 14 13 6 1
H 12 5 1 2
H 15 1 1 2
H 18 12 1 2
V 9 15 8 1
H 9 14 1 2
V 9 15 4 2
V 10 11 2 1
V 10 19 2 1
H 10 0 1 20
H 10 1 1 6
V 9 1 6 2
H 13 0 1 6
H 10 1 2 4
H 13 2 1 2
V 9 1 6 2
H 13 0 1 4
V 12 2 4 2
V 8 19 4 1
H 8 16 1 4
H 8 15 1 4
H 13 10 2 8
V 12 11 4 6
V 11 14 2 4
H 12 14 1 6
H 13 10 1 2
H 17 10 1 2
V 9 11 10 1
V 13 15 2 1
V 9 10 2 1
H 10 10 4 8
V 11 15 6 1
V 13 17 2 1
H 9 14 5 4
V 12 13 2 1
V 9 11 8 4
V 10 13 8 2
V 17 13 2 1
V 10 0 2 9
H 9 4 2 12
H 9 13 1 2
V 9 12 8 2
H 14 10 1 8
H 9 0 3 8
V 9 0 4 3
V 9 1 6 2
H 14 2 1 2
H 11 18 1 2
H 12 1 1 4
V 12 3 2 1
H 9 1 1 2
H 9 2 3 2
V 9 2 6 1
H 12 1 1 2
V 9 16 4 3
V 8 17 4 2
H 8 16 1 2
V 10 14 6 1
H 11 13 2 6
H 11 13 1 4
V 9 13 8 2
V 12 1 2 1
V 12 14 2 1
H 14 12 1 2
H 16 12 1 2
H 13 10 2 6
V 11 11 8 2
H 10 7 2 2
H 10 0 1 20
V 8 18 4 1
V 9 2 2 18
H 9 12 1 8
V 9 18 2 1
V 9 13 4 6
V 10 2 2 3
V 10 13 2 1
V 10 2 4 1
H 11 0 1 4
V 11 1 2 2
H 11 11 7 2
V 15 10 4 2
V 9 3 2 15
H 9 7 1 12
V 13 10 2 2
H 13 10 2 2
V 10 10 10 1
H 10 0 1 2
H 10 1 1 18
V 10 18 2 1
H 12 2 1 2
V 14 14 2 1
H 10 1 1 2
H 9 2 3 2
V 11 2 2 1
V 16 10 2 2
H 16 11 1 2
H 9 6 2 12
V 10 2 2 1
V 10 17 2 1
H 9 14 2 4
H 10 8 1 10
H 13 10 1 4
V 9 12 6 1
H 13 10 1 6
V 9 10 4 4
V 10 10 6 4
V 13 10 2 1
H 14 10 1 2
V 11 10 8 1
V 9 12 4 2
H 9 1 2 16
H 9 1 2 6
V 10 7 2 1
V 9 2 2 9
H 9 5 2 12
V 9 16 4 1
V 10 16 2 1
H 9 2 1 8
H 11 2 1 8
V 11 10 4 3
H 9 10 4 6
H 11 2 1 6
V 10 3 2 1
V 10 7 2 1
V 9 10 2 5
H 10 11 1 6
V 12 11 4 1
H 9 10 5 4
H 9 10 1 6
V 11 10 2 3
V 11 14 2 1
H 10 2 1 2
H 10 3 1 2
H 10 14 1 2
V 14 10 2 1
V 13 10 2 2
H 14 10 2 2
V 15 10 2 1
H 9 11 1 2
H 9 10 3 4
V 10 10 4 3
V 9 11 2 1
H 9 4 1 10
H 9 11 2 4
H 9 9 2 2
V 9 10 4 1
V 10 10 6 1
H 9 11 1 2
H 9 10 4 2
V 11 10 4 1
H 11 11 1 2
V 10 10 2 2
V 10 10 4 2
V 9 9 2 5
H 10 4 1 10
H 9 5 1 2
H 11 5 1 2
H 9 12 2 2
V 10 13 2 1
V 9 12 4 1
H 11 11 1 2
H 10 5 1 8
H 9 8 2 2
H 10 5 1 4
V 10 7 2 2
H 10 7 1 6
V 10 7 2 1
V 10 10 2 1
V 10 10 4 1
V 9 10 2 2
H 9 10 2 2
V 9 10 4 1
H 9 7 2 4
V 9 9 2 1
H 10 8 1 4
H 10 8 2 2
H 9 7 1 2
H 10 9 1 2
V 10 9 2 1
V 9 9 2 1
