H 0 15 1 2
H 0 13 1 2
V 8 3 2 1
V 8 16 2 1
V 16 3 4 3
V 17 10 2 1
H 18 0 1 20
H 9 15 1 2
V 1 15 18 1
H 1 15 1 2
V 1 15 16 2
V 8 15 2 1
H 1 15 2 4
H 1 15 1 2
H 1 16 2 4
V 1 18 16 2
V 2 19 16 1
H 9 13 1 4
V 18 0 2 3
V 18 16 2 1
V 18 19 2 1
V 1 15 18 2
V 1 15 4 2
H 1 15 1 2
H 1 15 2 4
V 1 18 16 2
V 2 18 16 1
H 9 9 1 2
H 9 4 1 2
V 11 5 2 1
V 0 5 12 5
V 3 7 2 1
V 0 5 8 4
V 1 3 2 1
H 1 1 1 14
V 16 12 2 1
V 16 14 2 1
V 1 13 16 2
V 8 14 2 1
H 9 13 5 4
V 1 15 16 1
V 2 9 2 1
V 2 15 2 1
V 2 19 2 1
H 1 15 2 4
H 1 16 2 4
V 1 18 14 2
V 1 18 16 2
V 7 14 4 1
H 19 16 1 2
H 9 13 11 4
V 1 16 16 1
H 1 15 2 4
H 9 17 1 2
V 1 18 14 2
V 1 18 16 1
H 1 10 1 4
V 1 13 16 1
H 9 13 9 4
V 1 15 16 1
H 1 15 2 4
V 1 17 16 1
V 2 17 16 1
H 13 0 2 8
V 13 15 2 1
H 13 1 1 16
V 1 15 18 2
V 1 15 6 2
H 1 15 1 4
H 1 16 2 4
V 1 19 14 1
V 2 19 14 1
V 14 18 2 1
V 5 17 10 3
H 12 18 1 2
H 2 17 13 2
H 14 18 1 2
V 2 15 18 1
V 1 15 8 2
H 1 15 2 4
V 1 17 14 2
V 1 17 16 1
H 0 12 1 2
V 0 2 2 11
H 1 10 1 4
V 1 13 16 2
V 10 15 2 1
H 1 12 1 2
H 9 13 2 4
V 1 15 16 1
H 1 15 2 4
H 1 16 2 4
V 1 17 12 3
V 2 18 12 2
H 13 6 2 2
V 14 9 6 1
H 14 0 1 16
V 13 8 2 1
V 2 15 18 1
V 1 15 8 1
H 1 15 2 4
V 1 17 14 1
V 2 17 14 1
V 0 12 2 1
V 1 13 2 1
H 1 3 1 12
H 10 14 1 2
V 1 13 16 2
H 9 13 1 4
H 3 15 1 2
V 1 16 16 1
H 1 16 2 4
V 1 10 12 1
V 1 17 12 3
V 1 17 14 2
H 19 0 1 2
H 16 8 1 8
V 2 15 18 1
V 1 15 12 1
V 1 19 12 1
H 1 15 2 4
V 1 17 12 1
V 1 17 14 1
V 1 4 2 1
V 1 7 2 6
H 1 7 1 8
V 1 14 16 1
H 9 13 9 4
V 1 15 16 2
H 1 16 2 4
V 1 17 12 2
V 2 17 12 2
V 7 17 2 1
H 17 1 3 12
H 17 0 1 16
V 10 16 2 1
V 2 15 18 2
V 1 15 14 1
H 1 15 2 4
H 1 16 2 4
V 1 17 10 3
V 1 17 12 3
H 14 5 1 6
V 13 4 6 4
H 17 1 1 16
H 15 0 4 10
V 1 9 2 4
H 1 13 1 2
H 1 6 1 8
V 1 13 18 2
H 13 14 1 2
V 2 13 18 2
H 19 2 1 18
H 16 1 4 6
V 0 2 2 8
H 1 1 9 8
H 13 1 2 8
H 1 1 1 14
H 12 13 1 2
V 1 13 16 1
H 9 14 1 2
H 9 13 5 4
V 1 15 16 1
H 1 15 2 4
H 1 16 2 4
V 1 17 10 3
V 2 17 10 3
V 0 2 8 9
H 1 2 7 8
V 1 9 2 1
H 1 1 1 14
V 1 14 16 1
V 5 13 6 1
H 9 13 5 4
V 1 15 16 2
H 1 15 2 4
V 1 17 10 2
H 2 18 1 2
V 1 17 12 2
V 1 11 6 2
H 1 11 1 4
V 1 14 16 1
V 11 15 2 1
H 9 13 3 4
V 1 16 16 1
H 1 15 1 4
V 10 18 2 1
V 1 17 10 2
V 2 17 10 2
V 13 15 2 1
V 12 13 2 1
H 13 1 1 16
H 9 15 1 2
V 2 15 18 1
V 1 15 6 2
H 1 15 1 4
H 1 16 2 4
V 4 19 2 1
V 1 18 8 2
H 9 17 1 2
V 1 18 10 2
V 1 19 8 1
H 1 16 2 4
H 1 15 1 4
H 1 16 1 2
V 1 15 16 2
H 11 14 1 2
V 2 15 18 2
H 18 1 1 18
H 16 1 3 10
V 2 9 2 1
V 1 9 2 3
H 1 7 1 8
V 14 14 6 1
V 1 13 16 2
H 9 13 1 4
H 9 14 1 2
V 1 15 16 2
H 1 16 2 4
V 1 18 8 2
V 1 18 10 1
V 16 7 2 1
H 17 2 2 14
H 18 14 1 2
V 16 12 2 1
V 1 15 18 2
H 12 14 1 2
V 1 15 14 1
H 1 15 2 4
V 2 17 2 1
H 1 16 2 4
V 1 19 8 1
V 2 17 8 3
V 0 2 2 11
H 1 2 1 12
V 1 13 18 2
V 2 13 18 1
V 18 11 2 1
H 19 4 1 16
H 16 6 1 2
H 15 3 5 4
V 1 4 12 1
V 1 12 12 1
V 0 6 6 7
H 1 12 1 2
V 1 13 16 1
V 1 13 18 2
H 18 2 1 18
V 18 5 2 1
H 16 2 3 4
V 1 10 12 3
V 1 11 10 1
H 1 11 1 4
V 1 13 12 2
V 1 13 18 2
V 16 14 2 1
V 15 12 2 1
H 16 0 1 16
V 16 9 2 1
H 16 0 1 10
H 4 3 1 2
V 1 4 8 2
H 0 3 6 4
H 0 2 1 2
H 1 0 1 14
V 1 13 16 1
H 9 13 3 4
V 1 15 16 1
H 1 15 1 4
V 1 17 10 1
V 2 17 10 1
H 10 0 3 12
H 4 7 1 2
V 1 6 12 2
V 1 15 12 2
V 0 6 8 2
V 0 8 2 1
H 1 0 1 14
V 1 13 14 2
H 9 13 1 2
V 1 13 2 1
V 2 13 18 1
H 17 1 1 16
H 17 1 1 8
V 15 1 2 2
V 16 2 2 1
H 1 17 1 2
H 1 16 2 2
H 1 16 1 4
V 1 17 6 3
V 1 19 8 1
H 13 4 7 12
H 14 0 1 2
H 15 0 1 2
V 15 11 2 1
H 16 2 1 14
H 15 15 1 2
H 9 14 1 2
V 2 15 18 1
V 1 15 12 2
H 1 15 2 4
V 1 17 8 1
H 1 17 1 2
V 1 17 10 1
V 0 4 2 9
H 0 5 5 2
H 1 0 1 14
V 1 13 12 1
V 1 13 18 1
V 16 3 2 1
H 15 1 2 16
V 14 7 6 1
H 15 1 2 8
V 16 5 4 10
V 13 4 2 1
H 14 4 5 4
H 8 17 1 2
V 1 0 2 10
H 1 7 1 8
V 1 14 2 1
V 1 13 16 1
H 9 13 10 4
V 1 15 16 1
H 1 15 2 4
V 1 17 8 1
V 2 17 8 1
H 0 9 1 2
V 0 10 8 1
H 1 13 1 2
H 1 7 1 2
H 1 8 1 6
V 1 13 12 2
V 1 13 18 2
H 16 2 1 14
H 16 2 1 8
H 10 0 1 10
V 0 6 12 1
H 6 6 1 2
V 1 6 6 1
H 1 1 1 14
H 6 13 1 2
H 8 13 1 2
V 1 13 16 1
H 9 13 4 4
V 1 15 16 1
H 1 15 2 4
H 1 16 2 4
V 1 17 6 3
V 2 17 6 3
H 6 17 1 2
H 1 18 6 2
V 6 18 2 1
H 1 1 1 2
V 1 2 2 8
H 1 2 1 12
V 1 13 8 1
V 1 13 18 1
H 14 1 1 16
H 14 1 1 8
V 0 4 2 9
H 0 5 2 2
H 1 0 1 14
V 1 13 6 2
H 11 13 1 2
H 17 12 1 2
V 1 13 18 1
H 13 0 1 16
H 13 0 1 10
H 1 3 1 12
V 1 13 14 2
V 1 13 18 2
H 14 3 1 2
V 15 15 4 1
H 13 4 5 12
V 17 8 2 1
H 17 4 1 6
V 0 9 12 1
V 1 0 2 10
H 1 6 1 8
V 1 13 16 2
H 17 12 2 2
V 2 13 18 1
H 18 5 1 14
H 18 5 1 2
H 0 2 1 4
V 0 3 12 1
V 1 3 6 9
H 1 1 9 6
H 1 1 1 14
V 1 13 10 1
V 1 13 18 1
H 15 2 1 14
H 15 2 1 8
V 16 5 2 1
H 18 12 2 8
V 2 10 2 1
V 1 3 2 9
H 1 9 1 6
H 11 14 1 2
V 1 13 16 2
V 8 16 2 1
H 9 13 10 4
V 1 16 14 1
H 1 16 2 4
H 1 18 1 2
V 1 17 6 2
H 5 18 1 2
V 2 7 2 1
V 0 2 6 6
H 0 4 10 4
V 1 13 2 1
H 1 0 1 14
V 1 13 18 1
V 2 13 18 1
H 18 7 2 12
V 17 15 2 1
H 1 3 1 12
V 1 13 6 1
V 1 13 18 1
V 13 3 2 1
H 13 1 1 16
H 13 1 1 8
V 0 5 12 5
H 1 2 1 12
V 1 13 16 1
V 18 15 2 1
H 9 13 10 4
V 1 15 16 2
H 1 15 2 4
V 1 17 6 1
V 2 17 6 1
V 0 6 8 1
H 0 6 4 2
H 1 1 1 14
V 16 14 2 1
V 1 14 16 1
H 9 13 5 4
H 9 14 1 2
V 1 15 16 2
H 1 15 2 4
V 1 17 4 3
V 3 17 2 1
H 4 18 1 2
H 1 16 1 2
V 1 17 6 2
V 7 15 2 2
V 1 16 18 1
H 17 7 2 10
H 17 6 1 10
V 1 8 8 1
H 1 4 1 10
V 1 13 6 2
V 1 13 18 2
H 13 2 1 14
H 11 2 1 8
H 13 2 1 8
H 1 8 1 2
H 12 8 1 2
V 1 0 2 9
H 0 4 5 4
H 1 1 1 14
H 5 13 1 2
V 1 13 16 1
V 1 13 18 2
V 17 7 2 1
V 17 12 2 1
H 18 7 1 12
H 1 3 1 2
H 8 3 1 2
V 1 0 6 4
H 1 3 1 6
H 1 1 1 14
V 1 13 18 2
V 2 13 18 1
H 18 8 2 10
H 0 5 1 2
H 2 5 1 2
V 0 6 12 2
V 1 6 8 2
V 1 1 2 1
H 1 0 1 14
V 1 13 10 2
V 2 13 18 2
H 15 4 1 12
V 15 13 2 1
H 14 4 2 6
V 13 6 4 4
H 14 7 1 2
H 13 4 2 4
H 13 11 1 2
H 13 10 7 4
H 19 10 1 8
H 19 9 1 8
V 2 15 18 1
V 1 15 18 1
H 1 15 2 4
V 1 17 4 1
V 2 17 4 1
H 18 8 1 2
H 1 3 1 12
H 18 14 1 2
V 1 13 18 2
V 2 13 18 1
H 19 9 1 8
V 1 2 4 11
H 0 4 4 4
H 1 1 1 14
V 1 13 16 2
H 9 13 1 4
H 10 14 1 2
V 1 15 16 2
H 1 15 2 4
H 1 16 2 4
V 1 9 12 4
V 1 0 2 10
H 1 7 1 8
V 1 13 12 2
H 13 12 1 2
V 1 13 18 2
H 13 7 4 10
H 16 9 1 2
H 13 6 4 4
V 0 1 8 1
H 1 1 2 10
V 0 0 2 1
H 1 0 1 14
V 6 14 14 1
V 1 13 16 2
H 9 13 8 4
V 2 15 14 1
H 1 15 2 4
H 2 16 1 4
V 2 19 2 1
H 7 0 1 12
V 1 6 12 1
H 1 1 1 14
V 1 0 6 1
V 1 13 6 1
V 2 13 18 2
V 13 8 2 1
H 13 3 1 14
H 13 3 1 6
V 14 6 2 1
V 14 8 4 5
H 18 16 1 2
H 15 8 2 4
H 15 7 1 10
H 14 14 1 2
V 1 15 18 1
V 2 15 8 2
V 1 13 2 1
V 1 17 2 1
H 2 15 1 4
V 1 17 4 1
H 1 10 1 2
V 1 10 6 1
H 6 9 1 2
H 1 9 1 6
H 11 14 1 2
V 1 13 16 2
V 1 13 18 2
H 13 9 6 8
V 0 2 2 3
H 0 3 5 4
H 1 1 1 14
V 1 13 16 1
H 14 12 1 2
H 9 13 6 4
V 2 15 14 2
H 2 15 1 4
H 2 16 1 4
V 0 3 12 1
V 1 2 8 2
H 7 2 1 2
H 1 3 7 8
H 1 1 1 14
V 1 13 16 2
H 9 13 1 4
V 1 15 14 2
V 2 18 2 1
H 2 15 1 4
V 2 18 2 1
V 13 8 4 9
H 18 10 1 2
V 18 11 2 5
H 17 13 2 4
H 17 9 1 2
H 6 15 1 2
V 16 16 2 1
V 1 16 16 1
H 2 16 1 2
V 2 17 2 1
V 0 9 6 4
H 1 12 1 2
V 1 13 6 1
V 1 15 6 1
V 2 13 18 2
V 12 14 4 1
H 13 5 1 12
H 13 5 1 4
V 1 8 12 4
V 0 7 10 5
H 1 10 1 4
V 1 13 10 1
V 1 13 18 1
V 14 8 2 1
H 15 7 1 10
H 15 7 1 2
V 17 15 2 1
H 2 11 1 2
H 1 0 2 12
H 1 1 1 14
V 1 14 2 1
V 1 13 18 1
H 16 9 1 8
H 5 13 1 2
H 7 13 1 2
V 2 13 18 1
H 19 12 1 4
H 2 16 1 2
H 1 8 1 6
V 1 13 8 2
V 2 13 18 1
H 14 7 1 10
H 14 7 1 2
V 0 2 6 11
H 1 12 1 2
V 1 13 16 2
V 1 13 18 2
H 15 11 4 4
V 1 6 2 7
H 1 10 1 4
V 1 13 14 1
V 2 13 18 1
H 16 12 1 2
V 17 14 2 1
H 14 10 4 6
H 0 2 1 18
V 0 2 2 11
H 1 3 1 12
V 1 13 2 1
V 1 14 18 1
H 2 13 1 2
H 19 13 1 2
V 2 14 18 1
H 15 8 1 2
V 1 2 8 3
H 1 4 5 4
V 1 7 2 1
H 1 1 1 14
V 1 13 14 2
V 1 13 18 2
V 4 16 14 1
H 14 11 4 6
H 13 8 2 8
H 15 13 1 4
H 13 10 3 4
V 12 13 2 1
V 13 12 6 3
V 0 2 2 10
V 0 10 2 1
H 1 0 1 14
H 3 13 1 2
H 16 13 1 2
V 1 13 10 1
V 1 13 18 1
H 15 9 1 8
V 0 9 12 1
V 1 9 8 1
H 1 7 1 8
H 13 13 1 2
V 1 13 14 1
V 1 13 18 1
H 13 12 5 4
H 12 13 6 2
V 7 13 12 1
V 1 13 16 2
V 2 13 16 2
V 0 4 4 9
H 1 12 1 2
V 1 13 14 2
V 1 13 16 2
H 14 11 3 4
V 0 2 2 11
V 0 11 2 1
H 1 3 1 12
V 1 13 12 2
V 2 13 16 1
V 14 15 2 1
H 15 10 1 6
H 1 8 1 6
V 1 13 16 1
H 9 13 7 4
V 2 15 14 1
V 13 10 2 3
H 6 9 1 2
H 13 9 1 2
H 3 0 7 4
H 3 2 1 2
V 1 3 12 1
V 7 5 6 1
H 10 0 3 6
V 1 8 2 5
H 1 11 1 4
V 1 13 12 2
H 1 13 1 2
H 9 13 1 2
V 1 13 16 1
H 13 11 3 4
V 0 2 2 11
V 0 11 2 1
H 1 4 1 10
V 1 13 14 2
V 16 13 2 1
V 1 13 16 1
H 16 12 1 2
V 5 6 2 1
V 5 16 2 1
V 0 6 12 1
V 1 2 4 8
H 1 0 1 14
V 1 13 16 1
H 9 13 2 4
H 13 15 1 2
V 3 15 12 1
H 10 3 1 6
H 10 0 2 12
V 1 6 12 1
V 1 5 6 2
H 1 1 1 14
V 1 13 10 2
V 1 13 16 1
H 13 10 2 6
V 13 12 2 4
V 14 12 2 1
V 12 13 2 1
V 12 16 2 1
V 13 12 2 4
H 13 11 1 6
V 7 5 6 8
V 9 6 2 1
H 10 1 3 10
V 15 13 2 1
V 0 11 2 1
H 0 2 1 16
V 0 4 2 8
H 1 1 1 14
V 1 13 12 2
V 1 13 14 2
H 13 12 2 4
V 1 13 14 1
H 14 12 1 2
V 5 10 8 1
H 11 2 2 10
H 10 2 3 6
V 4 12 8 1
H 10 1 1 12
V 10 3 2 1
V 10 12 2 1
H 10 0 1 12
H 1 8 1 6
V 1 13 14 1
V 2 13 14 1
H 9 9 1 2
H 2 8 1 2
V 1 9 12 1
V 1 1 2 12
H 1 5 1 10
V 1 13 4 2
V 1 13 12 2
H 9 13 3 4
H 7 15 1 2
V 6 16 6 1
H 11 15 1 2
V 11 15 2 1
H 13 13 1 2
H 6 0 4 6
V 9 3 2 5
H 10 1 1 4
V 5 7 8 4
H 11 2 1 2
H 11 3 2 8
V 9 4 4 2
H 9 0 1 10
V 6 15 2 1
V 3 0 6 2
V 3 13 8 2
H 9 13 2 4
H 2 3 5 10
V 1 4 12 2
V 0 2 2 11
V 1 7 2 1
H 1 11 1 4
V 7 14 6 1
V 1 13 8 2
V 1 13 12 2
H 11 14 1 2
V 0 5 6 5
V 0 8 2 1
H 1 5 1 10
V 1 13 4 2
V 6 5 2 1
V 6 14 2 1
V 1 13 12 2
H 9 13 1 4
V 8 6 2 1
V 8 16 2 1
V 1 4 2 9
H 1 0 1 14
V 1 13 12 1
V 1 13 2 1
H 5 13 1 2
V 2 13 12 1
V 5 3 4 4
H 7 0 1 6
H 7 2 3 4
V 11 7 2 1
H 6 2 1 6
V 6 4 6 5
V 7 4 2 3
H 8 1 1 8
V 11 5 2 8
V 1 0 6 1
H 4 0 2 4
V 0 2 10 1
V 1 10 12 1
V 1 2 8 4
V 1 9 8 3
H 1 7 1 8
V 1 13 10 2
V 2 13 10 2
V 11 13 2 1
V 0 2 6 1
H 1 2 2 10
V 0 12 2 1
H 1 1 1 14
V 1 13 8 2
V 1 13 10 2
H 10 14 1 2
V 4 1 4 6
V 9 6 4 7
H 12 6 1 2
H 4 5 1 2
H 1 4 10 4
V 0 3 10 1
V 5 3 4 2
V 3 3 2 1
V 3 6 2 1
V 3 8 2 1
H 4 0 3 8
H 8 5 4 6
H 9 5 2 8
V 10 7 2 1
V 9 7 4 6
H 10 13 1 2
H 10 5 1 2
V 5 3 4 4
V 8 4 2 1
V 8 13 2 1
V 1 0 2 5
V 1 12 2 1
H 5 0 1 2
V 0 0 6 1
V 5 2 2 10
H 10 11 1 2
V 1 11 12 1
H 5 9 1 2
V 4 10 6 3
V 5 11 2 1
H 6 3 2 10
V 6 11 2 1
H 7 2 1 10
H 5 3 3 6
V 1 6 10 1
V 0 0 2 1
V 0 3 2 1
H 1 1 1 14
V 1 14 2 1
V 1 13 8 2
H 1 13 1 2
V 1 13 10 1
H 7 3 1 2
V 9 10 4 1
H 9 7 3 4
H 11 7 1 2
V 3 1 2 3
H 2 0 3 4
V 3 3 4 5
H 6 2 1 2
H 0 3 7 2
V 5 4 4 7
V 7 14 2 1
H 11 8 1 2
V 9 9 2 1
V 10 9 2 1
H 5 8 6 4
V 8 7 2 1
V 5 6 4 5
H 7 5 2 4
V 4 9 8 1
H 5 7 6 4
H 9 6 1 2
H 8 8 1 2
V 3 9 10 1
V 9 9 2 2
H 8 9 1 2
V 4 10 4 1
H 6 7 4 6
V 2 4 6 2
H 4 1 1 8
H 5 2 1 10
H 5 2 1 4
V 4 4 2 9
V 5 11 2 1
V 5 13 2 2
H 5 5 1 8
V 0 10 12 1
H 2 2 1 2
H 4 2 1 2
V 7 12 2 1
V 3 4 2 1
H 2 1 2 4
H 6 13 1 2
H 7 7 3 4
H 7 8 4 2
H 10 9 1 2
V 5 5 2 2
H 5 3 1 6
V 5 4 2 2
H 2 4 1 2
H 6 4 1 2
V 0 5 8 1
H 2 0 1 4
V 7 9 4 1
H 7 6 2 6
H 2 5 3 8
V 0 11 10 1
H 1 0 1 2
V 8 8 2 2
H 8 7 1 2
V 5 11 4 1
V 4 6 4 1
H 5 4 1 4
V 2 5 4 1
H 1 1 2 12
V 0 2 4 4
V 0 3 4 1
H 1 1 2 4
V 0 1 2 1
H 3 3 2 10
V 4 7 2 1
H 4 8 1 2
H 3 3 2 6
H 2 4 1 2
V 2 5 4 8
V 1 9 10 1
V 0 9 6 3
H 0 4 1 16
V 1 3 2 4
H 1 1 1 14
V 1 13 4 1
H 1 13 1 2
V 1 13 6 1
V 7 10 2 1
H 6 6 1 6
H 6 6 1 4
H 1 7 1 2
V 1 8 6 1
H 3 3 1 10
V 2 4 2 1
V 1 4 2 9
V 1 7 2 1
H 1 1 1 14
V 0 8 2 1
H 1 1 1 8
H 0 17 1 2
V 4 13 2 1
V 0 2 2 10
V 3 7 2 1
H 0 5 4 4
H 1 2 1 2
V 1 7 2 1
V 1 14 2 1
H 1 3 1 12
V 1 13 2 2
H 4 13 1 2
V 1 14 4 1
H 4 5 1 2
H 5 10 2 2
V 4 8 4 3
H 0 7 6 6
H 5 6 1 2
H 4 11 1 2
H 3 9 1 2
V 0 10 6 2
V 1 9 2 3
H 1 8 1 2
H 1 9 1 6
V 1 13 2 2
V 2 14 2 1
H 0 2 1 14
H 0 2 1 16
V 3 8 2 4
H 4 6 1 4
V 3 8 4 3
H 6 8 1 2
H 1 3 1 8
H 0 9 1 6
V 0 6 4 7
V 1 12 2 1
V 0 10 6 2
V 5 10 2 1
H 0 2 1 2
H 3 11 1 2
H 0 12 1 4
H 1 12 1 2
V 1 13 2 1
H 1 13 1 2
H 3 7 2 4
V 3 9 2 3
V 4 8 2 1
H 3 8 2 4
H 3 7 1 4
H 1 9 1 2
V 1 9 6 1
H 0 3 1 8
H 1 5 1 4
V 2 10 2 1
V 0 7 4 1
H 3 7 1 4
V 1 8 4 2
H 4 8 1 2
V 3 9 2 1
H 2 10 1 2
V 1 9 4 2
H 2 8 1 2
H 2 9 1 4
H 0 5 1 10
V 0 7 2 3
H 1 6 1 8
V 0 11 2 1
H 0 7 1 8
V 1 6 2 1
V 0 8 2 5
H 0 12 1 2
V 0 8 4 3
H 3 9 1 2
H 3 8 1 2
H 1 6 1 6
H 0 8 3 2
V 1 9 4 1
H 0 5 1 8
H 1 10 1 2
V 0 8 2 1
H 0 7 1 6
V 0 7 2 4
V 1 8 2 1
H 0 6 1 2
V 0 8 2 2
H 0 8 1 4
V 1 9 2 1
H 0 8 1 2
V 0 9 2 1
H 0 9 1 2
