H 2 8 1 2
H 15 8 1 2
H 14 9 1 2
H 3 13 1 2
V 7 3 2 1
V 4 10 16 5
H 13 1 7 16
V 12 14 2 1
H 12 0 8 6
V 18 1 2 6
V 18 5 2 1
H 13 0 6 6
V 2 14 18 1
V 8 8 2 9
H 12 10 1 2
V 0 11 20 2
H 7 12 1 2
H 10 12 1 2
H 18 1 2 16
H 13 1 7 4
V 6 16 2 1
V 4 5 4 1
V 5 15 6 1
V 4 6 2 1
H 5 0 2 18
H 6 0 1 20
V 5 17 6 3
V 0 18 20 2
V 15 5 4 12
H 17 0 1 16
H 15 0 3 10
H 18 1 1 16
H 18 14 1 2
H 18 1 1 14
H 1 11 5 8
H 10 18 1 2
H 6 17 1 2
V 1 18 16 1
H 7 18 1 2
V 0 18 20 1
H 8 3 1 6
H 9 9 1 2
H 1 0 11 10
V 0 8 14 1
V 0 8 20 1
H 19 2 1 12
V 0 10 20 1
H 1 2 5 18
H 8 17 1 2
V 4 18 2 1
V 0 18 10 2
V 1 18 18 2
H 5 17 14 2
V 12 17 8 1
V 11 13 2 1
V 12 2 4 15
V 12 2 6 5
H 17 1 1 2
V 13 9 2 1
V 14 5 4 12
V 14 12 4 1
V 15 16 2 1
V 14 11 2 1
V 14 9 6 1
H 15 0 2 16
H 12 0 5 6
H 19 7 1 10
H 18 7 1 2
V 12 7 8 1
H 19 3 1 8
V 15 12 2 1
V 8 10 8 5
V 14 13 2 1
H 15 1 2 16
V 13 2 6 1
H 4 14 3 6
V 8 18 2 1
V 1 18 8 2
V 0 19 18 1
V 2 0 10 5
H 2 0 5 16
H 2 15 1 2
V 3 12 6 1
H 3 0 3 20
H 2 16 1 2
V 1 17 10 2
V 1 18 18 1
V 16 2 2 1
V 17 5 2 11
V 16 6 2 1
H 17 3 2 14
V 18 9 2 1
H 17 3 2 10
V 1 17 12 2
V 0 18 18 1
H 5 12 1 2
V 0 13 20 1
H 0 8 7 12
H 5 13 1 6
V 0 18 16 2
V 1 17 16 3
V 1 5 6 1
H 4 0 1 20
V 4 15 10 2
H 14 13 1 4
V 0 16 20 1
V 4 0 2 20
H 2 3 8 6
V 0 8 20 1
H 15 0 1 16
V 12 1 2 1
H 13 0 1 16
H 3 7 1 2
V 0 8 20 1
V 3 6 2 1
H 3 1 1 18
H 5 17 1 2
H 14 17 1 2
V 3 17 12 1
V 1 17 18 1
V 16 3 2 1
H 0 7 12 2
H 15 8 1 2
H 19 8 1 2
V 5 8 12 1
H 14 0 1 16
H 5 8 2 2
V 6 4 2 1
V 6 10 2 1
H 6 0 1 20
V 6 19 2 1
V 0 19 16 1
V 9 8 8 7
H 14 2 3 12
H 10 10 1 2
V 0 5 12 6
H 2 0 2 18
V 1 15 14 2
V 0 15 20 1
H 9 3 3 10
H 11 1 1 16
V 10 4 2 1
H 15 15 1 2
V 5 16 14 1
H 15 1 1 2
H 0 7 7 12
V 1 17 14 3
V 1 17 16 2
V 16 17 2 1
V 0 16 2 1
H 0 0 1 20
H 7 8 1 2
V 0 9 18 1
H 8 8 1 2
V 0 9 20 3
V 15 7 2 1
H 16 5 4 8
V 11 17 4 2
H 14 18 1 2
V 12 12 6 5
H 17 15 1 2
H 17 6 3 6
V 18 12 2 1
H 19 7 1 8
H 4 13 3 6
V 6 17 2 3
H 6 18 1 2
V 0 18 16 1
V 5 0 4 17
H 0 5 10 4
V 0 8 20 1
H 17 4 1 8
H 16 7 1 6
V 10 8 10 1
H 15 6 5 4
H 12 3 5 6
V 0 7 2 1
V 4 1 2 1
V 1 1 4 19
H 18 9 1 6
V 0 9 20 1
H 14 1 1 16
H 17 5 1 10
V 17 6 2 1
V 4 13 16 1
V 11 8 4 2
H 12 0 1 16
V 14 7 6 2
H 15 4 1 6
H 12 7 7 6
V 12 10 2 1
H 13 5 4 12
V 13 12 6 3
H 17 10 1 6
H 10 4 1 2
H 8 0 4 10
H 7 7 1 2
V 4 8 16 1
H 0 7 12 2
H 15 7 1 2
H 19 7 1 2
V 1 8 18 1
H 17 6 2 4
H 3 3 9 8
V 2 8 14 4
V 11 10 2 1
H 12 1 2 14
H 4 6 1 2
V 13 3 2 1
H 0 7 6 2
V 2 8 18 2
H 13 2 2 12
H 13 18 1 2
V 0 19 10 1
V 1 18 12 2
H 5 0 2 20
H 9 7 1 2
V 0 8 20 2
H 16 13 1 2
H 16 4 1 10
V 12 12 8 1
H 1 9 15 8
V 10 9 10 1
H 19 8 1 2
H 16 5 1 2
V 5 13 12 1
V 16 6 2 1
V 16 14 2 1
H 8 15 1 2
H 2 12 15 4
H 14 13 1 2
H 17 13 1 2
V 1 4 10 2
H 1 0 1 8
V 0 9 6 2
H 0 1 1 16
V 13 11 6 2
V 13 13 2 1
H 14 3 1 14
H 14 3 1 2
V 6 17 2 1
V 1 17 6 3
V 1 19 4 1
H 2 16 5 4
V 1 19 12 1
H 4 14 1 2
H 4 12 3 6
V 6 17 2 1
H 11 17 1 2
V 1 17 14 1
V 8 15 2 1
V 8 19 2 1
V 5 10 8 6
H 19 9 1 4
V 0 12 20 1
V 6 10 2 1
H 4 2 3 10
V 3 8 2 1
H 5 0 2 20
V 0 17 14 2
H 10 18 2 2
V 7 17 6 2
H 12 17 1 2
V 0 18 10 1
V 10 4 2 4
H 11 1 1 10
V 1 5 2 1
V 10 8 2 1
V 2 0 2 8
H 2 0 1 12
V 14 9 4 1
H 13 5 3 10
H 14 5 2 6
V 4 11 12 2
V 12 11 2 1
H 13 9 2 8
V 0 14 12 2
H 1 10 1 10
V 10 9 4 4
V 12 15 2 1
H 13 3 1 14
V 13 12 2 1
H 12 3 2 4
H 2 18 1 2
H 10 18 1 2
V 0 8 2 1
V 1 7 2 12
H 1 1 1 18
H 1 1 5 6
H 0 14 1 2
H 0 9 15 6
H 2 11 1 2
V 1 12 18 1
H 14 9 1 2
H 13 4 2 12
V 12 13 2 1
V 13 6 4 9
V 7 14 8 2
V 1 8 16 1
H 12 2 1 14
V 11 9 2 1
H 12 2 1 12
H 5 4 2 10
V 0 10 20 1
V 15 14 2 1
H 15 6 1 10
V 0 10 18 3
H 6 10 1 10
V 0 17 14 1
H 14 14 1 2
V 14 14 2 1
H 9 2 3 8
H 15 6 1 4
V 14 8 4 2
V 8 14 6 1
H 13 12 1 2
H 13 13 1 4
H 4 17 8 2
V 3 17 10 1
H 1 13 13 2
V 7 12 10 2
V 12 4 2 1
H 12 3 1 14
H 12 3 1 4
H 0 7 12 2
H 15 7 1 2
H 8 7 1 2
V 5 8 10 2
H 14 5 1 6
V 10 9 2 1
V 0 10 12 3
H 1 7 1 12
V 2 11 2 1
V 1 10 4 3
H 1 2 1 16
V 0 10 4 4
V 1 9 2 1
H 2 2 1 18
H 2 1 1 2
V 0 10 4 5
H 0 12 1 6
H 0 7 12 6
V 5 12 6 1
V 0 10 20 1
H 6 12 1 2
V 3 7 8 6
H 9 1 2 16
H 6 11 1 6
V 5 10 2 1
V 6 0 4 13
H 6 0 1 20
V 4 0 6 1
H 4 0 1 20
H 1 9 1 2
V 0 9 8 1
H 0 3 1 12
V 1 9 16 4
V 0 11 12 2
H 2 6 3 14
V 12 12 2 1
H 0 11 13 6
H 2 11 2 8
V 3 17 8 2
H 10 17 1 2
V 9 8 6 5
H 12 6 3 4
V 11 10 8 1
V 9 4 2 10
H 4 1 6 10
V 7 0 2 3
H 4 0 5 4
V 1 3 10 7
V 1 3 2 1
V 2 2 2 14
H 3 1 6 6
H 0 7 11 2
V 5 8 12 1
V 12 9 6 2
V 12 6 2 1
H 12 4 1 12
V 3 2 2 17
H 4 0 1 20
V 0 5 8 4
H 0 4 1 8
H 17 10 1 2
H 13 5 1 2
V 0 6 12 5
V 1 16 4 1
H 2 3 6 14
V 0 13 16 1
V 2 17 2 1
V 15 11 2 1
V 0 5 4 7
H 12 13 2 2
V 13 13 2 1
V 2 15 4 1
H 3 11 3 8
V 7 7 4 1
V 6 3 2 8
V 6 16 2 1
H 6 0 2 10
V 12 9 2 1
V 7 8 6 4
H 7 2 3 12
V 4 13 2 1
V 5 0 2 16
H 5 0 2 6
V 2 4 10 4
V 3 8 12 3
H 5 1 2 16
V 2 16 10 1
V 7 4 2 1
V 7 8 2 1
V 2 4 6 8
H 2 6 1 2
H 2 3 8 4
V 1 4 2 8
V 5 11 8 1
V 9 9 2 1
V 8 6 4 8
V 3 3 4 1
H 5 3 6 12
H 5 0 2 6
V 10 8 4 2
V 11 10 2 1
H 12 5 1 6
H 8 9 5 2
V 11 12 4 1
H 12 6 1 10
V 7 10 8 2
V 13 8 2 1
V 11 9 2 1
H 12 7 2 8
H 1 5 11 4
H 14 7 1 2
V 2 8 14 1
H 14 7 1 2
V 6 15 6 1
V 6 10 2 1
H 7 5 2 12
V 1 9 16 1
H 9 9 2 8
V 2 10 16 1
H 3 16 1 2
V 7 11 4 1
V 7 16 4 1
V 8 10 6 1
V 3 4 6 13
H 6 6 1 14
V 4 17 6 2
V 0 7 8 3
H 3 6 3 6
H 4 2 1 18
V 2 10 14 2
H 6 4 1 16
V 5 18 4 2
V 0 11 16 1
H 0 8 7 8
H 1 13 1 2
V 4 15 8 1
H 4 9 2 10
H 0 7 2 8
V 0 10 2 5
H 1 10 13 4
V 7 10 10 1
H 12 6 1 8
H 5 4 1 2
V 2 4 8 1
H 2 4 8 2
V 1 5 6 8
H 5 12 2 8
H 2 11 1 2
V 1 12 8 4
V 4 15 6 1
H 5 12 2 8
V 6 19 2 1
V 2 14 8 1
H 7 14 1 2
V 1 14 12 1
V 3 8 10 2
H 8 2 1 12
V 5 10 2 4
H 6 1 1 18
V 4 3 6 4
H 5 3 4 14
V 13 11 2 1
V 8 8 6 6
H 5 5 7 8
V 1 8 8 1
H 5 1 1 14
H 8 9 1 4
H 13 9 1 4
H 1 9 1 2
V 0 9 14 2
V 7 10 2 1
V 0 9 16 2
H 4 5 1 2
V 1 6 6 9
H 6 0 1 20
H 6 0 1 6
V 4 17 2 1
H 8 12 3 4
H 4 3 4 6
V 7 3 2 1
V 6 12 4 5
H 4 13 6 4
V 2 9 2 6
H 2 5 4 8
V 10 9 2 4
H 10 7 2 8
V 4 15 2 1
V 2 13 2 1
V 3 4 2 12
H 3 4 5 4
V 4 6 8 2
H 2 6 1 2
H 11 6 1 2
H 5 3 2 16
H 6 16 1 4
V 0 13 12 1
H 3 5 4 4
V 0 7 12 1
H 1 7 9 2
V 2 8 12 1
V 3 8 8 6
H 5 8 2 10
V 5 17 4 1
H 0 8 13 2
V 1 9 14 1
V 9 12 2 1
H 5 4 5 12
V 5 5 6 1
V 8 4 2 9
V 8 15 2 1
H 9 4 1 2
V 5 4 4 2
H 5 2 3 6
H 6 3 2 14
H 7 11 1 2
V 1 12 12 2
V 5 3 2 1
H 5 2 1 16
V 0 11 6 1
H 5 2 1 14
V 8 5 2 1
V 8 10 2 1
H 4 4 3 4
V 10 12 2 1
V 11 8 2 5
H 11 7 1 2
H 4 14 5 2
V 2 6 6 9
V 3 7 2 8
H 3 5 5 8
V 5 5 4 2
H 8 4 1 2
V 6 3 2 14
H 6 9 1 10
V 6 11 6 3
V 1 13 10 1
H 5 5 2 10
V 3 6 8 2
V 2 7 2 1
H 8 9 1 8
V 2 7 8 2
H 1 8 1 2
V 1 8 12 1
H 6 6 1 6
H 6 8 1 10
V 0 11 12 2
V 4 6 2 10
H 4 9 1 8
H 4 8 1 6
V 0 8 8 1
H 7 8 4 4
V 4 9 10 1
H 0 9 12 2
V 9 10 6 1
V 4 10 10 1
V 6 11 4 1
H 6 2 1 16
V 11 9 2 1
V 0 9 2 3
H 1 9 1 4
V 5 6 4 10
V 4 15 2 1
V 8 6 2 2
H 4 5 5 4
V 5 4 2 13
H 6 12 1 6
V 4 9 8 4
H 9 7 2 4
V 10 11 2 1
H 10 10 1 4
H 4 5 1 10
V 6 11 4 3
V 4 14 4 1
V 6 16 2 1
H 7 11 1 6
V 0 10 8 1
H 0 10 1 2
H 2 7 3 6
V 7 8 4 5
H 8 6 2 6
V 7 11 6 1
V 1 9 10 3
V 4 10 6 1
H 7 9 3 6
V 4 8 4 1
H 3 7 2 6
V 1 8 6 1
H 5 4 1 10
V 0 9 10 1
V 10 9 2 1
H 4 9 7 4
V 4 10 10 1
V 6 8 2 6
H 6 3 1 14
H 5 12 3 4
V 3 7 2 1
V 7 8 2 6
H 6 5 2 8
V 6 9 6 2
H 10 8 1 2
H 7 11 1 4
H 4 6 5 8
H 4 6 1 4
H 8 6 1 4
V 2 9 6 3
H 2 9 4 4
V 1 9 6 1
V 3 8 4 1
H 6 7 3 6
H 6 12 1 2
V 5 11 6 2
H 5 6 1 2
V 3 10 10 1
V 3 8 6 1
H 7 6 1 10
V 4 12 2 1
H 4 7 1 2
V 3 8 2 1
H 6 12 1 2
H 5 13 3 2
V 7 13 2 1
H 4 11 1 2
V 4 12 4 2
V 2 9 2 2
H 3 9 4 4
V 5 10 6 2
H 7 11 1 2
V 7 9 4 1
H 7 10 1 2
H 6 7 3 4
H 7 9 4 2
H 7 7 1 8
V 2 9 8 3
V 2 9 2 1
V 6 13 2 1
H 7 6 1 8
H 4 8 2 2
V 3 9 8 2
H 7 9 1 2
H 3 10 6 2
V 1 10 8 1
V 5 6 2 1
V 8 11 2 1
H 8 11 1 2
H 3 10 1 2
H 7 12 1 2
V 4 12 4 1
V 2 10 6 1
V 5 8 4 3
H 6 6 1 4
H 6 7 2 2
H 6 8 2 6
V 7 10 4 1
H 6 10 3 2
V 5 10 6 1
H 8 9 1 2
V 8 10 2 1
V 4 9 4 1
V 4 10 2 1
V 5 8 2 1
H 5 8 1 4
H 7 9 1 2
H 5 9 3 4
H 6 9 1 2
V 3 10 6 1
V 3 10 2 1
V 6 9 2 3
H 6 8 1 2
V 6 9 2 1
H 6 9 1 2
H 6 10 1 2
V 6 10 2 1
