H 14 3 1 2
V 2 4 2 1
H 1 7 1 2
H 17 14 1 2
V 12 6 2 1
V 12 10 2 1
H 3 15 6 4
H 6 16 8 4
V 0 19 12 1
H 16 11 1 2
H 15 8 2 8
V 14 14 2 1
H 14 7 2 12
V 0 18 18 1
V 0 18 12 1
H 17 2 1 10
V 14 2 6 5
H 16 6 3 4
V 17 15 2 1
H 16 1 2 18
V 0 17 18 1
H 10 15 1 2
H 6 16 5 4
V 1 19 12 1
V 11 6 2 1
V 7 3 10 4
V 15 4 2 1
V 15 6 2 1
H 16 2 2 10
V 16 17 2 1
H 16 1 1 18
H 17 14 1 2
H 15 17 1 2
V 0 15 18 3
V 0 15 14 3
V 2 19 12 1
V 2 19 4 1
V 5 1 2 12
V 5 5 2 1
H 6 1 4 12
H 9 6 1 2
H 17 2 1 4
H 0 2 1 2
V 0 3 20 4
H 16 4 2 10
H 16 2 1 18
H 17 18 1 2
V 2 17 16 2
V 1 18 14 1
H 0 15 1 2
V 13 4 2 1
V 14 1 4 6
H 17 2 1 2
H 16 3 4 6
H 17 9 1 2
H 16 1 2 18
H 11 14 1 2
V 2 15 16 3
H 10 17 1 2
V 1 16 14 2
H 18 14 2 4
H 9 14 1 2
V 1 13 18 2
H 9 13 1 6
H 6 18 1 2
V 3 17 12 2
V 3 18 2 1
H 3 16 1 4
H 4 18 1 2
H 1 15 2 2
H 6 15 1 2
H 17 6 1 2
V 14 4 6 3
V 15 7 2 1
H 16 5 1 4
V 16 4 2 1
H 16 1 1 18
V 2 17 16 1
V 2 17 12 1
H 5 10 1 2
V 0 3 10 8
H 1 0 1 12
V 0 0 2 1
V 1 2 2 1
H 1 0 1 6
V 0 0 16 1
H 0 0 1 2
V 0 0 20 1
H 0 3 1 10
V 0 3 12 4
H 10 2 1 2
V 0 3 20 4
H 16 2 1 12
V 16 6 2 1
H 16 2 1 18
V 4 17 14 2
H 4 16 1 2
V 3 17 12 2
H 17 11 1 2
H 15 12 3 8
H 15 15 1 2
V 0 15 20 1
V 0 15 12 1
V 1 15 10 1
V 15 8 2 1
H 16 5 2 14
H 17 11 1 2
H 17 14 1 2
V 4 15 14 4
H 9 14 1 2
V 4 15 10 4
H 5 16 4 4
V 15 2 2 5
H 16 1 1 16
V 0 13 20 2
V 0 13 12 2
V 8 1 2 1
V 8 12 2 1
V 4 2 2 1
V 4 9 2 1
H 5 1 4 12
V 18 6 2 1
V 18 17 2 1
V 18 18 2 2
V 3 4 16 3
V 15 2 2 1
H 16 1 3 10
V 17 14 2 1
H 16 2 2 18
V 4 16 14 3
H 11 16 1 2
V 4 17 10 2
V 12 7 8 1
V 17 4 2 1
V 15 3 2 1
H 16 2 2 18
H 5 16 1 2
V 4 16 14 1
V 3 16 12 1
H 14 15 1 2
V 12 7 8 3
V 16 8 2 1
H 14 8 3 12
H 18 14 1 2
V 2 15 18 1
V 2 15 8 1
V 0 4 12 3
H 0 0 2 8
V 0 0 16 1
H 1 0 1 2
V 0 0 18 1
H 10 1 1 6
V 14 4 6 2
H 16 6 1 2
V 8 3 10 1
H 16 3 3 8
V 16 14 2 1
V 18 9 2 1
H 16 1 1 18
V 4 6 14 1
V 4 17 14 1
V 4 16 10 2
H 16 4 2 6
V 17 7 2 3
H 16 2 2 18
H 16 14 2 2
V 11 4 2 1
V 11 18 2 1
V 6 15 12 4
V 11 17 2 1
H 8 16 1 2
V 5 17 10 2
V 0 7 10 1
H 4 4 7 4
V 0 5 20 1
H 16 2 1 18
H 16 12 1 2
V 3 14 12 1
V 2 13 18 2
V 1 13 12 2
V 6 18 2 1
V 2 14 2 1
V 0 1 8 12
V 1 0 2 1
H 0 0 2 2
V 0 0 16 1
V 1 0 16 1
H 16 1 2 18
H 4 15 1 2
V 3 15 16 1
V 3 15 12 1
V 0 0 6 1
H 0 0 2 6
V 0 3 12 3
V 0 3 20 2
H 16 3 1 8
H 17 10 1 2
H 16 2 2 18
V 10 16 2 1
V 5 16 12 1
V 11 14 2 1
H 10 14 2 6
H 10 13 1 2
V 7 18 6 2
V 5 15 2 2
H 5 15 1 2
H 7 17 1 2
H 16 2 4 8
H 13 3 1 2
V 0 3 20 1
V 0 3 18 2
H 0 0 1 6
V 0 0 14 1
V 0 0 16 1
H 7 16 1 2
H 18 13 1 6
V 6 15 14 1
V 9 13 4 3
H 7 15 11 2
V 8 15 6 1
H 9 14 1 6
H 10 18 1 2
H 9 13 4 6
H 11 13 1 2
V 3 13 14 1
H 0 1 1 12
H 4 6 1 2
V 0 6 12 1
V 0 6 20 1
H 16 4 2 6
V 16 17 2 1
H 16 2 1 18
V 8 16 10 3
V 8 17 6 2
V 5 13 14 2
V 15 10 2 1
H 16 2 2 18
V 0 3 20 2
V 0 3 12 2
H 0 7 1 2
H 0 0 2 8
V 1 1 2 1
V 0 0 14 1
H 1 0 1 2
V 1 0 14 1
V 7 15 4 2
V 13 10 2 1
V 11 7 6 6
V 17 8 2 1
H 14 7 4 8
V 14 9 2 1
H 14 7 1 12
V 12 17 2 1
H 16 14 1 2
V 8 15 10 3
V 8 17 2 1
V 12 8 8 1
H 14 8 2 12
V 5 14 14 1
V 5 13 6 2
V 13 7 4 2
V 15 5 2 1
H 16 2 1 10
H 4 3 1 4
V 0 3 20 2
H 4 3 1 2
V 0 3 12 1
H 0 0 2 6
V 0 0 12 1
V 0 0 14 1
H 0 0 2 12
V 0 1 10 6
V 0 5 20 2
H 16 2 1 18
V 6 15 14 1
H 8 15 1 2
V 6 15 6 1
V 8 13 2 2
H 9 13 2 4
V 5 13 8 1
V 10 14 8 4
V 10 14 4 4
V 11 18 2 1
H 11 14 1 6
H 11 13 1 2
H 18 6 1 2
V 14 7 6 4
H 16 17 1 2
H 16 2 1 16
H 16 17 1 2
V 7 15 12 1
H 11 14 1 2
H 15 14 1 2
V 7 15 6 1
H 14 15 1 2
V 12 16 6 3
H 12 14 2 6
V 16 1 4 10
H 16 2 1 18
V 6 13 14 1
V 6 13 6 1
H 9 5 2 2
H 3 6 8 2
V 0 4 20 3
H 16 2 1 18
V 13 15 2 1
V 9 15 10 1
H 11 13 1 6
V 15 6 2 1
V 15 19 2 1
H 16 2 1 18
V 15 11 2 1
H 16 2 1 14
V 0 3 20 1
V 0 3 12 4
V 1 3 2 1
H 0 0 2 6
V 4 0 2 1
V 0 0 10 1
V 0 0 12 1
V 15 13 4 3
H 18 15 2 2
V 18 18 2 1
H 18 14 1 6
V 18 19 2 1
H 15 18 1 2
V 13 13 4 6
H 10 15 7 2
H 13 14 1 6
V 14 10 2 1
H 11 8 4 4
V 14 9 2 1
H 14 8 2 12
V 11 16 6 2
H 10 6 1 4
V 5 3 12 4
H 16 1 1 18
H 14 11 1 6
V 9 13 8 3
V 9 14 6 1
H 13 15 1 2
V 11 16 2 1
H 12 13 5 6
H 9 13 1 2
V 11 8 8 3
V 14 15 2 1
V 14 19 2 1
H 14 8 1 10
V 12 13 8 2
H 18 13 1 6
H 18 14 1 6
V 1 1 2 1
H 1 0 1 8
V 0 0 6 1
V 0 0 10 1
H 1 1 10 4
H 14 1 1 6
V 6 3 12 3
H 16 2 1 18
V 8 13 12 1
V 8 13 4 1
H 11 14 1 2
H 12 15 1 2
H 2 1 1 2
H 7 1 1 2
V 14 7 4 12
H 15 18 1 2
H 18 6 1 2
V 16 7 4 5
V 16 16 2 1
H 17 4 1 16
H 16 10 2 8
V 16 13 4 3
H 18 13 1 6
V 18 15 2 1
H 8 2 2 10
H 5 3 1 2
V 3 3 14 1
V 15 4 2 1
H 16 3 2 12
H 16 10 1 2
H 16 2 1 18
V 15 15 2 1
V 14 7 4 12
V 13 17 2 1
H 18 14 1 2
H 18 13 2 4
V 14 16 4 2
H 17 17 1 2
H 15 15 2 4
V 12 14 6 2
V 9 7 2 1
H 10 1 1 12
H 7 4 1 2
H 17 4 1 2
V 5 5 12 1
H 16 1 1 18
V 11 14 6 1
H 13 13 5 4
H 0 5 1 2
V 0 5 20 1
H 0 0 2 10
V 0 0 6 1
V 0 0 8 1
V 3 8 4 4
H 5 1 2 12
V 0 3 20 4
H 16 1 1 18
V 10 13 10 1
H 11 13 1 2
H 15 8 3 10
H 12 13 8 2
V 11 13 8 1
V 14 15 2 2
H 16 9 1 2
H 15 10 2 8
V 9 4 8 2
H 19 11 1 2
H 16 2 4 10
H 16 1 1 18
V 15 12 2 1
V 14 8 4 5
H 15 7 1 10
V 15 12 2 4
H 16 12 2 4
V 15 14 4 2
H 17 15 1 2
V 14 7 6 3
V 15 12 2 1
H 16 14 1 2
H 16 3 2 12
V 14 14 6 1
H 9 2 1 2
H 18 2 1 2
V 3 3 14 4
V 16 10 2 1
V 15 3 2 1
H 16 1 1 16
H 15 10 1 2
V 11 11 8 2
V 11 12 2 1
V 4 6 16 1
H 16 7 1 2
V 15 11 2 1
V 15 14 2 2
V 16 1 2 1
H 16 1 1 14
V 12 13 8 1
V 11 1 8 2
H 11 1 7 4
H 16 3 1 2
V 0 3 20 1
V 1 2 2 1
H 0 0 2 6
V 1 0 2 1
V 0 0 6 1
V 10 3 8 1
H 17 2 2 10
H 17 1 1 16
V 13 14 2 1
V 14 7 4 8
H 16 4 1 12
H 7 6 1 2
V 0 5 20 2
V 1 5 10 2
H 1 1 1 12
V 1 0 4 1
V 0 0 4 1
H 0 0 1 6
H 11 3 1 2
V 0 3 12 1
H 3 3 1 2
V 9 3 2 1
V 0 3 20 1
H 10 1 1 12
H 16 1 2 12
V 16 15 2 1
H 16 2 1 16
V 16 8 2 1
H 1 0 1 12
V 17 8 2 1
V 15 3 2 1
H 16 3 2 12
V 16 13 4 1
V 15 1 2 4
H 16 4 2 8
H 16 1 1 16
H 1 6 1 2
V 0 5 20 2
V 0 1 2 1
H 0 1 1 10
V 0 4 4 6
H 0 0 2 8
V 0 0 4 1
V 1 0 4 1
H 12 10 1 2
V 11 7 2 4
V 12 9 8 2
H 16 4 2 6
H 12 4 1 2
H 10 6 1 2
V 0 5 20 2
H 1 5 1 2
V 1 6 8 1
H 2 1 2 12
V 17 13 2 1
V 1 1 6 4
V 0 3 20 1
V 16 8 2 1
H 16 3 1 6
H 16 2 1 14
H 17 13 1 2
V 13 13 6 1
V 12 11 2 1
V 18 9 2 4
H 19 11 1 2
H 13 9 2 4
V 11 9 6 2
V 2 1 2 10
H 3 1 1 12
H 17 4 1 2
V 0 3 20 2
V 0 4 6 1
H 0 0 1 10
V 12 3 6 2
H 17 4 1 2
H 16 4 2 6
V 15 12 2 1
H 16 1 1 14
V 15 14 2 1
V 0 3 20 4
V 1 6 16 1
H 1 3 4 8
H 8 2 1 2
V 0 3 10 3
V 0 3 20 1
H 16 1 3 6
V 16 8 2 2
V 13 2 4 1
H 16 1 1 14
V 15 13 4 1
V 11 7 2 3
H 12 9 1 2
V 0 7 2 1
H 0 0 1 8
H 0 0 1 2
H 3 6 1 2
H 0 5 10 4
H 15 12 1 2
V 14 5 4 1
V 14 9 4 4
V 14 10 6 2
V 11 7 4 3
H 13 7 1 4
H 13 8 1 4
V 2 10 8 1
V 2 4 2 1
H 6 10 1 2
V 6 4 2 1
V 6 6 2 1
V 6 11 2 1
V 3 3 4 8
H 3 10 1 2
H 17 7 1 2
V 14 8 2 1
V 12 8 6 2
H 16 5 1 10
V 1 1 6 4
H 3 2 8 6
V 3 8 2 1
H 4 1 2 12
H 10 5 1 4
V 4 4 16 3
V 18 5 2 1
V 17 10 2 1
H 18 1 1 12
H 12 1 3 6
H 5 4 1 2
V 0 5 20 1
V 4 6 2 1
H 2 1 3 10
V 1 0 2 1
V 1 9 2 1
V 15 10 2 2
H 16 2 1 12
H 13 9 1 2
H 0 1 1 2
V 1 7 4 2
H 3 5 3 6
V 12 7 4 2
H 15 8 2 2
H 15 7 3 6
H 8 1 1 12
V 0 5 14 2
H 1 5 1 4
V 6 3 2 1
H 6 1 1 12
V 2 4 12 1
V 0 2 10 6
H 9 7 1 2
H 1 0 1 4
V 5 4 14 2
H 0 6 1 2
H 9 6 1 2
H 9 2 1 4
H 7 5 13 2
V 15 6 2 1
H 16 1 2 12
V 18 10 2 1
V 2 1 8 3
H 4 10 1 2
H 4 1 2 10
H 5 1 2 12
V 0 3 4 4
H 16 6 1 2
V 15 7 2 4
H 16 7 1 6
V 2 1 8 8
H 2 7 1 2
V 13 1 4 6
H 16 2 2 10
V 15 2 2 5
V 15 11 2 1
H 16 4 1 6
V 15 7 2 1
V 12 7 8 2
V 5 10 4 2
H 6 10 1 2
H 5 5 2 6
V 1 7 8 1
V 0 3 20 3
V 1 1 6 3
H 1 1 7 4
H 8 1 1 12
V 2 5 18 2
H 17 2 1 10
V 15 7 2 4
V 14 7 6 2
H 3 4 1 2
H 3 5 6 4
H 5 2 1 2
V 1 3 10 4
H 2 1 9 6
V 3 2 4 1
H 2 1 2 4
V 2 7 8 1
V 2 6 6 2
V 5 1 4 8
H 6 4 2 4
V 9 7 2 1
H 7 1 3 12
V 0 3 20 1
H 1 2 1 2
V 6 4 14 1
V 3 3 16 4
H 16 5 2 4
V 13 7 6 2
H 12 1 7 6
H 15 3 1 2
H 16 4 1 2
V 0 4 20 1
H 3 1 1 8
H 6 10 1 2
V 0 5 2 1
H 1 4 16 2
H 1 3 1 2
V 18 2 2 6
H 19 1 1 2
H 7 6 1 2
H 4 7 6 2
V 3 1 4 7
V 6 4 2 7
H 7 8 3 4
H 16 7 1 4
V 14 7 6 1
V 3 1 2 1
V 4 1 2 7
V 4 5 6 3
H 8 3 2 10
H 10 3 1 10
V 7 7 2 1
V 14 1 2 1
V 15 1 2 6
H 16 1 1 10
V 12 5 6 2
V 17 2 2 1
H 17 2 1 8
H 4 3 1 2
V 2 3 14 1
H 3 4 1 2
H 2 2 1 2
H 19 2 1 2
H 3 1 2 4
H 8 1 1 4
V 5 6 12 1
H 16 6 3 2
V 13 7 6 1
V 2 5 18 1
V 5 5 6 1
H 5 2 1 8
H 10 5 1 2
V 1 5 12 1
V 2 2 2 1
V 17 8 2 1
H 3 3 4 4
V 1 4 4 1
H 2 4 1 2
V 3 3 6 1
H 3 2 1 2
V 4 1 2 1
V 15 2 2 4
H 16 1 2 6
H 16 2 1 8
V 7 6 2 1
V 8 5 12 2
H 16 5 2 4
H 7 3 7 4
V 1 4 14 1
V 4 5 12 2
H 4 6 1 2
H 17 6 1 2
H 5 1 1 8
H 7 7 1 2
V 5 5 4 3
H 8 2 1 10
H 19 5 1 2
H 3 4 9 2
H 18 4 1 2
V 15 7 2 1
H 17 1 1 2
H 5 3 1 2
H 17 3 1 2
V 14 2 2 1
V 15 2 4 2
H 16 3 4 2
H 19 4 1 2
V 2 4 4 1
V 4 3 8 2
H 4 2 1 2
H 11 2 3 2
V 7 5 8 2
H 7 4 2 6
H 7 1 1 8
V 5 6 8 1
V 5 6 14 1
V 17 5 2 1
H 4 3 1 2
H 5 5 1 2
H 16 4 1 4
V 14 2 4 2
H 5 4 1 2
V 5 2 4 3
H 5 2 1 2
V 3 4 4 1
V 8 2 2 6
H 8 6 1 4
H 5 5 11 2
H 12 4 1 2
H 9 5 1 2
V 4 5 8 1
H 9 4 1 6
H 9 1 1 2
V 8 2 2 3
H 5 3 1 2
H 5 4 9 2
H 9 1 1 10
V 12 4 2 1
V 6 3 12 1
H 6 1 4 4
V 6 3 12 4
V 10 5 2 1
H 10 2 1 10
V 10 5 2 2
V 6 4 12 3
H 16 2 1 2
V 17 4 2 1
H 17 4 1 2
V 6 2 4 3
V 6 6 4 1
H 10 5 1 2
V 9 1 2 5
H 10 3 4 4
V 8 6 6 1
H 10 1 1 10
V 6 4 12 1
H 15 1 1 6
H 11 2 1 4
V 10 4 8 1
H 17 3 1 2
H 14 4 1 2
H 11 1 2 6
V 7 3 6 2
V 7 3 2 1
V 12 3 2 1
H 8 1 1 8
V 7 6 2 1
V 8 1 2 1
V 6 3 2 3
H 7 2 1 2
V 15 3 2 1
V 13 5 2 1
V 14 2 2 4
H 15 2 1 2
H 8 2 2 4
V 6 4 4 2
H 9 3 1 6
H 10 3 1 2
H 7 4 8 2
V 5 4 8 1
H 12 3 1 2
V 10 3 6 1
H 11 1 4 4
H 8 2 2 2
V 7 3 4 2
H 9 2 2 6
V 8 2 2 1
H 10 7 1 2
V 8 3 4 1
H 9 1 1 6
H 10 2 1 4
V 6 4 8 1
V 10 4 2 3
H 11 3 2 4
H 8 4 1 2
V 7 4 10 1
H 14 3 1 2
V 13 5 2 1
V 9 4 2 2
H 10 1 1 4
V 10 3 2 4
H 10 2 1 6
V 10 4 4 3
V 11 1 2 6
H 12 1 1 4
V 8 4 6 1
V 8 3 2 1
H 9 3 4 4
V 8 3 6 1
V 8 3 4 2
V 9 5 2 1
V 10 6 2 1
H 11 1 1 2
V 11 2 2 1
H 10 3 4 2
H 12 3 1 4
V 12 3 2 1
H 10 4 2 2
V 9 4 6 1
V 8 4 6 1
V 10 3 2 1
H 11 1 1 6
H 10 3 2 2
V 11 3 2 2
V 12 4 2 1
H 11 4 2 2
V 12 4 2 1
V 10 4 2 1
H 11 3 1 2
