H 16 2 1 2
H 15 1 1 2
H 11 0 1 2
V 15 13 2 1
H 19 5 1 2
H 3 4 1 2
H 13 17 1 2
H 10 8 1 4
V 8 9 2 1
V 8 11 2 1
V 9 9 4 1
H 13 7 1 2
H 12 8 2 12
V 12 15 6 1
V 13 15 6 1
H 18 0 1 16
H 18 0 1 14
V 18 0 2 2
H 19 0 1 18
H 19 0 1 20
V 3 16 4 2
H 4 3 1 14
V 4 12 2 1
V 4 0 4 11
H 14 8 1 2
H 13 10 1 2
V 3 0 2 2
V 3 6 2 1
V 3 9 12 2
H 12 8 1 12
V 12 15 6 1
V 13 15 6 1
H 18 7 1 2
H 18 0 1 16
H 18 0 1 14
V 18 0 2 1
H 19 0 1 18
H 19 1 1 18
H 6 8 4 2
V 3 9 10 1
H 12 8 1 12
V 12 15 6 1
V 13 15 6 1
H 18 0 1 16
H 18 0 1 14
V 18 0 2 1
H 19 0 1 16
H 19 0 1 18
H 19 0 1 16
H 19 1 1 16
H 4 11 1 2
V 3 12 4 3
H 3 7 2 8
V 3 8 4 4
H 13 9 1 2
H 7 8 1 2
V 3 9 12 1
V 12 6 2 1
V 12 16 2 1
H 12 8 1 12
V 12 15 6 1
V 13 15 6 1
H 18 0 1 16
H 18 0 1 14
V 18 0 2 2
H 19 0 1 14
H 19 0 1 16
V 16 0 2 14
V 15 0 2 14
H 15 4 3 4
H 15 0 1 16
V 13 15 6 1
H 18 0 1 16
H 18 0 1 14
H 19 1 1 2
V 18 0 2 2
H 19 0 1 14
H 19 1 1 14
V 12 16 4 1
H 12 15 1 2
V 12 15 6 1
V 13 15 6 1
V 15 15 2 1
H 14 0 1 16
H 18 0 1 16
H 18 0 1 14
V 18 0 2 1
H 19 0 1 12
H 19 0 1 14
H 15 14 1 2
V 13 1 2 1
V 13 10 2 1
V 14 15 2 1
V 14 19 2 1
H 18 0 1 16
V 13 15 6 1
H 18 0 1 16
H 18 0 1 14
V 18 0 2 2
H 19 0 1 12
H 19 1 1 12
H 12 13 2 6
V 13 15 4 1
V 13 15 6 1
H 17 14 1 2
H 18 0 1 16
H 18 0 1 14
V 18 0 2 2
H 19 0 1 10
H 19 0 1 12
H 12 14 2 4
V 12 15 6 1
H 16 14 1 2
V 13 15 6 1
H 18 0 1 16
H 18 0 1 14
V 18 0 2 2
H 19 0 1 10
H 19 1 1 10
V 10 9 4 2
V 13 9 2 1
H 12 8 2 12
V 12 15 6 1
V 12 16 6 4
V 13 15 6 1
H 18 0 1 16
H 18 0 1 14
V 18 0 2 2
H 19 0 1 8
H 19 0 1 10
V 12 17 4 2
V 13 14 2 1
V 13 17 2 1
H 12 14 2 4
V 12 15 6 1
V 13 15 6 1
H 18 0 1 16
H 18 0 1 14
V 18 0 2 2
H 19 0 1 8
H 19 1 1 8
V 6 12 2 1
H 7 12 1 6
H 4 12 1 2
V 3 12 8 1
H 3 7 2 6
V 3 6 6 4
V 3 9 12 2
H 12 8 1 12
V 12 15 6 1
V 13 15 6 1
H 18 0 1 16
H 18 0 1 14
V 18 0 2 2
H 19 0 1 6
H 19 0 1 8
V 12 18 2 1
H 8 12 1 8
H 13 12 1 8
H 12 15 1 2
V 12 15 4 1
V 13 15 6 1
V 17 14 2 1
H 18 0 1 16
H 18 0 1 14
V 18 0 2 2
H 19 0 1 6
H 19 1 1 6
H 6 3 1 2
H 4 4 5 6
H 7 8 1 2
H 13 8 1 2
V 5 9 8 1
H 12 8 1 12
V 12 15 6 1
V 13 15 6 1
H 18 0 1 16
H 18 0 1 14
V 18 0 2 2
H 19 0 1 4
H 19 0 1 6
H 0 3 1 12
V 1 11 2 1
V 0 10 2 4
H 1 3 2 14
V 1 3 10 1
H 6 0 1 12
H 4 10 1 2
V 3 9 12 2
H 12 8 2 12
V 12 15 6 1
V 13 15 6 1
H 18 0 1 16
H 18 0 1 14
V 18 0 2 2
H 19 0 1 4
H 19 1 1 4
H 7 7 1 2
H 15 7 1 2
H 3 8 6 4
H 5 8 1 2
V 3 9 10 2
V 12 19 2 1
H 12 8 1 12
V 17 15 2 1
V 12 15 6 1
H 18 14 1 2
V 13 15 6 1
H 13 0 2 16
H 18 0 1 16
H 18 0 1 12
V 18 0 2 2
H 19 0 1 4
V 14 15 2 1
V 13 15 6 1
V 18 1 2 1
H 18 0 1 16
V 18 1 2 1
H 18 0 1 14
V 18 0 2 1
H 2 3 1 14
H 1 3 2 10
H 8 3 1 2
V 2 4 2 1
V 1 3 8 1
H 4 0 3 12
V 3 9 12 1
H 12 8 2 12
V 12 15 6 1
V 13 15 6 1
H 18 0 1 16
H 18 0 1 14
H 13 12 2 4
V 14 15 2 1
V 13 15 6 1
H 18 2 1 14
H 18 1 1 14
H 7 12 5 2
V 6 12 2 1
V 3 12 8 1
H 4 8 2 6
V 3 5 4 6
H 7 9 1 2
V 3 9 12 1
H 12 8 2 12
H 16 14 1 2
V 12 15 6 1
V 12 16 6 2
H 16 14 1 2
H 15 0 1 16
V 15 4 2 10
V 15 14 2 1
V 16 0 2 14
V 16 14 2 1
H 17 0 1 14
H 18 2 1 8
H 13 15 1 2
V 12 15 4 1
H 15 0 1 16
V 15 0 2 14
V 15 10 2 1
H 16 0 1 14
H 8 2 3 2
H 10 0 1 12
V 10 9 4 2
H 12 8 2 12
V 12 15 6 1
V 15 2 2 1
H 15 0 1 16
V 15 1 2 13
V 15 1 2 1
V 16 1 2 9
H 16 1 2 12
V 13 16 6 4
V 12 19 6 1
H 12 12 2 8
V 12 15 6 1
V 13 15 6 1
H 18 4 1 12
H 18 3 1 12
H 18 4 1 10
H 18 4 1 12
V 13 15 6 1
H 15 0 1 16
V 15 1 2 13
V 16 5 2 9
V 16 16 2 1
V 15 4 2 1
H 16 2 2 10
V 7 12 4 8
H 7 12 5 4
V 4 12 8 1
H 3 8 2 6
V 4 6 4 4
V 3 9 12 2
H 12 8 2 12
V 12 15 6 1
H 15 0 1 16
H 15 0 1 14
H 0 3 1 8
V 1 10 2 1
V 0 10 2 4
H 0 9 1 2
H 1 3 1 14
V 1 3 10 2
H 7 1 1 8
H 5 0 3 12
V 3 9 12 2
H 12 8 1 12
V 12 15 6 1
H 15 2 1 14
H 15 1 1 14
V 15 1 2 1
H 15 1 1 2
H 5 8 1 2
V 0 11 2 1
H 1 3 1 14
H 1 14 1 2
H 1 3 2 12
H 3 4 1 2
V 1 3 10 2
V 5 9 2 1
V 5 17 2 1
H 6 0 2 12
V 3 9 12 1
H 12 8 1 12
V 12 15 6 1
H 15 2 1 14
V 15 3 2 11
V 16 3 2 6
H 17 3 1 10
V 12 0 2 8
H 11 2 3 4
H 13 0 1 20
V 12 15 4 1
V 15 13 2 1
H 15 2 1 14
V 15 3 2 1
H 15 2 1 12
V 1 18 4 2
V 3 3 2 1
V 3 14 2 1
H 4 1 1 18
V 3 9 4 2
V 3 9 12 1
H 12 8 2 12
V 12 15 6 1
H 15 4 1 12
H 15 3 1 12
V 15 3 2 1
V 2 18 2 1
V 0 18 6 2
H 4 0 1 20
V 3 9 4 2
V 3 9 12 1
V 12 11 2 1
H 12 8 1 12
V 12 15 6 1
H 15 4 1 12
V 16 4 2 1
V 15 4 2 10
V 16 5 2 9
V 15 10 2 1
H 16 4 2 10
H 14 10 1 6
V 14 15 2 1
H 15 4 1 12
V 15 4 2 10
V 16 5 2 9
H 15 5 3 8
V 0 0 6 3
H 4 0 1 18
H 4 10 1 2
H 12 10 1 2
V 4 9 4 2
V 3 9 12 2
H 12 8 2 12
V 12 15 6 1
V 13 15 6 1
H 18 6 1 10
V 17 14 2 1
H 18 5 1 10
H 7 6 4 6
H 12 10 1 2
V 7 9 6 2
H 12 8 1 12
H 15 14 1 2
V 12 15 6 1
H 15 4 1 12
H 15 3 1 12
V 3 14 4 1
V 4 6 2 2
V 4 19 2 1
H 4 6 1 10
V 4 9 4 2
V 3 9 12 1
H 12 8 1 12
V 12 15 6 1
H 15 4 1 12
V 15 6 2 8
H 15 4 2 10
H 5 9 1 2
H 5 8 6 2
V 3 9 12 1
H 12 8 1 12
V 12 15 6 1
H 15 6 1 10
H 15 5 1 10
V 15 5 2 1
V 8 12 4 7
H 8 12 2 8
V 4 12 8 1
V 5 14 2 1
H 3 9 3 6
V 5 8 2 3
V 3 9 12 1
H 12 8 1 12
V 12 15 6 1
V 13 15 6 1
H 18 8 1 8
H 18 7 1 8
V 15 14 2 2
H 15 6 1 10
H 15 5 1 10
H 12 15 2 2
H 14 14 1 2
V 12 15 4 1
V 12 16 4 2
H 15 6 1 10
V 15 6 2 8
V 16 7 2 7
H 17 7 1 6
H 12 15 2 2
V 12 15 6 1
H 15 9 1 4
H 15 6 1 10
V 15 6 2 8
H 16 6 1 8
V 1 18 4 2
H 4 1 2 18
V 4 6 4 5
H 12 8 1 2
V 3 9 12 1
V 13 8 2 1
V 13 10 2 1
H 12 8 2 12
V 17 15 2 1
V 12 15 6 1
H 18 14 1 2
V 13 15 6 1
H 18 8 1 8
H 18 8 1 6
H 12 15 2 4
H 13 18 1 2
V 12 15 4 1
V 13 15 6 1
H 18 10 1 6
H 18 9 1 6
H 12 12 2 6
V 12 15 6 1
H 15 6 1 10
V 15 7 2 7
V 16 8 2 6
H 15 8 3 4
H 5 11 1 2
V 5 7 2 5
V 3 10 12 1
H 12 8 1 10
V 12 15 6 1
H 15 8 1 8
H 15 7 1 8
V 15 7 2 1
H 7 9 1 2
H 4 4 4 6
H 9 10 1 2
H 11 10 1 2
V 3 9 12 2
H 12 8 1 12
V 12 15 6 1
H 15 8 1 8
V 15 8 2 6
V 16 9 2 5
H 15 9 3 4
V 3 4 2 1
V 3 16 2 1
H 4 1 1 16
V 4 9 4 3
H 13 8 1 2
V 3 9 12 1
V 11 0 2 1
V 11 10 2 1
V 12 8 2 1
H 12 8 1 12
V 12 15 6 1
V 13 15 6 1
H 18 10 1 6
H 18 10 1 4
V 12 17 2 1
V 13 17 6 3
H 18 18 1 2
V 15 19 2 1
H 12 15 1 2
V 12 16 4 4
H 12 15 2 4
H 13 14 1 2
V 12 15 6 1
H 15 10 1 6
V 15 9 2 5
V 16 10 2 4
H 15 10 3 4
H 8 0 3 4
H 8 0 3 12
V 10 9 2 1
V 5 9 8 2
H 12 13 1 2
H 12 8 1 12
V 11 10 2 1
V 12 15 6 1
V 12 17 6 3
H 15 10 1 6
H 15 9 1 6
V 15 9 2 1
H 17 18 1 2
V 3 11 8 1
H 4 8 6 4
V 3 9 12 1
H 13 2 1 18
V 12 16 4 3
V 13 17 6 2
H 7 12 3 8
V 3 12 8 1
H 3 8 3 6
V 3 9 6 3
V 8 9 2 1
V 8 17 2 1
V 3 9 12 2
H 12 8 1 12
V 12 15 6 1
H 15 10 1 6
H 15 9 1 6
H 13 4 2 12
V 13 15 4 1
H 15 10 1 6
V 15 10 2 4
H 15 10 2 4
H 1 4 2 14
H 7 3 1 2
H 1 10 1 2
V 1 4 8 1
V 9 6 2 1
V 9 19 2 1
V 4 8 2 1
H 5 2 5 10
V 9 2 2 1
V 3 9 12 2
H 12 8 1 12
V 12 15 6 1
H 15 10 1 6
V 15 11 2 3
V 16 11 2 3
H 17 11 1 2
H 10 3 1 8
V 10 9 4 1
H 12 8 1 12
V 12 15 6 1
H 15 10 1 6
V 15 11 2 3
V 16 12 2 1
V 3 7 6 4
H 3 8 8 2
H 3 7 1 2
V 3 9 12 2
H 12 8 1 12
V 17 15 2 1
V 12 15 6 1
V 13 15 6 1
H 15 14 4 2
H 18 13 1 2
H 7 12 2 6
H 6 12 1 2
V 4 12 8 1
V 4 5 2 1
V 4 11 2 1
H 3 9 2 6
V 3 3 4 9
H 10 9 1 2
V 3 9 12 1
H 12 8 1 12
V 12 15 6 1
H 15 10 1 6
V 15 11 2 3
H 16 11 1 2
H 3 4 1 14
V 3 9 8 3
V 3 10 12 1
H 13 18 1 2
V 12 4 2 1
H 13 3 1 16
V 13 16 2 4
V 12 17 6 2
V 0 10 2 1
H 0 3 1 12
H 0 13 1 2
V 0 10 2 4
V 1 3 2 15
H 2 3 1 14
H 5 2 1 2
V 1 3 10 2
H 7 5 1 2
H 6 0 2 12
V 3 9 12 1
H 13 16 1 4
H 13 3 1 16
V 13 17 4 2
V 13 17 6 1
H 7 12 3 8
H 5 11 1 2
H 10 12 1 2
V 4 12 8 1
V 5 8 2 1
H 3 8 3 6
V 6 3 2 1
V 6 10 2 1
V 5 7 2 5
V 3 9 12 1
H 4 8 1 2
H 12 8 2 12
V 12 15 6 1
H 15 10 1 6
H 15 10 1 4
V 15 15 4 1
H 18 14 1 2
V 12 0 2 8
V 12 19 2 1
V 11 4 2 1
H 13 0 1 8
H 13 0 1 20
V 12 15 4 1
H 15 12 1 4
V 15 13 2 1
V 16 13 2 1
V 16 14 2 1
V 4 8 2 1
V 5 3 4 6
H 8 4 1 2
H 5 0 4 10
V 3 9 12 1
H 13 0 1 20
V 12 17 4 3
V 15 18 2 1
V 13 17 2 1
V 12 16 4 3
H 12 15 2 2
V 12 15 6 1
H 14 14 1 2
V 13 15 6 1
H 12 9 1 6
H 12 9 2 10
V 13 15 4 1
H 15 12 1 4
V 15 13 2 1
H 6 2 5 2
H 6 0 2 12
V 3 9 12 1
V 13 12 2 1
V 13 17 2 1
H 13 0 1 18
V 11 0 4 2
V 11 8 4 3
V 12 19 2 1
H 13 2 1 14
V 12 15 4 1
H 15 14 2 2
H 15 13 1 2
H 12 8 1 2
V 8 9 6 1
V 12 8 2 1
H 13 4 1 14
V 13 16 2 3
V 13 16 4 1
H 3 8 8 2
V 5 9 10 1
H 14 4 1 12
V 13 15 4 1
H 15 14 2 2
H 13 1 1 18
V 13 10 2 1
V 12 3 2 2
H 13 0 1 18
V 12 0 2 1
H 12 1 1 2
V 11 8 4 3
V 13 3 2 1
H 13 2 1 14
V 12 3 2 1
V 11 2 4 5
V 13 1 2 14
H 13 0 1 16
H 1 3 1 14
V 2 3 2 1
H 1 3 2 10
V 1 3 4 1
H 6 2 1 2
V 1 3 10 1
V 8 8 2 1
H 8 0 1 12
V 3 9 12 1
H 14 4 1 12
V 13 15 4 1
H 13 1 1 2
H 12 8 2 10
V 11 8 4 2
H 14 2 1 12
V 7 12 4 7
V 10 17 2 1
H 7 12 5 4
V 3 12 8 1
H 3 7 3 6
V 3 9 6 1
H 8 8 1 2
V 3 9 12 1
V 12 12 2 1
H 13 3 2 12
H 13 7 1 2
V 11 3 4 5
H 4 2 1 2
H 9 2 1 2
V 3 0 2 3
H 0 1 11 2
H 4 0 1 20
H 7 12 1 2
V 3 12 6 1
H 4 12 1 2
V 4 12 8 1
H 8 12 4 6
H 7 12 5 8
H 7 17 1 2
H 11 17 1 2
H 9 12 3 6
V 3 12 8 1
H 7 12 1 2
V 3 11 4 1
H 5 7 1 6
V 5 0 2 1
V 4 0 4 10
H 10 8 1 2
H 12 8 1 2
V 3 9 12 2
H 13 4 1 14
V 13 16 2 1
V 1 5 2 1
H 2 3 1 14
H 1 3 2 4
V 1 3 10 1
H 4 0 5 12
V 3 9 12 2
H 13 5 1 12
H 14 6 1 10
V 12 15 4 1
H 13 16 1 2
V 10 15 2 4
H 10 15 2 4
H 12 4 1 2
H 12 3 1 4
H 12 3 1 2
H 0 9 1 2
H 11 9 1 2
V 3 9 12 1
H 14 4 1 12
V 9 9 6 1
V 13 10 2 1
H 1 3 1 14
H 13 3 1 14
H 1 3 2 4
V 1 3 10 1
H 4 0 3 12
H 13 4 1 12
V 3 9 12 1
H 12 13 1 2
H 12 8 1 6
H 12 8 1 10
H 12 12 1 2
H 3 12 4 6
V 7 12 2 1
V 4 12 8 1
H 9 12 3 6
H 10 13 1 6
H 7 12 3 4
V 3 12 8 1
H 3 9 3 6
H 7 8 1 2
V 3 9 10 2
H 9 10 1 2
V 3 9 12 2
H 14 5 1 10
V 3 4 2 1
V 3 9 2 9
H 4 12 3 8
V 0 19 6 1
V 0 19 2 1
V 9 10 2 1
V 5 9 10 2
H 14 6 1 8
V 4 8 6 3
H 11 8 1 2
V 3 9 12 1
H 13 5 1 10
H 1 3 1 12
V 1 3 8 1
H 5 8 1 2
V 5 15 2 1
V 4 0 2 1
H 5 0 1 18
V 3 12 8 1
H 9 12 1 6
H 9 13 1 6
V 0 10 2 4
H 1 3 1 14
H 5 2 1 2
V 1 3 6 1
H 0 10 1 2
H 4 10 1 2
V 4 13 2 1
H 3 3 1 2
H 4 2 1 18
V 3 12 4 1
V 3 12 8 1
H 10 13 1 2
H 10 12 2 4
H 10 12 1 6
V 13 9 2 1
H 13 5 1 8
H 13 5 1 2
V 10 14 2 1
V 7 14 4 3
H 7 12 1 8
H 14 8 1 2
V 7 9 8 1
H 13 6 2 6
V 2 4 2 1
H 3 4 6 6
H 14 9 1 2
V 3 9 12 1
H 14 7 1 6
V 3 8 2 1
V 5 5 2 1
H 4 5 2 8
V 4 12 6 1
V 9 12 2 1
H 8 12 2 6
H 7 15 1 2
H 7 13 2 6
V 4 9 10 1
H 4 0 2 20
V 1 18 6 2
V 5 14 2 1
V 5 19 2 1
V 4 9 2 10
V 3 6 2 1
V 3 12 2 1
H 5 12 2 4
H 4 12 1 2
V 4 12 8 1
H 7 12 5 4
H 9 12 1 6
V 1 5 2 12
H 1 3 2 8
V 1 3 10 1
H 7 0 1 12
V 3 9 12 1
H 13 6 1 6
V 12 6 2 1
H 9 13 1 2
H 7 14 4 2
V 10 14 2 1
H 5 1 1 10
V 3 3 2 1
V 5 18 2 1
H 4 0 2 20
V 0 18 6 1
V 0 18 4 1
H 13 6 1 4
V 12 7 2 1
H 13 6 1 6
V 13 11 2 1
V 12 9 2 1
V 7 9 6 2
H 10 9 3 2
H 12 8 1 6
V 3 5 2 7
H 4 4 1 16
H 5 18 1 2
V 1 18 6 1
H 7 17 1 2
V 3 12 2 1
H 3 12 1 2
H 7 12 5 2
V 3 12 8 1
H 3 7 1 6
V 3 9 8 2
H 1 10 1 2
H 7 10 1 2
H 3 10 1 4
V 3 9 12 2
H 13 7 1 6
H 1 4 2 14
V 1 3 4 2
V 5 8 2 1
V 5 10 2 1
V 5 17 2 1
H 4 0 2 16
H 9 12 1 2
V 3 12 8 1
H 8 15 1 2
H 7 12 3 4
V 7 15 2 1
H 8 12 1 6
V 12 8 2 4
H 12 9 1 4
V 4 13 2 1
V 3 10 2 6
H 4 12 1 8
V 3 19 2 1
V 3 14 4 1
H 5 10 1 10
V 4 0 2 11
V 3 10 2 1
H 4 0 1 20
V 3 18 4 1
V 5 3 2 1
V 3 3 6 5
V 4 6 2 1
H 3 5 2 10
V 3 12 8 1
V 4 12 8 1
H 11 12 1 2
H 0 5 1 12
V 0 10 2 4
H 1 3 1 14
V 1 3 4 2
H 3 3 1 14
H 7 10 1 2
V 3 10 10 1
H 7 9 1 2
H 12 10 1 2
V 3 10 12 1
H 4 18 1 2
V 7 12 2 4
H 7 13 1 4
H 12 10 1 2
H 5 7 1 12
V 5 8 2 1
V 5 16 2 2
V 3 12 8 1
H 3 9 3 6
V 4 1 4 11
V 3 9 12 1
H 13 8 1 2
V 4 18 2 1
H 2 5 1 2
H 1 3 2 10
V 2 3 4 2
H 4 1 1 18
V 4 12 6 1
V 4 12 8 1
V 7 15 2 1
H 0 10 1 8
V 0 10 2 4
H 1 3 1 14
V 1 3 4 2
V 1 3 10 1
V 8 1 2 1
H 8 0 1 12
V 3 9 12 1
H 4 17 1 2
H 3 14 3 4
V 12 9 2 1
H 12 8 1 2
V 5 9 4 1
H 7 6 2 6
V 6 9 6 3
H 6 8 3 4
H 5 9 1 2
V 4 9 10 1
H 0 5 1 12
V 1 10 2 1
V 0 10 2 4
H 1 3 2 14
V 1 3 6 1
V 4 6 2 1
H 4 0 1 18
V 3 16 2 1
V 3 12 4 2
H 3 12 2 2
H 8 12 1 2
V 3 12 8 1
V 5 15 2 1
H 7 12 1 2
V 3 3 2 15
H 7 13 1 2
V 6 12 2 1
H 4 0 6 12
V 7 9 6 1
V 4 7 2 1
V 5 7 4 4
H 11 9 1 2
H 4 10 1 2
V 4 10 8 1
V 4 10 6 2
H 3 16 1 2
H 3 6 1 2
H 3 7 3 10
V 3 3 2 3
H 4 2 6 8
V 3 3 2 1
V 3 6 2 1
H 4 0 1 18
H 10 5 1 6
H 3 6 3 10
H 3 11 3 4
V 5 5 2 1
V 5 14 2 1
V 4 12 4 1
H 7 12 1 2
H 6 8 1 2
H 7 0 4 8
H 9 0 1 12
H 6 13 1 2
H 5 6 1 8
H 3 7 3 8
V 3 10 4 1
V 4 10 6 1
H 10 0 1 10
V 6 12 2 1
H 10 2 1 2
V 3 2 8 1
H 4 2 2 10
V 3 1 2 1
H 4 0 1 16
V 8 9 2 1
V 7 2 4 2
H 10 0 1 6
H 4 2 2 6
V 5 8 4 1
H 4 0 2 14
H 3 11 2 4
V 5 12 2 1
H 4 0 1 14
V 0 0 10 1
H 5 0 4 10
H 6 10 1 2
H 6 1 3 10
V 9 7 2 1
H 10 1 1 6
H 8 3 1 2
H 7 0 3 8
V 4 4 4 5
H 6 10 1 2
H 4 5 4 6
V 8 1 2 7
V 9 6 2 1
H 8 1 2 8
V 7 5 2 1
V 4 9 2 4
H 5 7 1 6
V 2 4 2 1
V 3 3 2 11
V 4 6 2 1
H 3 7 1 8
V 3 6 8 1
H 4 0 1 14
V 5 11 2 1
H 10 5 1 2
V 9 2 2 3
H 10 2 1 4
H 9 6 1 2
V 7 1 2 7
H 7 0 1 2
H 3 4 1 2
H 7 4 1 2
V 3 5 6 3
V 7 6 2 1
H 6 3 2 6
H 5 0 2 6
H 6 0 1 10
H 6 3 1 2
V 2 3 8 1
H 4 1 1 2
H 4 0 1 4
V 0 1 8 1
V 4 2 4 1
H 6 1 1 8
V 4 5 6 2
H 1 3 2 6
V 1 3 8 1
H 5 1 1 8
V 3 6 6 2
H 2 3 1 2
H 1 4 2 14
H 1 3 2 4
V 1 3 4 2
H 6 2 1 2
V 1 3 10 1
H 9 2 1 2
H 0 5 1 12
V 1 11 2 1
V 0 10 2 3
H 1 3 2 14
V 1 3 6 1
H 4 5 1 2
H 4 0 1 6
V 1 0 6 1
V 9 4 2 1
V 8 3 2 3
H 5 3 1 2
H 9 3 1 2
H 4 1 4 6
V 3 3 4 6
H 4 5 1 6
V 4 3 4 5
H 3 4 1 8
H 8 5 1 2
V 5 3 4 3
H 4 0 2 10
V 2 0 4 2
V 2 0 2 1
H 6 0 1 8
V 3 5 4 3
V 4 5 6 1
V 5 0 2 1
H 4 1 1 2
V 1 2 8 1
V 0 2 8 1
H 1 3 2 12
V 7 3 2 1
V 0 10 2 1
V 2 3 6 1
H 4 1 3 6
V 3 6 6 1
H 6 7 1 2
H 8 3 1 2
H 3 1 3 2
V 1 2 4 1
H 4 1 2 8
V 3 5 4 3
H 1 9 1 2
H 1 3 2 14
V 2 4 2 1
H 1 4 2 4
V 1 4 8 1
V 4 3 2 1
H 5 1 1 8
H 1 3 1 10
V 1 3 6 2
V 3 0 2 2
V 4 4 2 1
H 4 0 1 6
V 3 0 2 3
V 3 2 4 1
H 3 6 3 2
V 3 6 4 1
V 6 5 2 1
H 5 6 1 2
H 7 3 1 2
H 0 6 1 10
H 1 9 1 2
V 0 10 2 4
V 2 3 2 1
V 1 3 2 14
H 1 9 1 2
H 1 3 2 14
V 1 3 6 2
H 4 1 2 4
H 3 5 3 2
V 3 3 4 3
H 4 3 1 2
V 4 2 2 1
H 4 1 1 6
V 4 2 2 1
V 2 3 2 1
H 2 3 1 10
V 2 3 2 2
H 3 3 1 4
H 3 3 1 6
H 1 4 2 6
V 3 4 2 2
V 1 3 6 2
V 2 4 6 1
H 4 2 1 2
V 1 15 2 1
V 0 11 2 1
H 0 3 1 14
V 0 10 2 2
H 2 5 1 6
V 2 3 2 1
H 1 3 2 12
V 1 4 4 1
V 1 4 6 1
H 1 4 2 2
H 4 4 1 2
V 2 3 2 2
H 3 3 1 4
H 2 4 1 2
V 2 4 4 1
V 1 3 2 1
H 2 16 1 2
H 2 15 1 2
H 2 10 1 2
H 1 8 1 4
H 1 4 1 14
H 1 5 2 4
V 1 7 2 8
V 1 11 2 1
H 2 9 1 2
H 2 10 1 6
V 1 7 2 4
H 1 4 1 12
H 0 6 1 10
V 0 10 2 4
V 1 10 2 5
H 1 7 2 8
H 1 8 1 8
H 0 3 1 12
V 0 11 2 1
H 0 3 1 14
H 0 14 1 2
V 1 7 2 6
V 1 9 2 1
H 1 6 1 4
H 2 8 1 2
H 1 9 2 2
H 1 7 1 8
V 0 12 2 1
H 1 12 1 2
V 1 12 2 1
H 0 5 1 6
H 0 5 1 10
H 0 5 1 2
H 0 9 1 2
V 0 10 2 2
V 1 9 2 2
H 1 9 2 2
H 0 8 1 2
H 0 6 1 8
V 0 11 2 1
H 1 11 1 2
H 0 9 1 2
V 0 10 2 2
H 1 8 1 4
H 0 7 1 2
H 0 10 1 2
V 0 10 2 1
V 1 10 2 1
H 0 8 1 2
H 0 9 1 2
V 0 10 2 1
