H 6 10 1 2
H 1 11 1 2
H 4 11 1 2
H 5 8 1 2
V 4 2 2 1
V 4 8 2 1
V 6 4 2 1
H 1 13 1 2
H 14 2 1 2
V 4 11 16 1
V 4 10 4 4
V 5 11 2 1
H 4 8 1 8
V 3 15 2 5
H 2 12 1 8
V 2 4 2 14
H 2 9 1 2
H 7 9 1 2
H 2 0 2 20
H 2 0 1 10
V 0 0 4 5
H 0 0 1 18
H 0 0 2 20
V 4 10 16 2
V 4 0 14 2
V 4 4 14 7
V 3 18 2 1
H 7 3 1 2
H 4 10 1 10
V 3 15 2 5
V 2 15 2 5
H 2 0 2 20
H 2 0 2 10
V 0 0 4 1
H 0 0 1 18
H 0 1 1 18
H 4 1 1 2
H 4 0 13 10
V 4 10 2 1
H 4 0 1 20
V 3 15 2 4
V 1 4 2 1
H 2 0 2 20
H 3 0 1 10
V 0 0 4 5
H 1 0 1 18
H 1 0 1 20
V 0 4 2 14
V 0 8 2 1
H 1 7 1 12
V 7 8 6 1
H 14 9 1 4
H 10 0 5 20
V 15 7 2 1
V 4 4 12 5
H 4 4 1 14
V 3 15 2 5
V 2 14 2 4
H 2 0 1 20
H 2 0 1 10
V 0 0 4 5
H 0 0 2 16
H 0 0 2 18
H 9 0 1 6
V 4 0 14 2
H 4 1 8 8
V 4 13 2 1
H 4 0 1 20
V 3 15 2 5
H 3 0 1 20
H 3 0 1 10
V 0 0 4 5
H 1 0 1 16
H 1 0 1 18
V 0 0 4 3
H 0 0 1 10
H 0 0 1 16
H 0 7 1 8
H 5 6 1 2
H 11 10 1 2
V 4 7 16 4
V 4 8 14 4
V 4 4 4 1
H 4 4 1 12
V 3 15 2 5
H 3 0 1 20
H 3 0 1 10
V 0 0 4 5
H 1 0 1 14
H 1 0 1 16
V 0 0 2 14
H 0 12 1 2
V 5 13 14 2
V 15 5 2 1
H 10 1 6 18
V 4 4 12 2
V 4 3 2 1
H 4 0 1 20
V 3 15 2 4
V 2 5 2 1
H 3 0 1 20
H 2 0 2 10
V 0 0 4 5
H 1 0 1 14
V 1 4 2 1
H 1 1 1 14
V 4 11 10 1
V 4 12 2 1
H 9 10 1 2
H 4 9 1 8
V 3 15 2 3
V 2 0 2 20
V 2 13 2 1
H 2 0 1 20
H 2 0 2 10
V 0 0 4 3
H 0 2 1 2
H 0 0 2 12
H 0 1 2 12
H 10 0 2 2
H 15 0 1 2
H 17 0 1 2
V 4 1 16 1
V 4 0 4 3
H 4 2 1 2
H 4 1 2 8
H 4 0 1 20
V 3 15 2 5
H 3 0 1 20
H 2 0 2 10
V 0 0 4 5
V 1 3 2 1
H 1 0 1 12
V 1 4 2 1
H 1 0 1 14
V 9 19 2 1
H 10 0 1 20
H 9 11 1 2
V 9 0 2 1
V 4 8 12 4
V 4 9 2 1
H 4 4 1 14
H 4 10 1 2
H 3 14 1 2
V 3 15 2 5
V 2 14 2 6
H 2 0 1 20
V 1 0 2 1
H 2 0 1 10
V 0 0 4 2
H 0 0 1 10
H 0 0 2 12
V 4 0 2 14
H 4 2 15 4
H 4 0 1 20
V 3 15 2 5
V 3 18 2 1
H 3 0 1 20
H 2 0 2 10
V 0 0 4 5
H 1 0 1 12
V 0 10 2 1
H 1 1 1 12
H 4 7 1 2
H 7 7 1 2
V 4 8 16 5
H 6 5 1 2
V 7 8 2 1
V 5 11 2 1
V 4 6 4 8
H 4 10 1 6
V 3 15 2 5
H 2 0 2 20
H 3 0 1 10
V 0 0 4 4
H 0 0 2 10
V 0 9 2 1
H 1 0 1 12
V 18 13 2 1
H 19 0 1 20
H 0 6 1 2
H 15 6 1 2
V 11 9 2 1
V 4 7 16 6
V 4 8 14 4
H 15 7 1 2
H 4 2 1 14
V 3 15 2 5
H 3 0 1 20
H 8 0 1 20
H 3 0 1 10
V 0 0 4 4
V 1 1 2 1
H 1 0 1 10
H 1 1 1 10
V 6 9 2 1
H 6 0 1 20
V 4 0 4 8
V 4 7 2 1
H 4 2 1 18
V 3 15 2 5
V 2 0 2 1
V 2 14 2 1
H 3 0 1 20
H 1 4 1 2
H 2 4 2 2
H 2 0 1 2
H 3 5 1 2
V 0 1 4 4
H 1 0 1 10
V 4 0 8 9
H 4 0 1 20
V 3 15 2 5
V 2 4 2 16
V 2 16 2 1
H 2 0 1 20
H 2 0 2 10
V 1 0 2 1
V 4 3 2 5
H 4 2 7 4
H 4 0 1 20
V 3 15 2 5
V 2 11 2 1
V 2 14 2 5
H 2 2 1 18
H 2 2 1 8
V 0 2 4 3
H 1 5 1 2
V 0 5 2 1
V 12 10 2 1
V 6 1 14 14
H 8 14 1 2
V 5 18 2 1
H 6 1 1 18
V 5 13 2 1
V 4 1 4 7
V 4 13 2 1
H 4 0 1 20
V 3 15 2 3
H 3 0 1 20
H 2 4 2 2
V 0 3 4 2
H 1 3 1 4
V 4 5 2 2
H 4 2 1 18
V 3 15 2 5
V 2 12 2 8
H 2 2 1 18
H 2 2 2 6
V 0 3 4 1
V 8 6 12 13
V 13 15 2 1
H 11 0 7 20
V 10 16 2 1
V 4 6 14 2
V 4 5 2 1
V 4 11 2 1
H 4 3 1 16
V 3 15 2 5
V 2 7 2 1
V 2 11 2 6
H 2 2 1 18
H 2 2 2 8
V 1 2 2 1
V 0 4 2 1
H 5 13 1 2
H 2 5 1 2
V 4 11 12 2
V 4 8 2 2
V 4 13 2 1
H 4 8 1 8
V 3 15 2 5
V 3 17 2 1
V 2 15 2 4
H 2 4 2 16
H 2 3 2 8
V 1 3 2 1
H 5 0 1 2
V 4 1 10 1
H 4 0 1 8
H 4 0 1 20
V 3 15 2 5
V 2 13 2 7
H 2 18 1 2
H 2 3 1 16
H 2 3 1 8
V 18 9 2 1
H 19 0 1 20
V 4 5 16 1
V 4 8 16 1
V 4 8 14 1
V 3 19 2 1
H 4 6 1 14
V 3 15 2 5
V 2 9 2 9
V 1 4 2 1
H 2 4 1 16
H 2 4 1 6
V 1 4 2 1
H 1 4 1 2
H 2 4 1 16
H 2 4 1 6
V 1 4 2 1
H 5 2 1 4
V 4 5 14 4
V 4 8 2 1
H 4 0 1 20
H 8 0 9 20
V 3 15 2 5
V 3 17 2 2
H 3 2 1 18
H 3 2 1 8
V 2 4 2 1
V 2 14 2 1
H 11 3 1 10
H 14 5 1 6
H 6 9 1 2
H 10 9 1 2
V 4 3 16 5
V 4 7 2 1
H 4 0 1 20
V 3 15 2 1
H 3 4 1 16
H 3 4 1 6
H 3 6 1 14
H 3 6 1 12
H 3 7 1 4
V 10 1 10 18
H 12 2 1 2
H 4 1 16 4
V 6 2 2 1
V 7 0 4 3
V 4 2 16 1
H 16 0 3 4
V 18 2 2 1
V 12 11 2 1
H 13 0 5 14
V 5 12 12 3
H 5 11 1 2
V 4 12 16 1
H 18 18 1 2
H 11 5 1 10
H 13 5 1 4
H 8 7 12 12
H 6 0 1 20
V 5 2 8 7
H 11 8 1 2
V 4 5 16 4
H 17 1 2 14
V 8 7 12 1
H 6 3 1 8
H 17 3 3 8
V 16 4 4 13
H 14 5 4 6
H 14 7 1 2
H 17 2 1 18
V 14 7 6 1
V 16 1 2 9
H 12 0 5 8
V 18 11 2 1
V 17 6 2 10
H 17 2 2 16
H 7 4 1 16
H 6 7 1 6
V 4 5 12 4
V 13 19 2 1
H 13 0 1 20
V 9 18 10 1
H 4 0 12 2
V 12 7 2 1
V 13 1 4 19
H 13 4 1 2
V 5 5 14 4
H 17 2 1 12
V 18 4 2 8
V 16 6 2 1
H 17 4 3 12
H 19 5 1 12
V 15 12 4 1
V 10 11 2 1
H 11 11 7 8
V 11 12 2 1
V 4 12 16 1
H 5 13 1 2
V 4 1 2 13
H 4 11 1 6
V 3 15 2 5
V 2 16 2 1
H 3 10 1 10
V 2 12 2 1
H 5 0 2 8
V 5 4 12 5
V 4 4 16 1
H 2 11 1 2
V 12 5 2 1
V 13 2 2 12
H 11 0 4 4
H 15 10 3 8
H 12 16 1 2
H 12 14 2 6
V 9 16 10 1
V 12 10 8 4
V 18 8 2 1
H 19 5 1 10
V 4 12 16 1
V 17 10 2 1
H 18 10 2 6
H 18 4 1 2
V 2 12 2 1
V 15 16 2 1
V 14 3 4 14
H 14 3 4 8
V 12 13 4 1
H 15 2 1 18
V 9 8 2 1
V 6 12 2 1
H 7 5 3 10
V 4 9 10 1
H 4 0 1 20
V 3 19 2 1
H 9 11 1 2
V 4 12 6 2
H 4 8 1 12
V 3 15 2 4
V 2 13 2 4
V 2 18 2 1
V 7 1 6 5
H 12 2 1 6
V 5 5 14 1
H 15 3 3 4
H 10 0 1 20
V 5 3 12 3
H 16 2 1 6
H 9 0 2 20
H 4 10 1 2
H 12 10 1 2
V 4 7 12 4
V 15 6 2 1
V 15 12 2 1
H 15 1 1 12
V 10 4 4 12
H 9 0 4 20
V 12 17 2 1
V 9 16 8 3
V 4 5 14 1
H 4 0 1 10
H 3 17 2 2
H 4 16 1 4
V 2 16 2 2
H 8 15 8 4
V 5 0 6 1
H 3 12 1 6
V 16 11 2 1
V 14 11 6 3
H 8 10 9 8
V 4 13 16 1
H 10 1 4 18
H 12 4 1 2
V 4 4 14 1
H 4 3 9 4
V 5 5 14 1
H 17 15 1 2
V 9 11 8 4
V 10 16 6 1
V 13 9 2 1
H 14 4 1 16
H 16 3 1 14
H 16 3 1 10
H 18 13 1 2
V 4 9 16 1
V 4 13 16 1
H 11 13 1 2
H 18 13 1 2
V 4 12 10 2
H 4 12 1 4
V 3 15 2 3
V 2 13 2 4
H 2 13 2 4
V 4 2 6 8
V 4 13 2 1
H 16 4 1 6
H 4 1 1 16
V 15 4 2 1
H 4 2 10 4
V 14 3 2 7
H 14 2 1 2
V 5 2 2 18
V 6 11 2 1
H 6 0 2 4
V 14 3 2 1
H 15 3 1 12
V 5 5 4 5
H 5 1 2 8
H 14 5 1 8
V 10 8 8 6
H 10 5 8 6
V 14 11 6 2
H 14 11 1 2
H 4 10 16 4
H 4 10 1 6
V 3 15 2 3
V 2 16 2 1
H 3 13 1 4
V 5 9 2 4
H 5 6 1 14
V 12 4 4 14
V 13 15 4 1
H 13 4 3 14
V 14 6 2 10
H 12 5 3 14
H 12 9 1 2
V 4 9 16 1
H 18 6 1 6
V 4 10 8 3
H 4 5 1 12
V 3 15 2 3
V 2 15 2 2
V 4 5 12 2
V 16 9 2 1
H 13 5 4 10
V 13 14 2 1
H 13 2 1 18
H 3 16 1 2
H 5 2 1 16
H 11 8 1 2
V 4 12 2 1
V 4 9 16 1
V 12 1 2 1
H 13 1 1 16
V 15 5 2 1
V 7 0 2 1
V 8 0 4 10
V 8 3 4 1
H 11 0 1 4
H 11 1 1 4
V 5 3 8 2
H 5 2 1 4
V 10 11 2 1
H 11 8 2 12
V 3 16 2 1
V 7 7 12 2
V 14 10 2 5
H 14 4 2 12
H 11 6 6 4
V 4 8 16 1
V 4 5 6 8
H 7 12 1 2
H 6 6 2 14
H 12 8 3 10
V 10 12 10 1
H 5 15 1 2
H 3 14 1 2
H 5 14 3 2
H 10 14 1 4
V 7 13 8 2
V 6 14 12 1
H 4 4 1 10
V 4 9 2 1
H 4 4 1 14
V 7 8 2 1
V 8 0 2 13
H 9 2 1 18
V 6 2 8 1
H 8 0 1 20
V 6 1 4 12
H 6 1 1 10
V 5 11 2 8
H 5 7 3 12
V 11 5 2 1
H 12 2 1 14
H 12 2 1 16
H 11 17 1 2
V 11 4 4 14
H 5 3 1 2
H 8 15 5 4
V 12 6 2 2
H 12 2 1 8
H 6 9 1 10
V 9 7 6 10
H 8 13 7 4
V 9 1 2 1
H 10 0 1 12
V 8 1 2 13
V 8 19 2 1
H 12 3 1 2
V 5 4 10 1
H 5 13 12 2
H 9 12 1 2
V 8 13 10 1
V 4 12 8 2
H 4 12 1 4
V 3 15 2 1
V 8 10 12 1
V 4 9 6 5
H 4 9 1 8
H 11 7 3 6
V 9 11 10 2
H 15 5 1 10
V 14 7 4 6
H 8 10 8 6
V 9 7 8 6
H 13 3 1 10
V 14 8 4 3
H 16 6 1 6
V 15 7 2 7
H 10 4 1 2
H 9 5 7 4
H 4 4 1 12
H 4 4 1 8
V 4 8 6 3
H 9 0 1 20
V 8 13 4 7
H 4 8 1 8
V 4 11 14 1
H 6 6 1 6
H 12 11 1 2
V 4 11 16 1
V 15 7 2 5
H 4 10 13 4
H 15 7 2 6
V 6 3 2 3
H 7 2 5 6
H 9 1 2 4
V 8 15 6 1
H 9 14 4 4
V 9 15 2 5
V 4 5 4 9
H 5 4 9 6
H 4 5 8 4
V 6 8 12 3
V 15 9 4 1
H 11 9 2 8
V 8 12 10 1
V 6 6 2 12
H 6 4 1 14
H 4 9 14 2
H 8 8 1 2
V 6 10 14 1
V 5 10 14 1
H 7 3 1 16
V 16 9 2 3
H 16 8 1 2
V 8 9 2 1
V 9 4 4 12
H 6 4 7 2
H 4 9 1 6
V 5 5 6 1
V 11 6 4 8
V 14 10 2 1
H 5 6 10 6
V 13 10 2 5
H 5 11 10 4
H 7 3 1 8
H 13 14 1 2
V 13 10 6 1
H 5 7 11 6
V 5 11 2 1
H 6 9 2 8
V 5 13 4 2
H 8 11 2 8
V 4 11 12 3
V 6 14 8 1
V 7 13 2 2
H 7 12 1 6
V 6 5 6 5
H 9 1 1 10
H 11 3 1 10
H 4 10 10 4
H 7 8 1 2
V 6 9 12 3
V 7 10 6 5
H 11 10 1 8
H 8 10 1 2
H 4 9 14 2
H 11 5 2 12
V 7 5 2 1
V 7 11 2 1
V 5 6 6 6
H 10 9 4 2
V 8 6 2 1
V 8 15 2 1
H 9 3 2 16
V 9 3 2 9
V 4 9 14 1
H 11 15 1 2
V 11 15 2 1
H 9 10 1 2
H 5 7 10 4
V 5 9 2 1
H 6 6 1 10
H 6 5 1 2
H 8 3 3 8
V 4 7 8 1
H 8 7 4 2
V 7 8 2 1
V 8 8 8 4
H 16 9 1 2
V 9 10 8 2
H 8 4 2 14
H 8 3 3 4
V 8 10 2 8
V 5 12 10 2
V 7 4 2 11
H 9 3 1 2
H 7 4 5 10
V 9 4 2 1
V 8 4 4 2
H 11 4 1 2
H 11 10 1 2
H 8 13 1 2
V 4 11 8 3
H 4 10 2 4
V 9 9 2 9
V 8 16 2 1
H 9 3 1 16
V 10 7 4 7
V 10 11 2 1
V 8 7 2 1
H 9 4 2 14
H 15 11 1 2
V 5 9 8 1
H 10 3 1 12
H 9 9 1 2
V 4 10 12 2
V 7 10 2 1
V 7 11 4 1
H 7 5 1 12
V 11 6 2 1
H 9 16 1 2
V 9 16 2 1
H 11 7 2 2
V 12 7 2 2
V 13 10 2 3
H 12 10 2 4
H 4 9 12 2
H 14 9 1 4
V 4 8 2 4
V 5 8 2 1
V 4 9 2 1
H 5 8 1 6
H 7 5 2 10
H 7 6 4 4
V 4 8 6 4
V 7 8 8 1
V 9 7 2 1
V 7 7 6 7
H 12 11 1 4
V 6 7 4 4
H 6 6 1 8
V 6 10 2 1
V 5 10 2 2
V 5 11 10 1
H 10 8 2 8
H 11 6 1 8
H 13 9 1 2
V 6 10 10 1
H 6 7 1 8
H 7 6 1 2
H 7 13 1 2
H 8 5 1 4
V 6 7 4 4
H 6 7 6 4
V 9 8 4 3
V 10 7 2 1
H 10 5 1 6
V 11 10 2 1
H 12 9 2 2
V 8 6 2 1
V 8 9 2 1
H 9 8 4 6
V 9 12 2 4
H 10 12 1 4
V 8 6 4 2
H 9 4 1 8
V 4 9 8 1
H 5 8 1 2
H 5 9 9 2
V 7 12 2 1
H 8 6 2 10
V 8 7 2 1
V 9 6 2 4
H 8 6 2 8
H 9 5 1 12
H 8 13 1 2
V 12 10 2 2
H 11 7 1 2
V 11 8 2 1
V 6 9 2 2
H 7 7 3 4
H 6 9 6 2
H 6 9 5 4
H 7 10 5 4
V 11 9 2 1
V 10 8 2 2
H 11 7 1 4
H 9 5 1 10
V 8 6 2 7
H 9 5 1 6
H 9 14 1 2
V 8 13 4 1
V 5 10 8 1
H 10 7 1 8
V 9 13 2 1
H 11 11 1 2
H 8 8 4 2
V 11 9 2 1
V 7 10 6 2
V 10 10 2 1
H 8 9 3 4
V 5 10 6 1
V 7 10 2 1
V 8 8 4 4
H 8 7 3 4
V 10 10 2 1
V 8 9 2 1
V 9 8 2 4
H 9 9 1 6
H 8 11 2 2
V 6 11 6 1
V 6 10 2 1
H 7 9 3 2
V 7 11 4 1
V 7 11 2 1
V 8 10 2 2
H 11 8 1 2
V 10 9 2 1
H 10 8 1 2
V 8 10 4 1
H 9 10 1 2
H 9 11 2 2
H 9 10 1 2
V 9 11 2 1
