V 12 16 2 1
H 5 10 1 2
V 7 15 2 1
V 0 11 20 1
V 0 11 14 1
V 0 12 2 1
H 0 11 1 2
H 3 12 1 2
V 0 12 6 1
H 3 12 17 2
H 3 12 1 8
V 2 16 12 3
H 7 14 1 4
H 18 15 1 2
V 0 16 20 2
H 19 16 1 4
H 16 3 3 8
H 16 4 3 8
H 17 9 1 2
V 0 10 20 2
V 0 10 16 2
H 0 11 1 2
V 0 12 6 1
H 3 12 13 2
V 0 17 8 1
H 3 12 1 8
V 2 17 10 3
V 0 17 20 1
H 17 16 2 4
H 0 4 7 6
H 14 6 1 4
H 13 7 1 2
V 0 8 20 2
H 16 6 1 6
V 0 11 20 1
V 0 0 12 4
V 0 11 12 1
H 0 11 1 2
V 0 12 6 1
V 2 17 2 1
H 3 12 1 8
V 0 16 16 1
V 7 16 2 1
H 6 14 6 4
V 4 14 16 1
V 4 4 4 5
H 5 6 1 2
H 0 7 7 2
H 12 7 1 2
H 15 7 1 2
H 1 8 1 2
H 16 8 1 2
V 0 8 20 1
H 16 6 4 6
V 0 11 20 1
V 0 11 12 1
H 0 11 1 2
V 0 12 6 1
H 3 12 1 4
V 1 18 10 1
V 3 13 2 1
H 3 12 1 8
H 3 15 1 2
V 1 16 12 3
H 17 15 1 4
H 12 16 1 2
V 0 11 20 1
V 0 17 20 2
H 11 12 1 2
V 0 13 20 1
H 3 12 1 2
H 8 12 1 2
H 12 12 1 2
H 0 13 4 6
V 0 16 18 3
V 0 16 20 1
H 19 15 1 2
H 18 17 1 2
V 0 11 14 1
H 0 11 1 2
V 0 12 6 1
H 3 12 3 2
V 2 12 2 1
H 3 12 1 8
V 1 17 12 1
V 0 17 20 1
H 0 2 12 2
H 0 0 2 10
V 0 7 10 3
H 7 5 1 4
V 0 8 20 1
H 16 6 2 6
V 0 11 20 1
V 0 0 12 1
V 0 11 12 1
H 0 11 1 2
V 0 12 6 1
H 3 12 3 2
H 3 15 1 2
H 3 12 1 8
V 0 17 10 1
H 4 16 1 2
V 0 17 18 1
H 13 16 5 4
H 3 2 1 2
H 1 0 3 6
H 3 0 3 10
V 2 5 6 4
H 12 8 1 2
H 15 8 1 2
V 0 8 20 1
H 16 6 4 6
V 0 11 20 1
V 0 2 12 2
V 0 11 12 1
H 0 11 1 2
V 0 12 6 1
H 3 12 1 8
H 0 16 1 2
H 5 16 1 2
V 3 16 16 1
H 6 14 6 4
H 7 14 1 2
V 5 14 14 1
H 15 17 1 2
H 11 18 1 2
H 12 18 5 2
V 12 3 6 2
V 12 15 6 4
H 8 15 9 4
V 15 15 4 3
V 14 16 2 1
V 4 14 8 2
H 6 15 12 2
H 11 16 1 2
H 15 16 1 2
H 13 15 1 2
V 0 10 20 2
V 0 16 20 1
V 0 10 2 2
H 0 10 20 2
H 0 11 1 2
V 0 12 6 1
H 3 12 1 8
V 3 16 14 3
H 6 14 5 4
V 4 14 14 1
H 5 6 1 2
V 5 4 6 3
V 8 6 2 1
H 7 6 1 2
H 0 5 9 4
V 0 8 20 1
H 16 6 2 6
V 0 11 20 1
V 0 11 12 1
H 0 11 1 2
V 0 12 6 1
H 3 12 2 2
H 3 12 1 8
V 2 16 8 2
V 0 17 18 1
H 12 16 5 4
H 0 2 6 2
V 3 3 2 1
H 4 0 2 10
V 6 6 2 1
V 5 4 2 6
V 5 12 2 1
V 9 8 2 1
V 0 8 20 1
H 16 6 2 6
V 0 11 20 1
V 0 11 12 1
H 0 11 1 2
V 0 12 6 1
H 3 12 1 8
V 3 16 12 1
V 14 16 2 1
V 1 16 18 1
H 18 15 1 2
H 1 13 1 2
V 0 13 18 1
H 0 13 2 6
V 0 16 18 1
H 15 16 1 2
V 1 16 18 1
H 0 10 16 2
H 0 11 1 2
V 2 12 2 1
V 0 12 6 1
H 3 12 1 8
H 13 15 1 2
V 0 16 14 1
H 9 14 2 4
H 5 14 1 2
H 9 14 1 2
V 5 14 12 1
V 0 10 4 2
H 0 10 5 2
H 0 11 1 2
V 0 12 6 1
H 3 12 1 4
H 3 12 1 8
H 8 17 1 2
V 3 18 10 1
V 1 18 16 1
H 16 3 3 8
H 16 4 4 8
H 1 10 1 2
V 0 11 20 1
V 0 10 12 2
H 0 11 1 2
V 0 12 6 1
H 3 12 1 8
V 0 16 10 1
H 4 16 1 2
V 0 16 18 1
H 17 15 1 2
H 11 1 1 2
V 0 2 12 1
H 4 2 6 2
H 4 0 1 10
V 4 8 4 1
H 11 8 1 2
H 14 7 1 2
V 0 8 20 1
H 16 6 2 6
V 0 10 20 2
V 0 10 12 2
H 0 11 1 2
V 0 12 6 1
H 3 12 10 2
H 3 12 1 8
H 9 16 1 2
V 3 17 8 2
V 1 16 16 2
H 12 16 4 4
H 18 7 1 2
H 16 8 3 4
V 0 10 20 2
V 0 10 14 2
H 0 11 1 2
V 0 12 6 1
H 3 12 1 8
V 0 16 10 2
V 0 16 18 1
H 11 0 1 2
V 0 0 12 1
H 1 0 3 6
H 2 0 1 10
V 7 5 2 2
V 0 4 8 5
V 0 8 20 1
V 15 9 2 1
H 16 6 2 6
V 0 11 20 1
V 0 11 12 1
H 0 11 1 2
V 0 12 6 1
H 3 12 1 4
H 3 12 1 8
V 0 17 8 3
V 0 16 16 3
V 0 10 4 2
H 0 10 5 2
H 0 11 1 2
V 0 12 6 1
H 3 12 1 4
V 2 16 2 1
H 3 12 1 8
V 0 17 8 3
V 1 17 14 2
V 0 13 18 1
H 0 13 1 2
V 0 13 12 1
H 0 13 4 6
V 0 16 16 1
V 1 16 16 1
V 0 10 20 2
V 0 10 4 2
H 0 11 1 2
V 0 12 6 1
H 3 12 1 8
V 0 10 8 2
V 0 16 8 2
V 0 16 16 1
H 14 15 2 2
H 0 11 1 2
V 0 12 6 1
H 3 12 8 2
H 3 12 1 8
V 6 18 2 1
V 3 16 8 3
V 0 16 16 2
H 10 15 1 2
V 4 16 12 1
V 10 15 4 4
V 11 12 2 1
H 10 14 1 2
H 12 12 2 2
V 6 12 14 1
H 16 3 4 8
H 17 4 3 8
V 0 11 20 1
V 0 10 14 2
H 0 11 1 2
V 0 12 6 1
H 3 12 4 2
H 18 12 1 2
V 6 13 2 1
H 3 12 1 8
V 3 16 8 3
V 1 17 14 1
V 16 1 4 2
H 19 1 1 8
H 19 2 1 10
V 0 11 20 1
V 0 11 18 1
H 0 11 1 2
V 0 12 18 1
H 10 14 1 4
V 1 12 18 1
H 18 12 1 2
V 6 14 6 1
V 5 19 2 1
H 0 14 3 6
H 6 14 4 6
H 6 14 6 4
V 5 14 8 1
H 8 14 1 2
H 0 13 3 6
V 0 13 12 1
H 0 13 1 2
V 0 13 18 1
H 16 12 1 2
V 0 12 18 1
V 3 12 10 2
V 12 13 2 1
H 3 12 1 6
H 3 12 1 8
V 3 16 4 4
V 0 16 12 4
V 14 8 4 2
H 16 6 1 6
V 0 11 20 1
V 0 10 12 2
H 0 11 1 2
V 0 12 6 1
H 3 12 7 2
H 3 12 1 8
V 3 17 6 2
V 0 17 14 1
V 13 0 4 3
H 16 0 1 2
V 12 1 8 2
H 19 1 1 10
H 19 2 1 10
V 0 10 20 2
V 0 11 18 1
H 0 11 1 2
V 0 12 6 1
V 5 12 2 1
H 3 12 1 4
H 3 12 1 8
H 6 16 2 2
V 2 17 6 3
V 1 17 12 2
V 0 10 14 2
H 0 11 1 2
V 7 12 2 1
V 0 12 16 1
V 0 12 18 1
H 16 8 4 4
V 0 11 20 1
V 0 11 16 1
H 0 11 1 2
V 0 12 6 1
H 3 12 1 8
V 3 16 2 4
V 0 16 14 1
H 9 14 3 4
H 16 8 1 2
V 14 3 6 6
H 19 2 1 10
V 0 8 20 2
V 0 10 20 2
V 0 10 18 2
H 0 11 1 2
V 0 12 6 1
H 3 12 1 8
V 0 16 14 1
H 9 14 2 6
H 16 8 3 4
V 0 11 20 1
V 0 10 12 2
H 0 11 1 2
V 0 12 6 1
H 3 12 1 8
V 3 16 6 3
H 8 15 1 4
H 5 16 1 2
V 0 16 14 1
H 19 1 1 10
V 18 10 2 1
H 19 2 1 10
H 19 6 1 2
V 0 10 20 2
V 0 10 18 2
H 0 11 1 2
V 0 12 6 1
H 3 12 6 2
H 3 12 1 8
V 2 17 6 2
V 1 16 12 2
V 14 0 2 3
V 12 2 8 1
V 18 6 2 1
H 19 1 1 8
H 19 2 1 10
V 0 10 20 2
V 0 10 18 2
H 0 11 1 2
V 0 12 16 1
H 10 12 1 2
V 1 12 16 1
H 14 12 1 2
H 16 12 1 2
V 0 11 20 1
V 0 11 16 1
H 0 11 1 2
V 0 12 6 1
H 3 12 1 8
V 0 16 12 2
H 8 14 2 6
V 15 3 2 7
H 16 8 3 4
V 0 11 20 1
V 0 11 12 1
H 0 11 1 2
V 0 12 6 1
H 3 12 1 4
V 3 13 2 1
H 3 12 1 8
V 2 17 4 3
V 1 18 10 1
V 1 8 16 2
H 16 8 1 4
H 11 10 1 2
V 0 11 20 1
V 0 11 12 1
H 0 11 1 2
V 0 12 6 1
H 3 12 1 8
V 6 17 2 1
V 1 16 6 2
H 3 15 1 2
V 1 16 12 1
V 13 5 6 4
H 16 6 3 6
V 0 11 20 1
H 7 10 1 2
V 0 11 12 1
H 0 11 1 2
V 0 12 14 1
V 0 12 16 1
H 15 12 1 2
H 0 7 11 2
V 4 8 14 1
H 16 6 2 6
H 6 10 1 2
V 0 11 20 1
V 0 11 12 1
H 0 11 1 2
V 0 12 6 1
H 3 12 6 2
H 3 12 1 8
V 3 16 4 4
V 0 17 12 1
V 15 7 2 3
H 16 6 1 6
V 0 11 20 1
V 0 11 12 1
H 0 11 1 2
V 3 12 12 1
V 0 12 6 1
H 3 12 1 8
V 2 16 4 2
V 0 16 12 1
H 11 15 1 2
H 14 0 4 2
V 16 1 4 2
H 19 1 1 10
H 19 2 1 10
V 0 11 20 1
H 17 10 1 2
V 0 11 18 1
H 0 11 1 2
V 0 12 6 1
H 3 12 1 8
V 3 16 2 1
H 5 16 1 2
V 0 16 12 1
H 9 14 2 4
V 5 16 4 3
H 2 13 1 6
H 1 16 8 4
V 0 10 16 1
H 0 10 18 2
H 0 11 1 2
V 0 12 6 1
H 3 12 3 2
H 3 12 1 8
H 5 16 1 2
V 2 17 4 2
V 1 17 10 1
H 2 8 1 2
H 8 8 1 2
H 0 7 11 2
V 8 8 12 1
H 16 6 2 6
V 0 11 20 1
V 0 10 12 2
H 0 11 1 2
V 0 12 14 1
V 0 12 16 1
H 3 8 1 2
V 0 8 20 1
H 16 6 2 6
V 0 11 20 1
V 0 11 12 1
H 0 11 1 2
V 0 12 6 1
H 3 12 1 4
H 3 12 1 8
V 3 16 2 3
V 0 17 10 2
H 0 10 12 2
H 0 11 1 2
V 0 12 14 1
V 1 12 14 1
V 0 11 20 1
V 0 10 4 2
H 0 11 1 2
V 0 12 6 1
H 3 12 1 8
V 3 16 2 3
V 0 16 10 1
H 9 15 1 2
V 0 11 18 1
H 0 11 1 2
V 0 12 6 1
H 3 12 1 8
V 3 13 2 1
V 1 16 6 3
H 6 14 1 4
V 4 14 4 2
H 16 8 1 4
V 0 11 20 1
V 0 11 12 1
H 0 11 1 2
V 0 12 6 1
V 2 13 2 1
H 3 12 1 8
V 2 16 4 3
V 1 16 10 1
V 16 3 2 1
V 14 4 2 1
V 15 0 2 1
V 15 3 2 3
H 0 3 1 2
H 12 3 1 2
H 14 3 1 2
H 12 4 8 4
H 16 4 1 8
V 0 11 20 1
V 0 11 12 1
H 0 11 1 2
V 0 12 12 1
V 0 12 14 1
H 13 12 1 2
V 3 8 14 1
H 16 6 2 6
V 0 11 20 1
V 0 11 12 1
H 0 11 1 2
V 0 12 6 1
H 3 12 7 2
H 3 12 1 8
V 4 17 2 1
H 3 15 1 2
V 3 16 2 2
V 0 16 10 2
H 4 4 5 6
V 0 8 20 1
H 16 6 1 6
V 0 11 20 1
V 0 11 12 1
H 0 11 1 2
V 0 12 6 1
H 3 12 1 6
H 3 12 1 8
V 0 17 8 3
H 2 17 1 2
H 0 16 7 4
V 0 10 2 2
H 0 10 8 2
H 0 11 1 2
V 0 12 6 1
H 3 12 1 8
V 0 16 8 1
H 6 14 2 4
V 14 6 6 2
H 19 2 1 10
V 0 11 20 1
V 0 11 18 1
H 0 11 1 2
V 0 12 6 1
H 3 12 1 8
V 3 16 2 3
V 0 16 10 1
V 11 9 6 1
H 16 8 1 4
V 0 10 20 2
V 0 10 12 2
H 0 11 1 2
V 0 12 6 1
H 3 12 1 6
H 3 12 1 8
V 0 19 6 1
H 4 2 6 2
H 5 0 1 10
V 5 4 2 6
V 0 8 20 2
H 16 6 4 6
V 0 11 20 1
V 0 11 12 1
H 0 11 1 2
V 0 12 6 1
H 3 12 1 8
V 1 16 6 2
H 6 14 1 4
V 5 14 2 1
H 2 1 1 8
H 7 4 1 2
H 14 4 1 2
V 0 5 8 4
V 0 8 20 2
H 16 6 1 6
H 0 11 1 2
V 0 11 20 1
V 0 0 12 2
V 0 11 12 1
H 0 11 1 2
V 0 12 12 1
V 0 12 14 1
H 7 16 1 2
H 0 10 2 2
H 0 11 1 2
V 0 12 10 1
V 0 12 12 1
H 11 12 1 2
H 16 6 1 6
V 0 10 20 2
V 0 10 12 2
H 0 11 1 2
V 0 12 6 1
H 3 12 1 6
H 3 12 1 8
V 2 16 4 4
V 3 4 8 3
H 6 4 2 6
V 0 8 20 1
H 16 6 1 6
V 0 10 20 2
H 9 10 1 2
V 0 11 12 1
H 0 11 1 2
V 0 12 12 1
V 1 12 12 1
V 2 5 10 2
H 3 4 5 6
H 4 7 1 2
V 0 8 20 1
V 17 10 2 1
H 16 6 2 6
V 0 10 20 2
V 0 11 12 1
H 0 11 1 2
V 0 12 6 1
H 3 12 1 8
V 3 16 2 1
V 1 16 8 1
V 12 0 8 1
H 13 0 4 2
V 12 1 8 2
H 19 1 1 10
H 19 2 1 10
V 0 10 20 2
V 8 10 2 1
V 0 10 18 2
H 0 11 1 2
V 0 12 6 1
H 3 12 1 4
H 3 12 1 8
V 1 18 6 1
H 2 16 3 4
V 0 10 8 2
H 0 11 1 2
V 0 12 6 1
V 2 15 2 1
H 3 12 1 4
H 3 12 1 8
V 1 16 4 3
H 12 5 8 2
H 2 1 1 2
H 19 1 1 2
V 18 3 2 1
H 19 2 1 10
V 0 10 20 2
V 0 10 18 2
H 0 11 1 2
H 3 12 2 2
V 0 12 6 1
H 3 12 8 2
H 3 12 1 8
V 1 16 6 2
H 0 7 10 2
V 2 8 16 1
H 16 6 2 6
V 0 11 20 1
V 0 11 12 1
H 0 11 1 2
V 0 12 8 1
V 0 12 12 1
H 10 12 1 2
V 5 4 2 6
H 0 7 10 2
V 0 8 20 1
H 16 6 3 6
V 0 10 20 2
V 0 10 12 2
H 0 11 1 2
V 0 12 6 1
V 8 12 4 1
H 3 12 7 2
H 3 12 1 8
V 0 17 6 1
V 5 4 2 5
H 2 5 6 4
V 0 8 20 1
H 16 6 3 6
V 0 11 20 1
V 0 11 12 1
H 0 11 1 2
V 0 12 6 1
H 3 12 1 8
V 0 16 8 1
V 2 4 10 2
H 6 4 3 6
V 0 8 20 1
H 16 6 1 6
V 0 11 20 1
V 0 11 12 1
H 0 11 1 2
V 0 12 6 1
H 3 12 1 4
H 3 12 1 8
V 2 18 4 1
H 0 0 3 4
H 0 0 1 10
H 5 8 1 2
V 0 7 12 2
V 0 8 20 1
H 16 6 1 6
V 0 11 20 1
V 0 11 12 1
H 0 11 1 2
V 0 12 6 1
H 3 12 1 8
V 0 16 2 1
V 1 16 6 1
H 6 15 1 2
H 0 0 5 6
H 4 0 2 10
V 4 8 4 2
V 0 8 20 1
H 16 6 3 6
V 0 11 20 1
V 0 0 12 3
V 0 11 12 1
H 0 11 1 2
V 0 12 6 1
H 3 12 1 6
H 3 12 1 8
V 2 19 2 1
H 0 0 4 6
H 1 0 1 10
V 0 7 10 2
V 0 8 20 1
H 16 6 1 6
V 0 11 20 1
V 0 11 12 1
H 0 11 1 2
V 0 12 10 1
V 0 12 12 1
H 2 16 4 2
V 3 16 4 1
V 18 1 2 2
H 19 2 1 8
V 18 7 2 1
H 19 2 1 10
V 0 11 20 1
V 0 11 18 1
H 0 11 1 2
V 0 12 10 1
V 1 12 10 1
V 4 9 4 1
V 0 9 20 1
V 15 10 2 1
H 16 8 2 4
V 0 11 20 1
V 0 11 12 1
H 0 11 1 2
V 0 12 6 1
H 3 12 1 6
H 3 12 1 8
H 0 2 3 2
H 5 2 1 2
H 5 4 1 2
H 4 0 2 10
H 5 3 1 2
H 15 3 1 2
V 5 4 2 6
V 0 8 20 1
H 16 6 2 6
V 0 11 20 1
V 0 11 12 1
H 0 11 1 2
H 4 12 1 2
V 0 12 6 1
H 3 12 1 4
H 3 12 1 6
V 2 16 4 2
V 1 9 2 1
H 2 0 1 10
V 0 6 8 3
V 0 8 20 1
H 16 6 1 6
V 0 11 20 1
V 0 1 12 1
V 0 11 12 1
H 0 11 1 2
V 0 12 8 1
V 0 12 10 1
H 9 12 1 2
H 0 13 4 2
H 1 13 3 4
H 0 0 12 4
H 0 0 1 10
H 9 8 1 2
H 7 6 1 2
V 0 7 12 2
V 0 8 20 1
H 16 6 1 6
V 0 11 20 1
V 0 11 12 1
H 0 11 1 2
V 0 12 6 1
H 3 12 1 6
H 3 12 1 2
H 3 13 1 6
H 1 2 11 2
H 2 0 4 10
V 4 7 4 3
V 0 8 20 2
H 16 6 1 6
V 0 11 20 1
V 0 1 12 2
V 0 11 12 1
H 0 11 1 2
V 0 12 6 1
H 3 12 1 4
H 3 12 1 6
V 3 17 2 1
H 0 0 10 4
V 2 2 2 1
V 2 9 2 1
V 2 7 4 1
H 3 0 2 10
V 2 7 6 2
H 12 8 1 2
H 14 7 1 2
V 0 8 20 1
V 15 7 4 1
H 16 6 4 6
V 0 11 20 1
V 0 11 12 1
H 0 11 1 2
V 0 11 2 1
V 0 12 6 1
H 3 12 1 4
H 3 12 1 6
V 2 17 2 1
V 0 10 4 2
H 0 11 1 2
V 0 12 6 1
V 0 12 8 1
H 7 12 1 2
V 0 10 10 2
H 0 10 1 2
H 0 11 1 2
V 0 10 6 2
V 0 12 6 1
H 3 12 1 4
H 3 12 1 6
H 0 10 4 2
H 0 11 1 2
V 0 12 6 1
H 3 12 1 4
H 2 13 2 4
V 3 16 2 1
V 0 11 20 1
V 0 11 14 1
H 0 11 1 2
V 0 12 6 1
H 3 12 1 4
V 2 13 2 4
H 2 13 2 4
H 0 13 1 2
V 1 15 2 1
V 13 1 2 1
V 13 3 2 1
V 14 0 2 3
V 14 5 2 1
V 12 2 8 1
H 19 2 1 8
H 19 1 1 2
H 19 2 1 10
V 0 10 20 2
V 0 10 18 2
H 0 11 1 2
V 0 12 6 1
H 3 12 4 2
V 0 11 4 1
V 0 13 4 1
H 1 13 3 2
H 1 14 1 2
H 0 11 1 2
V 0 12 6 1
H 3 12 4 2
V 2 14 2 1
H 3 12 1 4
V 2 15 2 1
V 0 10 20 2
V 0 10 16 2
H 0 11 1 2
V 0 12 6 1
H 3 12 4 2
V 0 13 6 1
V 7 8 12 2
H 16 8 3 4
V 0 11 20 1
V 0 11 12 1
H 0 11 1 2
V 0 12 6 1
V 5 12 2 1
V 0 12 8 1
V 15 8 2 2
H 16 8 4 4
V 0 11 20 1
H 0 11 1 2
V 0 11 12 1
V 0 12 2 1
H 0 11 1 2
V 0 12 6 1
H 3 12 4 2
V 1 13 4 1
H 1 13 1 2
H 3 7 9 2
V 8 8 10 2
H 16 6 1 6
V 0 11 20 1
V 0 11 12 1
H 0 11 1 2
V 0 12 6 1
H 13 8 1 2
V 12 7 6 2
H 16 4 1 8
V 0 11 20 1
H 4 10 1 2
V 0 11 12 1
H 0 11 1 2
V 1 12 6 1
V 0 12 4 1
V 0 12 6 1
H 5 12 2 2
V 13 0 4 3
V 12 1 8 2
H 3 1 2 8
H 19 1 1 8
V 18 11 2 1
H 19 2 1 10
V 0 10 20 2
V 0 10 18 2
H 16 9 1 2
H 0 11 1 2
V 2 12 2 1
V 0 12 6 1
H 3 12 1 4
V 2 12 2 1
V 2 14 2 1
V 14 1 6 2
H 19 1 1 10
H 19 2 1 10
V 0 11 20 1
H 15 10 1 2
V 0 11 18 1
H 0 11 1 2
V 0 12 6 1
H 3 12 2 2
H 3 12 1 4
V 7 8 10 1
H 16 6 1 6
H 15 10 1 2
V 0 11 20 1
V 0 11 12 1
H 0 11 1 2
V 0 12 6 1
H 3 12 2 2
H 3 13 1 2
V 4 7 4 3
V 0 8 20 2
H 16 6 1 6
V 0 11 20 1
H 4 10 1 2
V 0 11 12 1
H 0 11 1 2
V 0 12 2 1
H 3 12 1 2
V 0 12 6 1
H 4 12 1 2
H 0 4 1 2
V 0 4 12 1
H 4 1 1 8
V 3 5 4 5
H 15 7 1 2
V 0 8 20 1
H 16 6 1 6
V 0 11 20 1
V 0 1 12 1
V 0 11 12 1
H 0 11 1 2
V 0 12 6 1
H 3 12 1 2
V 2 13 2 1
V 13 0 4 3
H 13 0 4 2
V 12 1 8 1
H 19 1 1 10
H 19 2 1 10
H 5 10 1 2
V 0 11 20 1
V 0 11 18 1
H 0 11 1 2
V 0 12 4 1
V 0 12 6 1
V 3 7 6 3
V 0 8 20 2
H 16 8 4 4
V 0 11 20 1
V 0 11 12 1
H 0 11 1 2
V 0 12 4 1
V 1 12 4 1
H 2 1 4 4
H 3 0 1 10
V 2 1 2 1
V 1 8 6 1
H 7 8 1 2
V 0 8 20 1
H 16 6 1 6
V 0 11 20 1
V 0 11 12 1
H 0 11 1 2
V 0 12 2 1
V 18 5 2 7
H 19 1 1 10
V 18 4 2 1
H 19 1 1 4
H 15 0 1 2
V 12 1 8 1
V 12 0 6 2
H 12 0 1 2
H 16 0 1 2
V 17 0 2 1
V 15 5 2 4
H 17 7 1 2
V 13 10 6 1
H 16 8 2 4
H 2 10 1 2
V 0 10 20 1
H 8 10 1 2
V 0 10 12 1
H 0 0 2 10
V 1 1 2 1
V 0 8 16 1
H 0 7 1 2
V 0 8 20 1
H 19 1 1 10
H 19 1 1 4
V 14 1 6 2
V 13 1 6 1
H 13 0 1 2
V 12 2 2 1
H 3 10 1 2
H 13 1 3 2
V 4 10 16 1
V 3 10 12 1
V 18 0 2 1
H 15 0 1 2
V 6 11 2 1
H 0 0 4 4
H 0 0 6 10
V 0 1 12 1
V 0 8 12 2
V 0 8 20 1
H 16 6 3 6
V 4 10 16 2
V 4 11 8 1
H 19 1 1 4
V 16 1 4 1
V 16 4 4 8
H 5 10 1 2
H 14 10 1 2
V 5 10 2 1
H 19 2 1 10
H 19 1 1 8
V 15 1 4 1
V 16 1 4 1
H 16 0 2 2
H 1 7 1 2
H 7 7 1 2
V 0 7 12 1
H 9 7 3 2
H 5 8 1 2
V 0 8 20 1
H 19 1 1 10
H 19 1 1 4
V 17 1 2 1
V 16 1 4 2
V 16 1 2 2
V 16 11 2 1
V 17 2 2 1
H 7 7 1 2
V 0 8 20 2
H 19 1 1 10
H 19 1 1 4
V 9 8 10 2
H 16 6 1 6
V 9 11 10 1
V 9 11 4 1
V 10 11 2 1
H 0 0 2 4
H 1 0 1 10
V 0 8 16 2
V 0 8 20 1
H 17 4 3 8
H 19 3 1 2
V 18 4 2 1
V 14 11 6 1
H 17 6 3 6
H 19 5 1 6
V 13 7 6 2
V 15 10 2 1
H 16 6 3 6
H 17 10 1 2
V 12 10 8 1
H 6 7 1 2
H 8 7 1 2
H 13 7 1 2
H 18 7 1 2
V 4 8 16 1
H 17 7 1 2
H 6 8 1 2
H 16 4 3 8
V 15 5 4 5
H 16 3 1 2
V 12 4 6 5
V 8 9 8 1
H 6 4 2 6
H 15 4 3 6
H 16 4 1 8
H 19 6 1 2
V 14 3 2 2
H 15 3 1 2
V 14 11 4 1
H 16 4 1 8
V 13 7 6 1
H 12 4 5 4
V 17 6 2 1
H 12 6 6 4
H 13 8 1 2
V 12 9 8 1
V 0 8 20 1
V 15 9 2 1
H 16 8 2 4
V 14 10 4 1
V 0 1 12 3
H 1 0 3 10
V 1 7 10 2
V 0 8 20 1
H 15 7 1 2
H 13 6 6 4
H 12 5 4 2
V 14 6 4 1
V 15 7 4 3
V 16 10 2 1
H 16 8 1 4
V 13 5 2 1
H 12 8 1 2
V 12 5 4 4
H 13 4 2 6
V 10 8 8 2
V 7 8 2 1
V 5 7 6 3
H 0 8 12 2
H 12 7 1 2
H 17 7 1 2
V 0 8 2 1
V 1 8 18 1
V 15 7 2 1
H 16 8 1 2
H 12 4 2 6
V 13 7 2 1
H 12 4 2 4
H 12 3 1 2
H 0 4 1 2
V 0 5 12 2
H 2 4 7 6
H 13 8 1 2
V 0 8 18 1
V 11 9 2 1
V 9 8 6 2
H 12 6 3 4
V 11 8 4 2
H 12 4 1 6
H 12 4 1 2
V 7 9 2 1
V 0 8 16 2
H 15 8 1 2
V 6 7 4 2
H 4 6 4 4
H 8 7 1 2
V 1 8 14 2
V 2 5 10 1
V 5 9 2 1
H 5 5 1 2
H 6 4 3 6
H 8 8 1 2
H 9 7 1 2
V 0 8 16 1
H 14 7 1 2
V 2 8 14 1
V 0 9 2 1
V 12 7 2 3
H 10 7 1 2
H 13 7 1 2
V 2 8 8 2
H 5 5 1 4
V 0 8 14 2
H 2 6 1 2
H 2 7 9 2
V 5 8 8 1
V 10 8 2 1
H 5 4 4 6
V 5 9 6 1
H 3 7 8 2
V 6 7 6 1
H 10 7 1 2
V 5 6 2 1
H 4 0 2 10
V 1 7 10 1
H 4 4 1 2
H 4 0 1 10
V 1 5 8 4
H 4 3 1 4
V 0 6 2 1
H 4 7 1 2
H 1 4 7 4
V 4 7 6 1
V 2 0 6 4
H 4 0 2 10
V 1 6 10 1
V 3 5 2 5
H 4 6 2 4
H 2 5 1 2
V 1 6 8 2
V 0 4 12 1
H 3 0 3 10
H 5 8 1 2
V 5 1 2 1
V 1 9 6 1
H 4 5 1 4
V 4 4 6 3
H 9 5 1 2
V 0 7 8 1
H 3 4 5 4
V 2 5 2 1
V 1 4 10 2
V 3 1 4 1
V 0 0 10 2
H 5 1 1 6
H 9 4 1 2
V 0 4 12 1
V 2 7 4 3
H 5 7 1 2
H 5 4 2 4
V 1 4 10 1
V 5 7 2 1
H 5 7 1 2
V 4 2 4 2
H 1 2 4 4
H 2 2 1 4
V 1 5 8 1
H 4 3 1 4
V 4 4 4 3
H 7 5 1 2
H 11 1 1 2
V 3 0 4 1
H 0 0 4 10
V 0 4 8 2
H 1 3 1 2
V 0 4 10 1
V 2 6 4 1
H 0 5 5 4
V 9 2 2 1
V 6 0 4 4
V 6 5 2 1
V 5 4 2 1
V 4 1 2 4
H 11 0 1 2
V 0 1 12 1
H 0 1 3 6
V 0 1 10 2
V 1 2 10 1
V 3 3 2 5
H 3 5 1 4
V 3 1 6 3
H 5 0 4 4
V 7 0 4 2
H 9 1 1 2
V 2 0 6 3
H 0 2 5 4
V 2 0 2 1
H 2 0 1 10
H 5 4 1 2
V 9 0 2 1
V 7 1 2 2
V 4 2 4 2
V 2 5 2 3
H 0 3 3 6
V 1 7 2 1
V 0 5 2 5
V 0 6 4 2
H 0 8 1 2
V 4 0 2 1
V 4 4 2 1
V 3 3 2 3
H 4 4 1 2
V 3 0 4 1
V 6 0 4 1
H 0 1 2 8
H 3 5 1 2
V 0 5 4 1
H 3 5 1 2
H 2 1 1 2
V 2 2 2 3
H 2 0 1 8
V 2 0 2 4
H 3 0 1 2
H 4 1 1 4
V 0 1 8 2
V 0 1 2 7
H 0 2 2 6
H 4 2 1 2
H 0 4 1 2
V 1 1 6 2
H 2 1 1 2
H 6 1 1 2
V 0 2 4 1
V 0 2 6 1
H 5 2 1 2
V 1 1 6 1
V 3 0 2 3
V 1 0 8 1
H 0 3 1 4
V 0 2 4 2
H 0 3 1 2
H 0 0 1 2
H 0 1 1 8
V 2 0 4 3
V 0 0 4 5
H 3 2 1 2
H 0 5 1 2
H 0 0 2 6
V 5 0 2 1
H 0 0 6 2
V 1 0 6 1
H 1 3 1 2
V 1 3 2 1
H 1 0 1 2
H 4 0 1 2
V 2 2 2 1
H 0 1 1 4
H 0 0 1 4
V 0 0 4 1
V 0 0 2 2
H 0 0 1 4
H 0 0 3 2
V 0 0 2 1
V 1 0 2 1
