H 7 0 1 2
H 15 0 1 2
V 12 1 2 1
H 5 14 1 2
V 8 12 2 1
V 11 18 2 1
H 7 2 1 2
H 11 2 1 2
H 14 2 1 2
V 12 17 2 3
H 8 8 6 12
H 12 9 1 4
H 11 8 4 6
V 8 8 12 1
V 3 5 2 1
H 0 0 4 20
H 3 5 1 2
H 17 5 1 2
H 3 10 1 2
V 0 6 6 5
V 5 7 2 1
V 5 14 2 1
V 5 18 2 1
V 4 12 2 2
H 5 1 1 18
H 4 0 1 20
H 11 17 1 2
V 4 18 16 1
H 11 8 3 12
H 11 8 4 8
V 9 8 10 1
V 0 4 20 2
H 2 0 1 4
V 1 3 8 5
H 2 2 4 8
V 3 9 2 1
H 4 0 2 20
H 14 18 1 2
V 4 18 14 1
H 4 17 1 2
H 10 17 1 2
V 4 18 16 2
V 16 15 4 1
H 19 10 1 10
H 18 9 2 8
V 9 11 4 1
V 8 10 6 4
H 12 10 2 4
V 8 12 12 8
H 18 9 1 6
V 0 4 20 4
V 4 5 8 3
H 4 6 2 4
V 3 2 2 1
H 4 0 1 20
H 10 18 1 2
H 16 18 1 2
V 4 18 14 1
H 12 17 1 2
V 4 18 16 1
H 18 10 2 10
V 18 14 2 1
V 18 16 2 1
H 19 10 1 6
H 4 4 1 16
H 9 17 1 2
V 4 18 16 2
H 8 9 1 10
H 8 8 5 12
H 12 8 1 8
V 9 8 8 1
V 3 2 8 1
V 4 3 2 1
H 4 2 1 12
H 0 9 1 2
H 5 9 1 2
H 4 0 2 20
V 3 8 2 1
V 4 18 12 1
H 18 17 1 2
V 4 18 16 2
V 11 19 2 1
H 18 10 1 10
V 17 14 2 1
H 18 10 1 6
H 3 4 1 2
H 13 4 1 2
V 0 5 20 2
H 4 4 1 2
H 1 5 5 4
V 4 3 2 1
V 4 6 2 1
H 4 0 1 20
V 4 18 10 2
V 4 18 16 1
H 17 9 1 10
H 17 9 1 8
H 4 18 1 2
H 4 17 4 2
V 4 18 8 1
H 9 8 3 12
H 8 8 4 8
V 8 8 8 1
V 13 11 2 1
V 13 19 2 1
H 13 8 1 8
V 10 12 8 1
H 17 10 1 4
H 4 7 1 2
H 4 5 2 6
H 4 0 2 20
H 4 17 1 2
V 4 18 16 1
V 13 12 2 1
H 5 13 1 2
H 12 13 1 2
H 9 8 5 12
H 15 11 1 2
H 14 16 1 4
V 8 12 12 6
H 18 11 1 2
V 1 17 2 1
H 0 0 2 20
V 0 8 8 3
H 4 0 1 20
V 4 18 8 2
H 4 17 1 2
V 4 18 16 1
H 15 10 2 10
H 15 9 2 8
V 8 13 12 1
V 4 14 4 1
H 4 11 2 8
V 5 12 2 1
V 5 15 2 5
H 9 18 1 2
V 4 18 16 1
H 12 8 3 12
H 13 8 2 8
V 3 0 4 7
H 3 3 3 8
V 2 8 2 1
H 4 0 2 20
V 4 18 8 2
V 4 18 16 2
H 16 10 1 10
H 16 10 1 6
V 2 5 14 3
H 0 7 6 2
V 3 2 2 1
H 4 0 2 20
V 4 18 6 1
V 4 18 16 1
V 15 19 2 1
V 11 18 2 1
H 12 10 4 10
V 15 11 2 1
H 15 9 1 8
V 5 0 14 2
H 5 1 1 14
H 4 0 2 16
H 5 0 1 20
H 6 17 1 2
V 11 19 2 1
V 4 18 16 2
V 12 17 2 1
H 13 8 1 12
V 9 12 10 3
V 11 8 2 12
H 8 8 5 6
V 9 11 8 1
V 5 18 12 1
V 9 19 10 1
V 17 15 2 1
H 8 12 10 8
H 14 13 1 2
H 17 13 1 2
V 8 14 12 2
H 5 10 1 2
H 12 11 1 2
V 10 12 8 1
H 5 9 1 2
V 5 0 2 1
V 5 3 2 1
H 4 1 2 18
V 4 18 6 2
V 4 18 16 1
V 15 13 2 1
V 15 19 2 1
H 14 10 2 10
H 13 10 3 6
V 0 2 8 1
H 4 1 1 12
H 4 0 1 20
V 4 17 4 3
V 4 18 16 1
V 9 11 4 1
H 11 10 4 10
H 9 9 6 8
H 13 9 1 2
H 2 1 1 8
H 2 8 2 12
V 2 6 4 5
H 4 9 1 2
H 4 0 1 20
V 4 17 4 3
H 12 17 1 2
V 4 18 16 1
V 10 12 4 1
V 12 19 2 1
H 13 10 2 10
H 14 10 1 6
V 2 6 8 2
H 3 5 2 4
H 4 0 1 20
H 12 18 1 2
V 4 18 16 1
H 12 8 1 12
H 14 11 1 2
V 9 12 8 3
V 2 2 4 2
H 4 0 2 12
H 4 0 2 20
V 4 18 16 1
H 12 12 2 8
V 9 14 10 6
V 11 9 2 1
V 3 6 10 1
H 4 6 2 4
H 4 0 1 20
H 17 18 1 2
V 4 18 14 1
H 10 8 2 12
H 11 8 1 8
V 0 0 14 4
V 6 0 2 1
H 4 1 2 12
H 5 0 1 20
V 4 18 16 1
H 12 10 2 10
H 12 10 2 6
V 5 1 2 7
V 5 17 2 1
V 4 9 2 1
H 5 0 1 14
H 5 0 1 20
H 19 17 1 2
H 7 18 1 2
V 4 18 16 1
H 8 14 7 6
V 9 15 10 2
V 8 9 4 1
V 13 14 2 6
H 11 11 1 2
H 0 8 3 6
H 10 8 1 6
H 10 12 5 6
V 8 11 4 1
V 8 11 6 4
V 8 14 8 2
H 10 8 1 12
V 0 8 8 1
H 2 0 1 20
H 4 0 1 20
H 6 18 1 2
H 8 18 1 2
V 4 18 16 1
H 12 12 1 8
V 9 14 8 1
V 2 3 4 7
V 3 2 2 1
V 3 10 2 1
H 4 1 1 18
V 4 18 12 2
H 13 17 1 2
V 4 18 16 2
V 18 19 2 1
H 15 16 4 4
V 15 15 2 5
H 15 14 1 2
H 14 13 1 6
H 12 15 4 2
V 12 16 6 1
V 0 7 20 1
H 1 13 1 2
H 1 0 3 14
H 1 6 1 2
H 7 2 1 2
V 3 0 12 3
V 8 1 2 1
V 0 0 20 1
V 4 8 4 3
H 4 0 2 20
H 9 18 1 2
V 4 19 14 1
V 5 18 14 2
H 17 17 1 2
H 9 18 1 2
V 6 18 14 1
H 4 17 4 2
V 4 18 8 1
H 8 8 2 12
H 8 8 2 8
V 8 11 2 1
H 8 8 1 4
H 8 8 1 2
V 8 9 2 7
V 8 10 4 4
H 2 2 2 18
H 3 0 1 8
V 0 5 6 6
H 4 0 2 20
V 4 18 14 2
H 13 13 1 6
V 14 15 2 1
H 10 14 5 6
H 15 18 1 2
V 9 15 8 4
V 0 0 12 1
H 4 0 1 16
H 4 0 1 20
V 4 17 4 2
H 17 17 1 2
V 5 18 14 1
H 8 12 6 8
H 8 11 1 2
H 8 12 6 4
H 14 15 1 2
V 13 16 4 4
H 16 16 1 4
H 15 15 1 2
H 4 15 4 4
V 5 18 6 1
H 10 10 1 10
H 10 10 1 6
H 0 7 4 10
V 3 8 2 2
H 4 0 2 20
V 5 8 2 1
V 5 13 2 1
V 4 18 14 1
V 5 18 14 1
H 4 5 1 2
H 5 3 1 2
V 0 4 10 2
V 9 2 2 1
V 9 15 2 1
H 5 6 1 4
H 1 0 9 8
H 14 1 2 2
V 1 0 18 2
V 18 1 2 1
H 10 0 1 2
V 0 0 18 1
H 4 0 2 16
V 5 1 2 2
H 5 0 1 20
H 4 17 1 2
V 4 18 12 1
H 10 11 2 8
H 10 11 2 6
H 5 17 1 2
H 13 17 1 2
H 15 17 2 2
H 16 18 1 2
H 8 10 2 8
V 9 13 2 4
H 12 14 1 2
V 8 14 6 1
V 10 12 2 8
H 8 12 4 4
V 8 16 8 1
H 12 13 1 6
H 0 0 13 4
V 6 2 14 1
V 0 5 20 1
H 1 0 5 10
V 0 0 14 1
V 0 0 18 1
V 0 4 20 3
H 1 0 3 10
V 2 1 12 3
V 1 1 18 1
H 3 10 1 2
V 3 8 2 1
H 0 8 4 6
V 1 2 4 7
H 4 0 1 20
V 6 19 4 1
V 4 18 8 2
H 8 10 2 10
H 8 9 1 8
V 8 10 2 1
V 16 1 2 1
H 4 2 1 2
H 14 2 1 2
V 0 3 20 1
H 5 3 1 2
V 4 2 10 2
V 5 7 2 1
H 4 3 2 10
H 4 0 2 20
V 4 18 10 1
V 5 18 12 1
H 12 16 4 4
H 5 18 11 2
V 15 18 2 1
V 4 19 2 1
H 9 14 4 6
H 13 15 1 2
V 5 19 2 1
V 6 18 10 2
H 9 14 3 6
H 9 12 1 2
H 8 16 1 4
H 8 13 4 4
H 4 10 1 10
V 4 8 4 4
H 5 18 1 2
H 5 5 1 14
V 4 18 6 2
V 8 16 2 1
H 8 10 1 10
H 10 12 1 4
H 8 10 1 6
V 9 12 2 1
H 4 3 1 2
H 0 0 8 4
V 0 2 18 2
V 1 2 18 2
V 0 6 20 2
H 9 2 1 4
H 6 0 4 8
H 17 2 1 2
H 7 3 1 2
V 0 3 20 1
H 0 8 4 8
V 0 8 6 3
H 4 0 1 20
V 4 18 8 1
V 4 18 12 2
H 14 16 1 4
V 8 11 2 1
V 11 15 2 1
H 8 16 6 2
V 13 17 2 1
V 7 18 8 1
H 12 18 1 2
H 14 18 1 2
V 0 18 2 1
V 6 3 2 1
H 0 0 1 20
V 0 2 16 1
H 16 1 1 2
V 1 2 16 1
H 16 1 1 2
V 0 5 20 3
H 4 3 2 6
H 5 0 1 20
H 4 17 1 2
V 4 18 10 1
H 8 14 3 6
H 8 13 3 4
V 1 3 8 3
V 3 9 2 1
H 4 4 1 6
H 4 0 1 20
V 4 17 4 3
V 4 18 10 1
V 10 17 4 1
H 11 14 1 6
H 10 14 2 2
V 11 18 4 1
H 9 16 4 4
H 7 2 1 4
V 5 2 12 2
V 3 1 8 2
H 12 1 1 2
H 8 2 1 2
V 0 2 16 1
H 13 1 1 2
H 15 1 1 2
H 6 11 1 2
V 9 0 4 2
V 9 3 2 1
H 8 0 2 8
V 0 4 2 1
H 6 4 1 2
V 1 4 18 1
H 4 0 2 20
V 8 4 2 1
V 8 14 2 1
H 7 3 1 2
V 5 4 8 2
H 16 5 1 2
V 0 5 20 1
H 6 4 1 2
V 4 7 12 1
H 0 7 5 2
V 3 0 2 1
V 5 10 2 1
H 0 0 2 20
H 4 0 2 20
H 5 18 1 2
V 4 18 10 1
H 5 15 1 4
V 5 18 10 1
V 0 5 6 5
V 5 19 2 1
V 3 3 2 2
H 4 2 2 18
V 11 17 2 1
V 11 19 2 1
V 4 18 8 2
H 8 12 1 8
H 8 12 1 4
H 14 0 1 2
V 12 2 4 2
V 1 1 14 1
V 5 5 10 1
V 3 0 6 8
V 0 0 14 4
V 6 3 2 1
V 13 2 2 1
H 3 8 1 2
V 0 8 8 1
H 2 1 1 8
V 2 4 12 2
H 7 3 1 2
V 0 4 18 1
H 4 4 2 8
V 4 2 2 1
V 4 18 2 1
H 5 0 1 20
H 9 17 1 2
V 4 18 6 2
H 4 17 1 2
V 4 18 10 1
V 4 18 8 1
H 4 14 1 2
V 4 15 4 4
H 4 0 2 20
V 3 5 2 1
H 4 4 2 6
H 9 4 1 4
H 1 5 1 2
V 0 0 10 6
H 4 6 1 2
V 1 5 18 2
V 10 1 4 1
H 14 2 1 2
V 8 15 2 5
V 8 17 4 2
V 3 1 10 1
H 12 0 1 2
V 14 3 2 1
V 11 1 2 1
H 0 3 1 2
H 0 2 14 2
V 11 3 4 1
V 3 9 2 1
V 5 12 2 1
V 4 5 2 9
H 4 7 1 10
H 4 2 1 2
H 4 3 2 16
H 6 18 1 2
V 4 0 8 2
V 4 18 8 1
H 8 16 2 4
V 5 17 2 3
H 6 17 1 2
V 4 18 6 2
V 10 1 2 1
V 0 1 10 6
H 6 0 1 8
H 4 3 1 2
V 1 2 12 2
V 0 7 2 1
V 9 6 2 1
H 1 9 1 2
H 0 1 1 18
V 6 6 4 1
V 0 6 16 2
H 9 6 1 2
V 0 7 18 1
V 9 5 6 3
H 14 5 1 2
H 10 1 1 2
V 5 2 6 2
H 0 0 10 8
V 15 7 2 1
V 0 6 16 2
H 8 17 1 2
V 12 4 2 1
V 5 1 4 1
H 8 0 1 2
H 4 18 4 2
V 5 18 4 1
V 4 13 2 4
V 5 14 2 1
H 5 14 1 6
V 4 17 4 3
H 5 5 1 2
V 5 2 2 4
V 1 4 12 3
V 0 5 14 3
H 1 0 6 8
V 1 2 10 2
H 5 4 1 12
H 2 3 7 2
V 2 3 10 1
H 4 0 1 20
V 4 2 2 1
H 2 2 3 8
V 3 5 4 3
H 0 6 1 4
V 0 5 14 2
H 4 4 1 16
V 9 5 2 1
H 5 7 1 2
V 4 3 6 5
H 2 6 1 2
H 3 9 1 4
V 1 7 14 1
H 10 6 1 2
H 12 6 1 2
V 2 12 2 1
V 2 15 2 1
H 3 0 1 20
V 4 8 2 1
V 3 8 4 3
V 1 3 6 1
V 5 0 2 1
H 4 0 2 20
V 5 4 2 1
V 5 19 2 1
H 8 1 1 2
H 6 15 1 4
H 5 3 1 2
H 2 1 6 6
H 2 5 10 2
V 11 6 2 1
V 6 4 4 1
H 6 0 1 8
H 2 7 4 4
V 5 1 2 7
V 5 9 2 4
H 8 6 1 2
V 0 7 14 1
V 5 10 2 2
V 1 4 4 1
V 3 3 2 1
H 4 0 2 16
V 5 1 2 1
V 5 13 2 1
V 1 4 10 2
H 5 11 1 8
V 3 8 2 1
V 4 6 2 7
V 4 15 2 1
H 5 4 1 14
H 4 16 1 4
V 4 17 4 1
V 2 15 2 1
H 3 4 1 16
V 2 9 4 2
H 5 0 1 20
H 5 2 3 6
H 6 1 1 2
H 3 3 1 2
V 0 4 10 1
V 0 1 4 18
V 0 1 6 2
H 5 0 1 2
V 4 14 4 1
H 4 13 2 4
H 4 14 1 6
V 4 15 4 2
V 5 7 2 1
V 1 7 12 1
V 2 7 4 1
H 5 1 1 8
V 1 5 10 3
V 4 6 8 2
V 4 2 2 9
V 4 6 2 1
H 4 0 1 20
V 4 5 4 3
V 4 11 4 4
H 2 2 1 2
H 0 3 8 4
V 5 4 4 2
H 4 11 1 8
V 5 3 2 1
V 4 3 2 9
V 4 10 2 1
H 4 0 1 12
H 9 5 1 2
H 6 9 2 6
V 1 8 6 3
H 1 2 3 18
V 3 5 2 1
H 0 5 3 10
V 0 6 10 2
H 3 5 1 2
H 8 5 1 2
V 1 6 10 1
H 0 1 1 2
H 0 0 3 2
V 1 1 4 4
H 2 2 1 2
H 1 3 6 4
V 0 6 10 2
V 3 7 2 1
V 2 0 2 11
H 3 0 1 16
V 1 3 6 5
V 5 4 2 1
V 5 14 2 1
V 4 13 4 1
V 4 5 2 12
V 2 7 2 1
H 3 2 3 8
H 4 3 2 14
H 4 16 1 2
V 3 3 2 8
V 2 2 2 1
H 3 1 1 18
V 4 6 4 2
H 5 2 1 8
V 5 4 2 1
V 4 3 2 7
H 5 3 1 2
V 6 9 2 2
H 4 9 3 6
H 3 16 1 2
V 0 15 4 2
H 1 15 2 4
V 1 0 2 11
H 2 0 1 6
V 2 8 2 6
H 1 4 5 6
H 3 6 1 4
V 0 5 8 3
H 0 16 1 4
V 6 8 2 5
H 6 12 1 2
V 0 2 4 2
H 1 1 2 4
V 1 13 2 1
V 0 5 2 12
H 0 9 2 10
V 0 15 4 1
H 0 14 3 4
H 0 8 5 2
V 4 13 2 1
H 4 4 1 12
V 2 5 2 1
H 3 3 1 14
H 0 1 1 2
H 0 2 4 4
V 2 3 2 1
V 2 9 2 1
V 2 11 2 5
V 3 5 2 6
H 4 3 1 6
V 4 4 2 1
H 1 0 1 2
H 2 11 1 6
H 4 7 1 6
H 1 10 1 4
V 1 10 6 1
H 4 9 3 4
V 4 8 2 5
H 4 8 1 2
H 4 9 1 6
H 4 4 1 6
V 2 7 6 1
V 1 5 4 6
V 0 4 2 7
V 0 17 2 1
H 0 0 1 10
V 1 3 2 13
H 1 10 1 6
H 0 1 2 10
V 0 8 4 1
H 1 2 1 16
H 0 16 1 2
H 5 8 2 4
V 2 7 4 3
H 5 6 1 2
V 0 9 8 1
V 1 7 2 1
H 2 6 3 4
V 1 7 6 1
H 0 7 6 4
V 2 8 6 3
V 3 8 4 1
H 3 5 2 6
H 4 6 1 8
H 6 9 1 2
H 5 7 1 4
V 0 11 2 1
V 1 4 2 11
H 0 12 2 4
V 0 7 4 7
H 1 13 1 2
H 0 10 4 4
V 3 6 2 4
H 3 5 1 2
H 3 5 1 4
H 0 9 1 8
H 3 9 1 2
H 2 7 2 6
V 1 8 6 2
V 0 6 4 1
H 1 3 1 6
V 2 6 2 1
V 1 5 2 3
H 2 5 1 2
V 3 10 2 1
V 2 8 4 3
H 3 7 2 4
H 4 8 1 4
V 3 9 4 1
H 0 6 1 10
H 1 4 1 2
V 0 5 2 9
H 1 4 1 10
H 2 7 1 2
V 1 8 2 5
H 1 5 1 10
H 0 6 2 8
V 0 9 6 1
H 3 6 1 6
H 5 9 1 2
H 1 5 1 4
H 0 7 4 4
V 3 8 2 1
H 0 4 1 6
V 1 7 2 5
H 2 9 1 4
V 0 9 2 1
V 1 9 2 2
H 0 8 1 2
H 0 6 2 6
V 0 7 4 1
H 2 7 1 4
V 0 9 6 1
V 2 8 2 1
H 2 7 1 2
V 3 9 2 1
H 3 9 1 2
V 1 9 4 1
H 0 8 3 4
V 0 6 2 6
H 0 9 1 4
H 0 7 2 4
H 0 6 1 2
V 1 9 2 1
H 0 8 1 4
H 0 9 1 2
V 0 9 2 1
H 0 7 1 4
V 0 8 2 2
