V 3 3 2 1
H 9 3 1 2
V 6 7 14 1
V 6 7 6 9
H 6 2 1 10
V 0 2 12 1
H 0 1 1 2
V 0 1 18 1
H 16 0 1 2
V 0 1 20 1
H 19 0 1 2
H 13 7 1 2
V 6 8 14 1
V 6 8 6 3
H 6 2 1 12
V 0 2 12 1
H 0 1 1 2
V 0 1 18 1
V 0 1 20 1
V 13 10 2 10
H 14 12 1 2
H 13 13 7 2
V 6 14 14 2
H 6 2 1 18
H 6 2 1 6
H 0 2 1 2
H 14 2 1 2
H 19 2 1 2
V 0 2 12 1
H 0 1 1 2
V 0 1 18 1
V 1 1 18 1
H 18 0 1 2
V 1 4 2 5
V 0 4 6 16
H 5 2 1 4
V 0 2 10 1
H 0 1 1 2
V 0 1 18 1
V 1 1 18 1
V 0 9 4 11
V 0 17 6 3
H 5 2 1 18
V 4 3 2 1
H 5 2 1 12
H 2 2 1 2
V 2 2 8 1
V 0 2 20 1
V 18 4 2 1
H 19 2 1 4
H 19 3 1 4
V 11 6 2 1
V 12 4 8 3
V 11 4 8 3
V 7 17 8 3
V 6 14 8 5
V 13 18 2 1
H 6 2 1 18
H 6 2 1 12
V 0 2 12 1
H 0 1 1 2
H 14 0 1 2
V 0 1 16 1
V 0 1 18 1
H 17 0 1 2
H 2 2 1 2
V 0 2 14 1
H 0 1 1 2
V 0 1 16 1
V 0 1 18 1
V 0 1 16 1
V 0 1 4 1
H 0 1 1 2
V 0 2 18 1
V 17 2 2 1
V 0 2 20 1
H 11 2 9 2
H 19 2 1 4
V 12 4 8 2
V 11 4 8 2
H 5 10 1 2
V 0 9 6 2
V 1 13 2 1
V 0 9 2 11
H 0 8 6 4
H 3 9 1 2
H 0 4 1 16
V 6 2 2 1
V 6 7 2 13
H 6 2 1 10
V 4 2 6 1
V 0 2 20 1
H 12 2 8 2
H 19 2 1 4
V 12 4 8 2
V 12 4 6 2
V 6 8 14 1
V 6 7 4 3
H 6 2 1 12
V 5 2 6 1
H 16 2 1 2
V 0 2 20 1
H 19 2 1 4
V 12 4 8 1
V 11 4 8 1
V 2 16 4 4
H 5 2 1 18
H 5 2 1 10
H 0 1 1 2
V 4 3 2 1
V 0 2 10 1
H 5 2 1 2
H 6 2 1 2
H 15 2 1 2
H 0 1 1 2
V 0 1 14 1
V 0 1 16 1
H 15 0 1 2
V 4 2 2 1
H 5 2 1 4
V 2 2 8 1
V 0 2 20 1
H 19 2 1 4
H 19 3 1 4
V 14 4 6 3
V 13 4 6 3
H 13 18 1 2
H 13 9 1 10
V 6 14 14 2
H 6 2 1 18
H 6 2 1 6
H 3 2 1 2
H 9 2 1 2
H 12 2 8 2
V 0 2 12 1
H 0 1 1 2
V 0 1 16 1
H 11 0 1 2
V 1 1 16 1
V 0 2 20 1
V 0 2 6 2
H 0 1 1 2
V 0 1 12 1
V 0 1 16 1
H 14 0 1 2
V 3 12 2 1
V 0 4 4 12
H 1 15 1 2
V 0 6 6 6
H 4 11 1 2
H 5 2 1 8
V 2 2 8 1
V 0 2 20 1
H 19 2 1 4
V 12 4 8 1
V 12 4 6 1
H 5 2 1 16
V 3 2 8 1
V 0 2 20 1
H 19 3 1 2
H 12 2 8 2
H 19 2 1 4
V 14 4 6 3
V 13 4 6 2
V 6 14 8 5
V 6 15 4 5
H 6 2 1 18
H 6 2 1 10
V 5 2 2 1
H 5 2 1 16
H 5 2 1 18
H 4 12 1 2
V 2 13 4 7
V 1 17 4 3
V 6 18 8 2
H 6 2 1 18
H 6 2 1 16
V 5 2 2 1
H 5 2 1 14
V 4 8 2 1
V 5 2 2 1
H 5 2 1 18
V 0 18 6 1
V 0 17 4 2
V 13 13 2 1
H 0 13 1 2
H 4 13 1 2
H 13 13 2 2
V 6 14 14 1
H 6 2 1 18
H 6 2 1 6
V 0 2 12 1
H 0 1 1 2
H 0 2 1 2
V 0 1 14 1
H 0 1 1 2
V 0 1 16 1
V 13 9 4 4
H 13 9 1 8
V 6 14 14 1
H 6 2 1 18
H 6 2 1 6
V 5 2 6 1
V 0 2 20 1
H 19 2 1 4
H 19 3 1 4
V 14 4 6 3
V 14 4 4 3
H 3 14 1 2
V 0 14 6 1
V 2 16 2 1
V 1 13 2 1
H 2 10 1 10
V 1 11 2 1
V 0 6 6 5
V 5 2 2 1
H 5 2 1 8
H 2 2 1 2
V 0 2 10 1
H 0 1 1 2
V 0 1 14 1
V 1 1 14 1
V 6 9 6 2
V 6 7 2 9
H 6 2 1 14
V 5 2 6 1
H 5 2 1 2
V 0 2 20 1
H 11 2 9 2
H 19 2 1 4
V 14 4 6 2
V 14 4 4 2
V 6 16 8 4
V 6 11 2 6
H 6 2 1 18
V 6 4 2 1
H 6 2 1 10
V 5 2 2 1
V 4 6 2 1
H 5 2 1 14
H 5 2 1 18
H 3 18 1 2
V 2 17 4 2
V 1 17 4 2
V 13 13 6 2
H 13 13 4 2
V 6 14 14 1
H 6 2 1 18
H 6 2 1 6
V 5 2 2 1
H 5 7 1 2
H 5 2 1 12
V 4 4 2 1
V 4 19 2 1
H 5 2 1 18
H 0 14 1 4
V 0 17 6 1
V 0 17 4 1
H 14 10 6 6
V 6 14 14 2
V 6 14 12 1
H 6 2 1 18
H 6 2 1 6
V 5 2 6 1
H 14 2 1 2
V 0 2 20 1
H 6 2 1 2
H 19 2 1 4
H 19 3 1 4
V 16 4 4 3
V 15 4 4 3
H 18 13 1 2
H 17 14 3 4
V 6 14 14 2
H 15 15 1 2
V 6 14 10 2
V 5 2 2 1
H 6 2 1 18
V 6 3 4 1
V 6 14 4 2
H 6 2 1 6
H 0 1 1 2
V 0 2 12 1
H 0 1 1 2
V 0 1 12 1
H 0 1 1 2
V 0 1 14 1
H 13 0 1 2
V 7 4 2 1
V 6 2 2 5
V 5 2 2 1
H 6 2 1 6
H 5 2 1 2
V 0 2 12 1
H 0 1 1 2
V 0 1 10 1
V 0 1 14 1
H 12 0 1 2
V 3 6 2 1
V 3 19 2 1
V 4 4 2 16
H 5 2 1 6
V 4 2 8 1
V 0 2 20 1
H 19 2 1 4
V 14 4 6 1
H 15 4 5 2
H 16 5 1 2
V 4 2 2 2
H 5 2 1 18
H 1 10 1 2
V 0 11 6 2
H 2 5 4 14
V 0 4 4 11
V 0 4 6 7
H 5 10 1 2
H 5 2 1 14
H 10 2 1 2
V 4 2 8 1
V 0 2 20 1
H 19 2 1 4
V 14 4 6 1
V 14 4 4 1
H 6 2 1 18
H 6 2 1 6
V 5 2 6 1
V 0 2 20 1
H 16 2 4 2
H 19 2 1 4
V 16 4 4 2
V 15 4 4 2
H 18 11 2 8
V 6 14 14 2
V 6 14 10 1
H 6 2 1 18
H 6 2 1 6
V 0 2 12 1
H 0 1 1 2
V 0 1 12 1
V 0 1 14 1
H 4 18 1 2
V 0 12 2 1
V 0 15 2 1
H 1 5 5 12
V 6 7 14 1
V 6 7 2 3
H 6 2 1 10
H 5 2 1 2
V 5 2 2 1
V 4 9 2 1
H 5 2 1 8
V 4 4 2 1
H 5 2 1 18
V 0 12 6 4
V 0 11 4 5
V 6 13 6 2
H 6 2 1 18
H 6 2 3 4
V 5 2 6 1
H 5 2 1 2
V 0 2 20 1
H 16 2 4 2
H 19 2 1 4
H 17 5 1 2
V 16 4 4 2
V 16 5 2 1
V 3 7 2 1
V 4 4 2 15
V 4 11 2 1
V 4 14 2 1
H 5 2 1 18
H 5 11 1 2
H 5 2 1 10
V 5 2 8 1
V 0 2 20 1
H 19 2 1 4
V 16 4 4 1
V 15 4 4 1
V 6 17 4 3
H 6 2 1 18
H 6 2 1 12
V 0 2 12 1
H 0 1 1 2
V 0 1 10 1
V 0 1 12 1
H 11 0 1 2
V 6 14 14 2
V 6 13 2 4
H 6 2 1 18
H 6 2 1 8
V 5 2 2 1
H 5 2 1 18
V 1 11 2 1
H 2 14 1 2
V 2 9 4 6
H 3 5 3 14
H 17 12 1 4
V 6 14 14 1
V 6 14 8 5
H 6 2 1 18
H 6 2 1 6
V 5 2 2 1
H 5 2 1 16
H 3 9 1 2
V 0 10 6 5
H 2 4 4 14
H 16 11 4 6
V 6 14 14 1
V 6 14 10 1
H 6 2 1 18
H 6 2 1 6
H 7 2 1 2
V 5 2 6 1
V 0 2 20 1
H 19 2 1 4
V 16 4 4 1
H 18 5 1 2
H 17 4 3 2
H 17 5 1 2
V 6 14 2 1
H 6 2 1 18
H 6 2 1 6
V 0 2 12 1
H 0 1 1 2
V 0 1 12 1
H 10 0 1 2
V 1 1 12 1
V 5 2 2 1
H 0 2 6 2
V 2 2 8 1
V 0 2 20 1
H 19 2 1 4
V 16 4 4 1
H 17 4 1 2
V 6 3 2 3
V 6 17 2 3
H 6 2 1 6
V 5 2 2 1
H 5 2 1 16
V 0 10 6 3
V 1 5 2 1
H 2 5 1 12
H 6 2 1 18
H 6 2 1 16
V 0 2 12 1
H 0 1 1 2
V 0 1 10 1
V 0 1 12 1
V 6 16 8 1
V 13 9 4 2
V 13 13 4 3
H 13 13 5 2
V 6 14 14 1
H 6 2 1 18
H 6 2 1 6
V 4 2 6 1
V 0 2 20 1
H 19 2 1 4
V 16 4 4 1
V 16 4 2 1
H 15 14 2 4
V 6 14 14 2
V 6 13 6 3
H 6 2 1 18
H 6 2 1 6
H 5 2 1 2
V 0 2 12 1
H 0 1 1 2
V 0 1 10 1
V 9 1 2 1
H 5 0 5 2
V 0 0 10 1
H 13 9 1 10
V 6 14 14 1
H 6 2 1 18
H 6 2 1 6
V 5 2 2 1
H 5 2 1 8
V 4 10 2 1
H 5 3 1 16
H 4 8 1 6
V 0 11 6 4
V 0 6 4 9
H 18 13 1 4
H 17 11 3 4
V 6 14 14 2
V 6 14 12 2
H 6 2 1 18
H 6 2 1 6
V 4 2 6 1
V 0 2 20 1
H 19 2 1 4
V 7 2 4 5
H 6 2 4 4
V 0 2 20 1
H 19 3 1 4
H 19 2 1 4
V 18 4 2 3
V 17 4 2 1
V 3 16 2 1
V 7 9 6 2
V 6 8 2 7
V 6 18 2 2
H 6 2 1 16
V 5 2 2 1
H 5 2 1 6
H 5 2 1 16
V 0 12 6 2
V 0 11 4 3
V 7 10 2 1
H 8 7 3 12
V 6 7 8 1
H 6 2 1 10
V 0 2 12 1
H 0 1 1 2
V 0 1 8 1
H 9 0 1 2
V 0 1 10 1
H 9 0 1 2
H 6 2 1 18
V 6 7 2 1
H 6 2 1 16
V 6 2 6 1
V 0 2 20 1
H 19 2 1 2
H 19 2 1 4
V 18 5 2 1
H 13 13 7 2
V 6 14 14 1
H 6 2 1 18
H 6 2 1 6
V 0 2 12 1
H 0 1 1 2
V 0 1 10 1
V 1 1 10 1
V 6 12 6 3
H 6 2 1 18
H 6 2 1 6
V 5 2 2 1
H 5 2 1 14
V 0 8 6 2
V 1 7 2 1
H 2 4 2 12
V 7 16 8 2
V 6 17 6 1
H 6 2 1 18
H 6 2 1 12
V 5 2 2 1
H 5 2 1 14
H 5 3 1 16
V 4 17 2 1
H 7 13 1 2
H 17 13 1 2
V 6 14 14 2
V 6 14 10 2
H 6 2 1 18
H 6 2 1 8
V 4 2 6 1
V 0 2 20 1
H 19 2 1 4
H 19 3 1 4
H 15 10 2 10
V 6 14 14 1
V 6 13 4 4
H 6 2 1 18
H 6 2 1 6
V 5 2 2 1
H 5 2 1 16
H 5 3 1 16
H 16 13 4 4
V 6 14 14 1
V 6 14 12 2
H 6 2 1 18
H 6 2 1 6
V 0 2 12 1
H 0 1 1 2
V 0 1 10 1
H 5 0 1 2
V 1 0 8 1
V 12 2 8 2
H 19 3 1 2
V 18 4 2 1
H 6 2 2 2
H 18 2 1 2
V 4 2 6 1
V 0 2 20 1
H 15 2 5 2
V 18 2 2 1
H 19 2 1 4
H 6 2 1 12
V 0 2 12 1
H 0 1 1 2
V 0 1 6 1
V 0 1 10 1
H 8 0 1 2
H 5 2 1 16
V 0 2 10 1
H 0 1 1 2
V 0 1 10 1
H 5 0 3 2
V 2 0 6 1
V 6 7 4 3
H 6 2 1 12
V 5 2 2 1
H 5 2 1 4
H 5 2 1 16
V 0 11 6 2
V 0 11 4 2
H 11 7 1 2
V 6 7 14 1
V 6 7 2 13
H 6 2 1 10
V 5 2 2 1
H 5 2 1 6
V 4 16 2 1
H 5 2 1 16
H 3 14 1 2
V 2 4 4 11
V 1 6 4 8
V 6 7 8 2
V 5 2 2 1
H 6 2 1 10
V 0 2 12 1
H 0 1 1 2
V 0 1 8 1
V 0 1 10 1
V 2 14 2 1
V 6 2 2 1
V 6 12 2 1
H 6 2 1 18
V 6 7 2 1
H 6 2 1 16
V 5 2 2 1
H 5 2 1 12
H 5 2 1 16
V 4 16 2 1
H 19 9 1 10
H 6 14 1 2
V 6 14 14 1
V 6 14 12 2
H 6 2 1 18
V 5 2 2 1
H 6 2 1 6
V 5 2 2 1
H 5 2 1 14
H 5 3 1 2
V 2 4 4 7
H 4 9 1 2
H 3 4 3 12
H 0 2 1 2
H 15 2 5 2
V 0 2 20 1
V 0 2 10 1
H 0 1 1 2
V 0 1 6 1
V 0 1 8 1
H 7 0 1 2
H 8 2 1 2
V 1 2 16 1
H 5 2 1 12
H 5 2 1 14
V 4 6 2 1
V 4 15 2 1
H 6 2 1 18
H 6 2 1 10
V 5 2 2 1
H 5 2 1 14
V 2 6 4 5
H 3 5 1 10
V 6 14 12 1
H 6 2 1 18
H 6 2 1 6
V 5 2 2 1
H 5 2 1 14
H 5 3 1 14
V 6 13 4 6
H 6 2 1 18
H 6 2 1 6
V 0 2 12 1
H 0 1 1 2
V 3 1 2 1
V 0 1 8 1
V 1 1 8 1
V 6 14 10 1
V 5 2 2 1
V 6 13 2 1
H 6 2 1 18
H 6 2 1 6
H 5 2 1 2
V 5 2 2 1
H 5 2 1 4
V 4 11 2 1
H 5 2 1 14
V 0 10 6 2
V 0 10 4 2
V 6 14 8 5
V 6 17 6 3
V 6 15 2 1
H 6 2 1 18
H 6 2 1 14
V 5 2 2 1
V 4 3 2 1
H 5 2 1 6
H 5 2 1 14
V 2 11 4 2
V 1 11 4 2
V 1 4 2 6
H 2 7 2 6
V 0 2 10 1
H 0 1 1 2
V 0 1 4 1
V 0 1 8 1
H 6 0 1 2
H 5 2 1 4
V 2 2 8 1
V 0 2 20 1
H 2 2 1 2
H 6 2 1 2
H 19 2 1 2
H 8 3 3 4
V 7 4 2 1
H 9 2 1 2
V 2 2 8 1
H 5 2 1 6
H 5 2 1 12
H 6 2 1 12
V 2 8 4 4
V 1 11 4 1
V 5 2 2 1
H 5 2 1 12
V 4 13 2 1
H 5 3 1 12
V 4 4 2 9
V 4 14 2 1
H 9 13 1 2
V 6 14 12 2
H 6 2 1 18
H 6 2 1 8
V 0 2 12 1
H 0 1 1 2
V 0 1 2 1
V 0 1 8 1
H 5 0 1 2
V 4 0 2 1
H 13 9 1 10
V 6 14 14 1
H 6 2 1 18
H 6 2 1 6
V 0 2 12 1
H 0 1 1 2
H 5 0 1 2
V 0 1 6 1
V 0 1 8 1
V 6 7 4 2
H 6 2 1 10
V 0 2 12 1
H 0 1 1 2
V 0 1 6 1
V 1 1 6 1
H 5 2 1 10
H 6 2 1 2
V 2 2 8 1
V 0 2 20 1
V 6 18 2 2
H 6 2 1 18
H 6 2 1 14
V 5 2 2 1
H 4 2 2 2
H 5 2 1 12
H 5 7 1 2
V 0 8 6 2
V 0 4 4 6
V 12 16 2 1
H 14 16 1 2
H 2 9 1 2
V 13 10 2 7
H 13 9 1 8
V 6 14 14 2
H 6 2 1 18
H 6 2 1 6
V 5 2 2 1
H 5 2 1 10
H 3 7 1 2
V 0 7 6 1
H 2 4 2 8
H 16 10 1 10
V 6 14 14 2
V 6 14 6 6
V 6 3 2 1
H 6 2 1 18
H 6 2 1 6
V 11 2 2 1
V 11 8 2 1
V 6 2 6 1
V 1 2 18 1
H 7 2 1 2
H 18 2 1 2
V 11 2 6 2
H 12 2 5 2
V 17 2 2 1
V 2 2 16 1
V 4 3 2 1
H 5 2 1 10
H 3 7 1 2
V 0 7 6 1
V 1 6 2 1
H 2 5 4 6
H 8 15 1 2
V 7 10 6 6
V 6 11 6 4
H 6 2 1 18
H 6 2 1 2
H 5 2 1 4
V 5 2 2 1
H 0 2 6 2
V 1 2 8 1
H 5 2 1 10
V 0 7 6 2
V 0 4 4 5
V 7 14 2 1
V 6 7 2 11
H 6 2 1 18
V 6 13 2 1
H 6 2 1 12
V 5 2 2 1
H 6 2 1 2
H 5 2 1 4
V 5 2 2 1
H 5 2 1 10
V 2 7 4 3
V 1 4 4 6
H 19 12 1 2
H 16 13 4 4
V 6 14 14 2
V 6 14 12 2
H 6 2 1 18
V 5 2 2 1
H 6 2 1 6
V 0 2 12 1
H 0 1 1 2
V 0 1 4 1
V 0 1 6 1
H 5 3 1 10
V 11 2 4 2
V 11 2 6 2
V 3 10 2 1
H 7 14 1 2
V 6 15 4 1
H 6 2 1 18
H 6 2 1 8
V 0 2 12 1
H 0 1 1 2
V 0 1 4 1
V 1 1 4 1
V 6 7 14 1
V 6 7 8 1
H 6 2 1 10
V 5 2 2 1
H 0 2 6 2
H 14 2 1 2
H 5 2 1 10
V 2 4 4 5
V 1 4 4 5
V 7 16 8 4
V 6 8 2 12
V 6 18 2 1
H 6 2 1 18
H 6 2 1 16
V 5 2 2 1
H 5 2 1 8
H 5 2 1 10
V 4 6 2 1
V 4 11 2 1
V 7 17 2 1
V 6 17 4 3
H 6 2 1 18
H 6 2 1 16
V 5 2 2 1
H 5 2 1 10
V 0 4 6 4
V 0 4 4 4
H 17 12 2 8
H 18 14 1 2
V 6 14 14 1
V 6 14 8 1
H 6 2 1 18
H 6 2 1 6
V 5 2 2 1
H 5 2 1 8
V 0 4 6 3
H 2 4 3 6
V 3 9 2 1
H 10 9 1 2
V 6 7 6 3
H 6 2 1 14
V 5 2 2 1
H 0 2 1 2
H 3 2 3 2
H 5 2 1 10
V 2 7 4 2
V 2 8 2 1
H 6 2 1 18
V 5 2 2 1
H 6 2 1 16
H 5 2 1 2
V 5 2 2 1
H 5 2 1 6
V 4 4 2 1
H 5 2 1 10
V 4 10 2 1
H 15 12 2 6
V 6 14 14 1
V 6 13 4 5
H 6 2 1 18
V 6 4 2 1
H 6 2 1 6
V 0 2 12 1
H 0 1 1 2
V 0 1 2 1
V 0 1 4 1
V 10 2 2 1
H 6 2 5 4
V 6 2 10 1
H 4 6 1 2
H 3 5 3 4
V 0 2 10 1
H 5 4 1 2
H 5 2 1 6
V 5 2 2 1
H 5 2 1 8
V 4 9 2 1
V 6 7 2 6
H 6 2 1 10
V 5 2 2 1
H 5 2 1 6
V 0 4 6 2
V 0 4 4 2
H 8 14 1 6
V 6 7 4 9
H 6 2 1 10
V 5 2 2 1
H 4 2 2 2
H 5 2 1 8
V 2 4 4 4
V 2 7 2 1
V 6 7 12 1
H 6 2 1 10
V 5 2 2 1
H 5 2 1 8
H 3 6 1 2
V 2 4 4 3
V 1 4 4 3
V 6 14 14 1
V 6 9 4 7
H 6 2 1 18
V 5 2 2 1
H 6 2 1 6
V 0 2 12 1
H 0 1 1 2
V 0 1 2 1
V 0 4 2 1
V 1 1 2 1
V 13 10 6 2
H 13 10 1 8
V 6 14 14 1
V 6 6 2 1
V 6 7 2 1
V 6 13 2 1
H 6 2 1 18
H 6 2 1 6
H 5 2 1 2
V 5 2 2 1
H 5 2 1 8
V 4 7 2 1
H 5 3 1 8
V 7 2 8 1
V 6 10 4 1
H 6 2 1 16
V 5 2 2 1
H 4 2 2 2
H 5 2 1 6
V 2 4 4 3
V 2 6 2 1
H 6 2 1 14
V 0 2 12 1
H 0 1 1 2
V 0 1 2 1
H 15 13 1 2
V 6 14 14 1
V 6 14 10 1
V 6 4 2 1
H 6 2 1 18
H 6 2 1 6
V 5 2 2 1
H 5 4 1 2
H 5 2 1 6
V 2 5 4 1
V 1 4 4 2
V 10 2 4 1
H 9 3 1 2
H 6 2 5 2
V 0 2 12 1
H 0 1 1 2
V 0 2 8 1
H 0 1 1 2
H 15 12 2 8
H 11 14 1 2
H 7 13 1 2
V 6 14 14 1
V 6 12 4 4
H 6 2 1 18
H 6 2 1 6
V 5 2 2 1
H 5 2 1 4
V 2 4 4 1
V 1 4 4 1
V 11 2 2 1
H 19 13 1 2
V 16 14 2 1
H 17 9 3 10
H 19 9 1 2
H 13 9 2 8
H 14 12 1 2
H 16 14 1 2
V 10 14 10 1
H 18 10 2 10
V 6 7 6 9
H 6 2 1 16
H 11 2 1 2
V 2 2 10 1
H 2 2 1 2
H 7 2 1 2
H 11 2 1 2
H 15 12 1 8
V 6 14 14 1
V 6 13 4 4
H 6 2 1 18
H 6 2 1 6
V 5 2 2 1
H 5 2 1 4
V 4 3 2 1
V 4 5 2 1
H 5 3 1 4
V 4 6 2 1
V 3 5 2 1
V 15 9 4 8
H 6 2 1 12
V 1 2 10 1
H 5 5 1 2
V 18 10 2 1
H 7 13 1 2
V 7 14 8 6
V 6 18 4 2
V 6 2 2 1
H 6 2 1 18
H 6 2 1 14
V 5 2 2 1
H 3 2 3 2
H 5 2 1 4
V 4 5 2 1
H 17 18 1 2
H 17 12 1 6
V 6 14 14 1
V 6 14 8 5
H 6 2 1 18
V 3 2 8 1
H 6 2 1 6
V 5 2 2 1
H 5 2 1 4
V 4 4 2 1
V 3 4 2 1
V 13 10 2 1
V 14 9 2 5
H 13 9 5 2
V 13 10 6 5
V 11 10 2 8
H 11 14 1 2
H 9 13 4 4
H 11 15 1 2
V 6 14 14 2
H 17 12 3 6
V 14 10 2 1
V 14 15 2 1
H 14 10 1 10
V 12 14 6 1
V 17 12 2 1
V 17 15 2 1
H 17 9 1 10
H 15 11 2 8
V 6 14 14 2
H 9 15 1 2
V 7 17 2 1
V 6 14 4 5
H 6 2 1 18
H 6 2 1 6
V 5 2 2 1
H 4 2 2 2
H 5 3 1 2
V 4 3 2 1
V 4 4 2 1
V 14 15 2 1
V 15 14 4 2
H 16 10 1 10
V 18 16 2 1
H 4 2 1 2
H 5 3 1 2
H 13 13 6 2
V 6 14 14 1
V 6 2 2 1
H 6 2 1 18
V 6 2 2 1
H 6 2 1 6
V 4 2 6 1
V 16 13 4 3
H 19 13 1 2
V 16 11 2 1
H 6 13 7 4
V 10 14 6 1
H 15 9 1 2
H 15 10 1 10
H 11 12 1 2
H 6 11 7 4
H 13 11 1 4
V 8 14 12 1
H 15 11 2 8
V 14 14 2 1
H 10 18 1 2
V 6 17 6 2
H 6 2 1 18
V 6 3 2 1
V 6 16 2 1
H 6 2 1 14
V 5 2 4 1
V 6 17 6 3
H 6 2 1 18
H 6 2 1 16
V 5 2 2 1
H 5 2 1 2
H 15 13 1 2
H 15 9 1 10
H 15 9 1 8
H 13 13 6 2
V 6 14 14 1
H 10 13 1 2
V 6 14 10 1
H 6 2 1 18
H 6 2 1 2
V 6 3 2 4
V 6 3 4 4
V 9 6 2 1
H 6 3 4 4
H 16 13 2 4
V 7 4 2 1
V 5 2 2 1
V 17 14 2 1
H 6 2 2 4
V 7 5 2 1
V 6 4 4 3
V 12 15 2 1
V 13 12 4 4
H 13 9 2 6
H 6 8 1 12
H 13 12 2 4
H 13 10 2 10
V 13 14 6 2
V 15 16 2 2
H 15 13 1 2
H 17 13 1 2
H 15 10 1 8
H 14 10 2 2
H 8 8 1 2
H 8 9 5 8
V 12 14 2 1
V 6 14 8 4
H 11 11 1 4
V 6 14 14 1
V 13 12 4 1
V 15 12 2 4
H 16 12 1 2
V 13 15 4 1
H 14 13 1 6
H 10 10 1 10
V 13 15 2 1
V 6 15 8 4
V 6 3 2 1
H 9 14 1 4
V 6 17 4 1
H 6 2 1 16
H 6 2 1 14
V 9 7 6 1
V 7 15 2 1
H 8 7 2 12
V 9 7 6 2
H 17 7 1 2
V 6 7 14 1
H 13 18 1 2
V 7 15 8 2
V 6 16 8 1
H 6 4 1 14
V 6 11 2 1
H 6 4 1 10
V 6 4 2 3
V 7 4 2 1
H 17 14 1 2
V 6 15 4 3
V 8 17 2 1
H 6 14 3 4
V 7 16 2 2
H 8 14 1 6
H 6 3 1 10
V 6 4 2 1
V 6 8 2 8
H 6 4 1 6
V 6 5 2 2
V 6 6 4 1
H 15 13 1 2
V 9 14 8 1
H 16 14 1 2
V 9 19 2 1
H 10 8 1 12
V 9 15 4 5
V 14 14 4 1
V 11 14 4 4
H 13 10 1 8
H 13 10 1 4
V 10 14 8 1
V 8 9 4 4
V 11 13 2 1
H 7 11 5 4
H 7 13 1 2
V 7 14 10 1
H 14 12 2 4
H 10 10 1 10
V 7 14 8 1
H 14 11 1 6
V 6 7 10 2
V 6 8 14 1
H 11 8 1 12
V 8 14 8 1
H 15 13 1 4
V 8 7 6 2
H 11 13 1 2
H 9 8 3 12
V 11 14 2 1
H 10 14 1 2
V 7 14 10 1
H 14 12 1 6
V 12 14 4 2
V 11 9 2 9
H 11 16 1 4
V 11 14 4 3
H 14 15 1 2
H 13 16 1 2
H 6 4 1 8
V 6 5 2 1
V 8 7 2 10
H 9 12 1 8
H 10 17 1 2
V 9 13 2 1
H 8 10 5 8
V 12 17 2 1
V 6 13 4 1
H 8 9 5 10
H 7 16 4 2
V 6 16 4 1
V 11 18 2 1
H 9 7 3 6
V 9 7 6 2
H 10 8 1 2
H 14 7 1 2
V 7 8 12 1
V 6 10 6 1
H 6 9 2 4
H 7 8 2 10
V 7 9 6 5
V 9 8 4 1
H 11 7 1 6
V 6 7 12 1
V 6 7 10 1
H 6 9 1 2
H 6 4 1 6
V 10 8 2 11
H 10 16 1 4
V 6 7 4 6
V 6 6 2 1
H 6 5 1 4
V 9 16 4 2
V 8 8 4 10
H 9 13 4 4
V 11 14 4 2
H 6 12 1 2
H 6 13 6 2
H 9 14 1 2
V 8 14 6 1
H 13 12 1 4
V 9 15 2 1
H 9 11 1 8
H 12 16 1 2
H 15 7 1 2
H 11 14 2 2
V 9 14 6 1
H 9 8 1 10
V 10 12 2 1
H 10 9 1 10
H 6 7 1 6
H 6 7 6 8
V 7 12 2 1
V 6 11 4 2
H 8 7 1 10
V 8 7 2 9
H 8 14 1 2
H 11 13 1 4
V 9 14 2 1
V 10 14 4 1
H 8 7 2 8
V 6 7 4 2
V 10 7 2 9
H 7 7 5 6
V 11 7 2 1
V 11 14 2 1
H 10 7 2 10
H 10 15 1 2
H 8 13 1 2
V 7 13 4 1
V 7 7 2 5
H 7 7 1 2
V 9 13 4 1
H 12 13 1 2
H 6 10 1 2
V 8 13 2 1
H 10 14 1 2
V 12 8 2 1
H 7 8 5 4
H 7 9 6 4
H 10 8 1 2
V 7 8 6 1
V 7 8 4 2
H 10 7 1 8
V 8 7 4 1
V 6 10 2 1
H 9 12 1 2
V 10 8 2 6
H 10 13 1 2
H 11 8 1 4
H 10 8 1 2
H 11 12 1 2
H 8 9 4 4
H 8 8 1 2
V 7 9 2 3
H 7 9 1 2
V 11 9 2 4
H 11 12 1 2
H 10 8 1 6
H 11 11 1 2
H 11 8 1 2
V 8 9 4 3
H 8 8 1 2
V 10 10 2 2
H 9 8 2 4
H 10 7 1 4
V 11 11 2 1
V 8 9 4 1
V 9 9 4 2
V 10 8 2 1
V 9 11 2 1
H 10 8 1 6
V 9 12 2 1
V 10 9 2 3
H 11 8 1 2
V 10 10 2 1
H 10 9 1 4
V 8 9 4 2
H 10 8 1 2
V 10 9 2 1
H 10 9 1 2
V 8 10 4 1
H 10 9 1 2
V 10 10 2 2
H 10 10 1 2
V 9 10 2 1
V 10 10 2 1
