V 5 1 2 1
H 3 5 1 2
V 9 15 2 1
H 4 6 1 2
H 12 3 1 8
V 7 8 12 1
H 18 5 1 8
V 6 12 14 1
V 5 12 12 1
H 5 12 4 6
H 5 12 4 8
V 5 16 14 4
V 6 19 14 1
V 14 0 6 11
H 18 5 1 2
H 19 6 1 2
H 19 0 1 2
H 18 1 2 12
V 6 12 14 1
V 5 12 12 1
H 6 17 1 2
H 5 12 4 6
V 5 16 2 1
H 5 12 1 8
V 5 18 12 2
V 5 18 14 2
V 7 0 2 9
V 7 10 2 2
H 18 10 1 2
V 0 10 20 1
H 18 9 1 4
V 6 12 14 1
H 4 12 1 2
H 7 12 1 2
V 5 12 12 1
H 5 12 4 4
H 5 12 2 8
H 12 13 1 4
V 5 15 14 4
V 11 15 2 1
V 6 17 14 2
H 0 3 9 2
H 0 1 9 8
H 3 4 1 2
V 0 8 20 1
V 17 10 2 1
V 17 12 2 1
H 18 5 2 8
V 6 12 14 1
V 5 12 12 1
V 8 12 2 1
H 5 12 4 2
H 5 12 2 8
V 5 17 14 1
V 6 17 14 1
V 7 0 2 9
H 4 0 5 8
H 7 1 2 8
H 12 8 1 2
H 15 8 1 2
H 18 8 1 2
V 0 8 20 1
H 18 5 2 8
V 12 12 2 1
V 6 12 14 1
V 5 12 12 1
H 5 12 4 4
V 5 13 2 1
H 5 12 1 8
H 8 15 1 4
V 5 17 12 3
V 5 18 14 1
H 7 17 1 2
H 5 16 11 2
H 17 15 1 2
V 6 16 14 1
H 2 13 1 2
H 1 9 3 10
H 3 12 1 2
H 2 9 2 8
V 11 9 2 1
V 0 9 12 2
H 10 10 1 2
V 0 9 20 2
H 18 7 1 6
V 6 12 14 1
H 7 12 1 2
V 5 12 12 1
H 5 12 4 6
H 5 12 3 8
H 7 17 1 2
V 5 18 12 2
V 6 19 12 1
H 7 12 1 2
V 14 14 2 1
H 5 13 10 6
H 11 18 1 2
V 10 17 8 2
V 17 6 2 5
H 18 5 1 8
V 5 12 14 1
V 5 12 12 1
H 5 12 4 6
V 6 16 2 1
H 5 12 2 8
V 5 17 10 3
V 5 19 12 1
V 1 4 12 5
V 3 2 2 1
V 3 19 2 1
H 4 1 5 8
V 3 3 2 1
V 0 8 20 1
H 18 5 2 8
V 5 12 14 1
V 5 12 12 1
H 6 13 1 2
H 5 12 4 2
V 8 12 10 1
H 5 12 4 8
V 5 16 12 2
V 5 17 14 1
V 14 17 4 1
V 13 2 6 10
H 6 4 1 2
H 16 4 1 2
H 9 5 1 2
H 15 5 5 2
H 18 1 1 12
V 5 12 14 1
V 5 12 12 1
H 5 12 4 6
H 5 12 2 8
V 5 18 10 2
H 9 17 1 2
V 6 18 10 2
V 15 3 4 4
H 16 1 3 6
H 18 1 1 12
V 5 12 14 1
V 5 12 12 1
V 5 15 2 1
H 5 12 1 8
V 5 16 12 1
H 12 16 1 2
V 5 15 14 2
H 3 9 2 4
V 1 9 8 2
H 14 8 1 4
H 15 8 1 2
V 0 9 20 1
V 18 10 2 1
H 0 9 2 2
H 18 7 1 6
V 5 12 14 1
V 5 12 12 1
H 5 12 1 6
V 5 15 14 1
V 6 15 14 1
V 0 2 2 1
V 0 9 2 1
V 2 10 2 1
H 1 9 2 10
V 7 9 2 1
V 1 9 14 2
V 0 9 20 2
H 18 7 2 6
V 5 12 14 1
V 5 12 12 1
H 5 15 1 2
H 5 12 2 4
H 5 12 1 8
V 5 17 10 2
V 5 16 12 3
H 7 15 1 2
H 13 15 5 2
V 15 15 4 1
V 11 10 2 1
V 12 10 8 1
H 18 9 2 4
V 6 12 14 1
V 7 12 6 1
H 6 12 3 8
V 5 15 12 2
V 11 19 4 1
H 14 14 1 6
H 7 7 1 2
V 6 8 14 1
H 18 5 2 8
V 6 12 14 1
V 5 12 12 1
H 5 12 3 2
H 5 12 1 8
V 14 17 2 1
V 5 17 10 2
H 13 17 1 2
V 5 17 12 1
H 0 9 1 8
V 0 9 16 2
H 16 8 1 2
V 0 9 20 1
H 18 7 2 6
V 5 12 14 1
V 5 12 12 1
H 5 12 1 8
V 5 15 12 2
H 8 14 1 2
V 6 15 12 2
H 4 2 1 2
H 8 2 1 2
V 4 1 2 1
V 1 0 8 3
H 8 0 1 8
H 6 1 3 8
V 0 8 20 1
H 18 5 2 8
V 6 12 14 1
V 5 12 12 1
H 5 12 4 4
V 10 13 6 1
V 5 13 14 2
V 6 14 14 1
H 6 15 1 2
H 9 15 1 2
H 8 16 6 4
V 7 17 6 3
H 11 13 1 2
H 11 14 2 6
H 12 18 1 2
H 11 13 3 6
V 6 13 14 1
V 12 8 8 1
H 18 5 2 8
V 6 12 14 1
V 5 12 12 1
V 7 13 2 1
H 5 12 3 8
H 6 12 1 2
V 5 13 10 5
V 5 15 12 2
V 3 0 6 4
H 3 3 6 2
V 2 4 2 1
H 5 1 4 8
H 10 7 1 2
V 0 8 20 1
H 18 5 1 8
V 5 12 14 1
V 5 12 12 1
H 5 12 4 4
V 5 14 12 1
V 5 13 14 2
H 2 4 1 2
H 0 3 9 2
H 0 1 1 8
V 0 8 16 1
V 0 8 20 1
H 18 5 1 8
V 5 12 14 1
V 5 12 12 1
H 5 12 4 6
V 5 15 12 1
H 14 14 1 2
V 6 15 12 1
H 5 12 2 8
V 5 13 10 4
H 6 14 1 2
V 6 14 12 1
H 9 3 2 6
V 3 8 16 1
H 18 5 1 8
V 5 12 14 1
V 7 12 8 1
H 6 12 3 6
V 5 15 12 1
V 13 13 2 1
H 9 13 5 6
H 9 0 4 6
V 11 4 2 1
H 9 1 3 8
V 3 8 16 1
H 18 5 1 8
V 5 12 14 1
V 5 12 8 1
H 6 12 2 8
V 6 16 10 1
H 9 14 4 6
V 1 1 8 1
H 0 0 9 6
V 4 7 2 1
H 5 1 4 8
H 17 7 1 2
V 0 8 20 1
H 18 5 1 8
V 5 12 14 1
V 5 12 12 1
H 5 12 3 6
V 5 15 10 2
V 5 15 12 1
H 0 9 1 10
H 0 9 1 6
H 13 8 1 2
V 0 9 16 1
H 12 10 1 2
V 0 9 20 2
H 18 7 2 6
V 5 12 14 1
V 5 12 12 1
V 7 13 2 1
H 5 12 3 8
V 5 16 10 1
H 12 14 1 2
V 6 15 10 2
V 13 0 4 2
V 13 13 4 2
H 13 3 6 6
H 18 1 1 12
V 5 12 14 1
V 5 12 12 1
H 5 12 3 6
V 5 15 10 2
V 6 15 10 1
V 8 11 4 1
V 6 11 14 1
H 18 11 2 2
V 6 12 14 1
V 5 12 10 1
H 5 12 3 8
H 6 13 1 2
V 5 14 10 3
H 11 14 1 6
V 9 9 10 3
H 18 11 2 2
V 5 12 14 1
V 5 12 12 1
H 5 12 1 8
V 5 15 8 3
V 5 16 10 1
H 4 6 1 2
H 0 7 13 2
H 16 7 1 2
V 11 8 4 1
V 4 8 16 1
H 18 5 2 8
V 6 12 14 1
H 18 11 1 2
V 5 12 12 1
H 5 12 4 6
H 5 12 2 8
H 9 3 3 6
V 8 8 2 1
V 6 8 14 1
V 17 12 2 1
H 18 5 2 8
V 5 12 14 1
V 5 12 8 1
H 7 12 2 6
V 5 15 10 1
H 11 13 2 6
H 3 10 1 10
V 2 9 10 2
V 0 10 20 1
H 18 9 1 4
V 5 12 14 1
V 6 12 6 1
V 8 15 2 1
H 5 12 4 6
H 13 15 1 2
V 5 15 10 1
H 11 14 3 4
V 10 8 2 1
V 10 18 2 1
V 6 13 10 2
H 2 9 3 10
H 2 9 1 4
V 2 9 12 2
H 15 8 1 2
V 0 9 20 1
H 18 7 2 6
V 5 12 14 1
V 6 12 6 1
H 5 12 4 2
H 8 12 1 8
V 8 15 2 1
V 5 13 8 5
V 7 19 2 1
V 17 0 2 8
V 15 4 2 1
H 16 2 3 6
H 18 1 1 12
V 5 12 14 1
V 5 12 12 1
H 7 13 1 2
H 5 12 4 2
V 5 13 10 1
V 6 13 10 1
H 18 0 2 10
H 19 1 1 12
H 11 2 1 8
V 5 8 14 1
H 18 5 1 8
V 6 12 14 1
V 5 12 10 1
H 5 12 3 6
H 6 13 2 6
V 5 9 4 3
H 0 9 1 2
H 13 8 1 2
V 0 9 20 1
H 18 7 2 6
V 5 12 14 1
V 5 12 10 1
H 5 12 3 6
V 5 15 8 1
H 10 13 1 6
H 3 9 1 4
V 0 9 10 2
V 9 9 2 1
H 17 9 1 2
V 0 9 20 1
V 17 8 2 1
H 18 7 2 6
V 6 12 14 1
V 5 12 12 1
H 5 12 4 4
V 8 15 2 1
V 5 13 8 3
V 5 13 10 2
V 4 4 6 4
H 2 7 11 2
H 16 7 1 2
V 0 8 20 1
H 18 5 2 8
V 6 12 14 1
H 5 12 1 2
V 5 12 12 1
H 5 12 3 6
H 6 14 1 2
V 5 13 8 3
V 9 14 2 1
V 6 13 8 3
V 1 4 12 2
H 10 3 1 2
H 5 1 4 8
V 0 8 20 1
H 18 5 1 8
V 5 12 14 1
V 6 12 8 1
V 7 13 2 1
H 6 12 2 6
V 5 15 8 1
H 6 14 6 4
H 7 12 1 2
V 6 13 4 4
V 6 17 2 1
H 7 15 3 4
V 11 8 8 4
H 18 9 2 4
V 5 12 14 1
V 8 12 6 1
H 8 12 1 6
H 8 12 1 8
V 14 9 6 3
H 18 9 2 4
V 5 12 14 1
V 5 12 10 1
H 6 12 1 6
H 8 14 2 2
V 6 15 6 2
V 7 16 2 1
H 8 13 2 6
H 2 9 2 10
V 0 9 10 2
H 1 10 1 2
H 19 8 1 2
V 0 9 20 2
V 17 5 2 1
V 17 11 2 1
H 18 7 1 6
V 5 12 14 1
V 5 12 12 1
H 5 12 1 4
H 5 13 5 4
V 17 10 2 1
H 18 3 1 10
V 6 12 14 1
H 5 12 1 2
V 5 12 10 1
H 5 12 4 4
H 6 12 1 6
V 3 9 2 1
H 2 9 2 4
V 0 9 12 2
H 1 10 1 2
H 18 10 1 2
V 0 9 20 2
V 18 7 2 1
H 18 7 1 6
V 5 12 14 1
V 5 12 8 1
V 6 16 2 1
H 7 12 2 6
V 5 14 6 2
H 7 14 4 4
V 4 4 6 4
H 3 1 6 8
V 2 8 2 1
V 0 8 20 1
H 18 5 1 8
V 5 12 14 1
V 5 12 12 1
H 5 12 2 2
V 5 13 8 1
V 5 13 10 1
H 3 0 6 8
H 8 1 1 8
H 13 8 1 2
V 0 8 20 1
H 18 5 1 8
V 5 12 14 1
H 8 12 1 4
V 8 12 6 1
V 6 15 2 1
H 7 12 2 6
V 5 15 8 1
H 10 2 1 2
H 10 3 1 6
V 3 8 16 1
H 18 5 1 8
V 5 12 14 1
V 5 12 8 1
H 7 12 2 6
V 7 13 4 4
H 7 14 3 4
V 13 0 6 2
H 18 0 2 12
H 18 1 1 12
V 5 12 14 1
V 5 12 8 1
H 6 12 3 4
H 7 12 1 6
V 7 0 2 9
H 5 6 1 2
H 10 6 1 2
V 0 7 2 1
H 1 5 8 4
H 15 8 1 2
H 13 6 1 4
V 0 8 20 1
H 18 5 1 8
V 5 12 14 1
V 5 12 10 1
H 6 12 3 4
V 5 13 8 2
H 9 13 2 4
V 9 8 10 1
H 18 5 1 8
V 5 12 14 1
V 8 12 6 1
H 6 12 3 4
V 5 13 8 2
H 8 17 1 2
H 0 7 13 2
V 14 1 2 1
V 14 8 2 1
H 0 6 1 2
V 1 8 14 1
V 0 8 20 1
H 18 5 2 8
V 6 12 14 1
V 5 12 12 1
V 8 12 2 1
H 5 12 4 2
V 5 13 8 1
V 6 13 8 1
H 0 3 9 2
H 1 1 1 8
V 0 8 14 1
V 0 8 20 1
H 18 5 2 8
V 5 12 14 1
V 6 12 6 1
H 8 12 1 6
V 6 13 6 3
V 7 13 6 1
V 14 7 6 2
V 13 8 2 1
H 18 5 2 8
V 5 12 14 1
V 5 12 8 1
H 6 12 3 4
V 5 13 6 2
H 10 14 1 2
V 10 9 2 1
H 11 0 1 12
V 11 11 2 1
V 6 8 14 1
H 18 5 1 8
V 6 12 14 1
V 6 12 10 1
H 5 12 4 2
H 6 12 2 4
V 10 2 2 4
H 11 1 1 10
V 5 8 14 1
V 17 5 2 1
H 18 5 1 8
V 5 12 14 1
V 6 12 6 1
H 8 15 1 2
H 7 12 2 4
V 6 13 6 2
H 0 9 2 8
H 0 16 1 2
H 6 9 1 2
V 0 9 14 1
V 0 9 20 1
H 18 7 2 6
V 6 12 14 1
V 5 12 12 1
H 5 12 4 2
H 5 13 1 2
H 10 13 1 2
H 18 9 2 4
V 5 12 14 1
V 5 12 12 1
H 5 12 1 2
H 11 6 1 4
H 19 7 1 2
V 6 8 14 1
H 18 5 2 8
V 6 12 14 1
V 7 12 6 1
H 6 12 3 2
V 8 12 2 1
H 8 12 1 4
V 8 15 2 1
H 1 2 4 4
V 1 4 10 4
H 8 1 1 8
V 0 8 20 1
H 18 5 1 8
V 6 12 14 1
H 6 12 1 2
V 5 12 10 1
H 6 12 3 2
H 6 13 1 2
V 7 14 2 1
V 14 9 6 2
H 18 7 1 6
V 5 12 14 1
V 5 12 12 1
H 9 3 3 6
H 16 8 1 2
V 1 8 18 1
H 18 5 2 8
V 6 12 14 1
H 18 11 1 2
V 6 12 10 1
H 6 12 1 2
V 11 9 2 1
V 0 9 12 2
H 2 10 1 2
V 0 9 20 1
V 18 12 2 1
H 18 7 1 6
V 6 12 14 1
V 6 12 6 1
H 7 12 2 2
V 7 13 4 1
V 0 8 16 1
V 0 8 20 1
H 18 5 1 8
H 8 12 1 2
V 6 12 14 1
V 8 12 6 1
H 7 12 2 2
H 8 12 1 4
H 0 1 2 8
V 0 8 14 1
V 0 8 20 1
H 18 5 1 8
V 6 12 14 1
V 6 12 6 1
H 7 12 2 2
V 4 9 16 2
V 17 11 2 1
H 18 9 1 4
V 6 12 14 1
V 6 12 6 1
V 8 13 2 2
H 7 12 2 2
H 8 13 2 2
V 18 5 2 1
H 18 3 1 10
H 8 12 1 2
V 6 12 14 1
V 6 12 10 1
V 2 0 2 1
V 2 11 2 1
H 0 14 1 2
H 0 9 3 6
V 1 9 14 2
H 9 9 1 2
V 0 9 20 1
H 18 7 1 6
V 17 8 2 1
V 7 12 12 1
V 7 12 10 1
H 7 12 1 2
H 19 1 1 12
V 8 12 12 1
V 8 12 10 1
H 8 12 1 2
H 18 8 1 4
V 6 11 14 1
H 5 10 12 2
H 5 9 1 2
V 0 10 18 1
H 0 10 1 8
H 1 14 1 2
H 0 9 1 2
H 0 10 5 10
H 3 14 1 2
H 1 9 3 4
V 0 9 12 2
V 0 9 20 2
H 18 7 2 6
V 7 12 12 1
V 7 12 10 1
V 0 16 2 1
V 0 18 2 1
V 1 16 2 1
V 1 18 2 2
V 2 14 2 1
V 2 18 2 1
H 14 8 1 2
V 2 9 18 1
H 3 9 1 10
V 3 15 2 1
V 2 10 2 1
H 3 10 1 10
H 2 15 3 2
V 1 9 4 7
V 1 14 2 1
V 0 13 4 3
H 3 17 1 2
H 9 2 4 2
V 10 11 2 1
H 11 0 1 12
V 3 9 14 2
V 3 15 2 1
H 4 9 1 8
H 4 9 1 10
V 0 4 12 2
H 8 3 1 6
H 9 7 1 2
H 3 5 1 4
V 0 8 20 1
H 18 5 1 8
V 12 12 8 1
V 12 12 4 1
H 1 9 2 6
V 0 13 2 1
H 19 1 1 2
H 1 12 1 2
H 1 9 2 4
H 1 10 2 4
V 14 12 2 1
H 7 10 4 2
H 15 10 1 2
H 8 3 1 2
V 0 4 10 3
V 1 4 12 5
V 12 10 2 1
H 11 2 2 10
H 5 9 1 2
V 0 9 18 1
V 0 11 2 1
H 1 9 2 4
H 2 9 1 6
V 0 10 2 1
H 5 10 1 2
V 0 10 12 1
H 1 9 1 4
V 15 11 2 1
H 16 0 2 12
H 16 0 2 8
H 11 8 1 2
V 9 9 10 1
H 18 7 2 6
V 15 12 4 1
V 15 0 2 1
V 15 12 2 1
V 9 3 4 6
V 10 0 2 1
H 11 0 2 12
V 0 9 16 2
H 2 9 3 4
H 3 9 1 6
H 14 10 1 2
V 3 10 16 1
V 18 12 2 1
H 18 1 1 12
H 7 1 2 6
H 18 1 1 6
V 0 10 2 1
H 3 12 2 2
V 2 12 2 1
V 16 1 2 11
H 16 0 1 6
H 13 2 6 4
V 14 0 2 1
H 14 0 1 12
H 15 8 1 2
V 1 9 18 2
V 1 9 8 2
H 1 10 1 2
H 7 10 1 2
V 5 9 14 2
H 18 7 1 6
V 16 12 4 1
H 13 0 3 6
V 12 9 2 1
H 13 0 2 12
H 10 9 1 2
H 17 8 1 2
V 2 9 18 1
H 3 9 2 4
H 4 9 1 6
V 2 9 2 3
H 3 11 1 2
H 16 1 1 4
H 13 2 5 2
V 17 3 2 1
V 1 10 6 1
H 4 12 1 2
V 9 9 10 2
H 14 2 4 10
H 16 4 1 2
H 14 2 4 6
H 15 8 5 2
V 0 9 20 1
V 0 9 12 1
H 1 3 1 6
V 1 8 16 1
H 8 7 1 2
V 0 8 20 1
H 18 4 2 8
H 19 7 1 2
V 16 3 2 9
H 17 3 1 2
V 2 10 6 1
H 6 9 14 2
V 1 9 12 1
V 10 9 2 1
V 11 8 6 4
H 12 8 1 2
H 19 8 1 2
H 11 7 2 4
V 3 9 14 2
H 4 9 1 4
H 19 5 1 2
H 18 11 1 2
V 7 4 4 1
H 9 1 4 8
V 0 8 20 1
H 19 6 1 6
V 13 5 6 2
V 5 8 14 1
V 13 9 2 1
H 14 2 1 10
V 13 3 4 1
H 19 9 1 2
H 18 6 1 2
V 13 3 2 1
H 14 2 1 10
H 14 2 1 2
V 15 4 2 8
H 16 4 1 8
H 16 4 1 6
H 18 8 1 2
V 1 8 18 1
H 18 7 1 4
V 8 4 2 1
V 6 4 6 5
V 10 5 2 1
H 11 2 1 10
V 4 10 2 1
V 5 10 12 2
V 9 0 4 9
H 11 6 1 4
V 11 6 2 1
V 4 9 16 1
H 12 7 1 2
H 16 7 1 2
V 0 8 14 1
H 1 1 1 8
V 0 8 20 1
V 17 9 2 1
H 17 6 1 6
V 0 4 10 2
H 6 1 2 8
H 6 7 1 2
H 17 7 1 2
V 0 8 20 1
H 16 5 2 6
H 18 8 1 2
V 14 4 2 2
H 14 3 1 2
V 13 11 4 1
H 14 4 2 8
V 16 9 2 1
H 15 6 2 6
V 13 7 6 1
V 10 9 4 3
H 11 8 4 4
V 6 10 10 2
V 13 4 2 8
V 12 11 2 1
H 13 2 1 10
H 13 2 1 2
H 2 7 8 2
H 12 8 1 2
V 0 8 20 1
H 13 6 5 4
H 12 7 1 2
V 6 8 14 1
H 11 8 4 4
H 16 10 1 2
H 5 9 1 2
V 5 10 12 1
H 15 5 1 2
V 12 9 2 1
V 13 4 2 8
H 13 3 1 2
V 10 9 2 3
V 7 10 10 1
H 12 7 1 2
V 11 8 4 4
H 14 4 1 8
V 8 10 8 2
V 7 11 8 1
H 9 0 4 8
H 11 0 2 12
H 15 6 1 6
V 8 11 8 1
V 14 6 2 1
H 11 8 3 4
V 10 1 2 1
V 10 9 2 1
V 9 9 8 1
H 11 7 2 4
V 6 9 10 1
V 0 8 18 1
H 13 4 1 8
V 10 8 8 1
V 0 6 2 1
H 0 1 1 6
V 5 4 2 1
V 0 4 12 1
H 6 1 1 8
V 1 8 16 1
H 13 8 1 2
H 13 6 2 6
V 13 6 2 5
H 14 9 1 2
V 12 8 4 2
H 13 5 1 6
H 9 10 1 2
V 8 9 6 2
H 9 10 1 2
V 7 5 2 1
H 2 5 6 4
H 13 8 1 2
V 2 8 14 1
H 13 6 2 4
V 14 7 2 1
H 13 9 1 2
V 11 8 4 2
H 13 9 1 2
H 14 8 1 2
V 8 9 4 1
V 11 0 2 7
H 11 0 2 12
V 8 5 2 1
V 8 7 2 1
H 8 1 1 8
V 5 8 10 1
H 13 6 1 4
V 5 1 2 1
V 0 1 6 3
H 5 2 2 6
H 11 3 1 2
V 1 4 12 2
H 11 0 1 12
V 10 11 2 1
V 11 8 2 1
V 9 8 6 1
H 11 8 2 2
V 9 9 4 1
V 11 3 2 8
H 11 1 2 10
V 4 3 2 4
V 0 5 12 4
H 11 0 1 12
V 11 8 2 2
H 11 9 1 2
H 9 1 4 8
V 8 8 2 1
V 10 8 4 1
H 8 4 1 2
H 2 3 7 2
H 10 3 1 2
V 1 4 12 3
V 9 2 4 1
H 12 0 1 10
V 11 0 2 1
H 10 0 1 2
V 6 6 4 1
V 9 1 4 6
V 3 6 10 2
H 12 5 1 2
V 0 3 8 3
H 10 3 1 2
V 0 4 12 1
H 10 2 2 6
V 9 8 2 1
V 6 4 4 5
H 2 1 1 2
H 10 1 1 2
V 10 2 2 5
H 10 4 1 4
V 8 5 2 1
H 9 0 1 8
H 9 0 1 4
V 5 4 6 3
H 9 1 2 6
H 9 3 2 2
V 7 4 6 1
H 9 2 1 6
H 8 1 1 8
H 0 6 9 2
H 2 6 1 2
V 1 4 10 3
H 9 5 1 2
V 9 3 2 3
H 4 3 1 2
H 10 3 1 2
V 6 0 2 1
V 7 0 2 6
H 7 3 1 6
H 6 4 1 2
H 6 2 2 6
V 2 4 10 1
H 0 7 6 2
V 3 1 2 1
V 3 7 2 1
V 7 3 2 1
V 4 0 4 8
V 0 7 2 1
H 5 4 1 2
V 1 5 6 4
H 3 0 1 8
V 0 4 10 1
H 5 4 1 2
H 5 3 4 4
H 3 1 4 4
H 5 1 1 8
H 3 4 3 4
V 3 5 6 1
V 0 6 8 1
H 4 7 1 2
H 0 0 1 8
H 0 4 8 2
V 5 4 4 1
V 0 2 4 4
V 0 5 8 1
V 0 5 6 1
V 2 0 2 9
H 3 7 1 2
H 0 0 9 4
V 4 6 2 1
H 0 6 5 2
H 6 0 1 4
V 2 6 4 1
V 5 3 2 1
V 4 1 2 5
H 2 0 5 4
H 4 0 1 8
H 4 0 4 4
V 1 0 8 1
H 5 0 1 2
H 1 0 3 8
H 5 3 1 2
V 1 4 6 1
V 2 0 2 7
H 0 7 1 2
H 0 4 4 4
H 0 1 5 4
V 1 2 8 1
H 7 1 1 2
V 1 7 2 1
H 2 4 1 4
V 2 2 2 3
H 0 1 4 6
V 5 0 4 2
V 3 5 2 1
V 6 1 2 1
V 1 0 2 6
H 1 1 1 8
V 1 1 2 6
H 2 2 1 2
V 0 1 2 6
H 0 5 1 4
V 4 2 2 1
H 4 0 1 4
V 3 0 4 3
H 0 0 7 2
H 3 0 1 2
V 3 0 6 1
V 5 1 2 1
H 0 4 1 4
V 1 3 2 1
V 2 0 2 5
H 0 2 3 4
V 2 0 4 3
H 0 4 1 2
H 0 1 4 4
V 2 1 4 2
H 1 1 1 6
V 2 2 2 2
V 1 3 2 2
H 2 3 1 2
H 1 1 1 2
H 1 0 2 4
V 0 0 2 3
V 1 0 2 3
H 0 1 1 4
V 2 0 2 1
H 0 0 3 2
V 1 0 4 1
V 0 0 2 3
H 0 1 2 2
