H 16 17 1 2
V 2 13 2 1
V 2 17 2 1
H 7 13 1 2
V 0 3 6 7
H 1 0 2 10
H 1 0 3 8
V 1 0 14 1
V 0 0 20 1
H 18 0 2 10
H 19 1 1 10
V 18 10 2 1
V 17 10 2 1
V 17 11 2 1
H 15 10 2 2
H 17 10 1 2
H 17 10 1 10
V 12 16 8 1
H 17 16 1 2
H 16 15 1 2
H 13 14 1 6
V 12 15 2 1
V 10 19 4 1
H 13 18 1 2
H 10 10 2 10
V 6 13 2 1
V 2 13 10 6
H 11 12 1 2
H 6 10 6 8
V 0 10 12 1
V 17 11 2 9
V 16 16 2 1
H 17 11 3 8
H 13 15 1 2
V 12 16 8 1
H 13 14 1 6
V 10 19 4 1
H 10 10 2 10
H 4 13 2 2
V 2 14 10 1
H 6 10 6 8
V 1 10 10 1
V 8 4 6 6
V 9 6 2 1
H 9 0 1 10
V 0 0 20 1
H 19 0 1 10
H 19 1 1 10
V 18 10 2 1
V 17 10 2 1
H 17 10 1 2
H 17 10 1 10
H 13 16 1 2
V 12 16 8 1
H 13 14 1 6
H 11 18 1 2
V 10 19 4 1
H 9 10 3 10
V 8 0 2 10
V 8 17 2 1
V 0 14 12 2
H 8 10 1 8
H 6 14 1 2
V 0 11 10 4
H 0 11 6 6
V 12 16 4 1
H 13 13 1 6
H 12 14 2 6
V 10 19 4 1
V 9 14 2 1
H 10 10 1 10
H 7 17 1 2
H 10 17 1 2
V 4 12 8 6
H 6 10 2 8
V 2 10 8 1
V 12 16 8 1
H 15 16 2 2
V 12 16 4 1
H 12 14 1 6
V 9 19 4 1
V 11 19 2 1
H 10 10 2 10
V 0 14 12 3
V 0 14 8 1
H 0 12 4 4
H 9 0 1 10
H 12 0 1 2
V 0 0 20 1
H 1 0 2 10
H 9 0 1 10
H 19 0 1 10
H 19 1 1 10
V 18 10 2 1
V 17 10 2 1
H 17 10 1 2
H 17 10 1 10
V 12 0 8 4
V 12 16 8 1
H 12 14 2 6
V 10 19 4 1
V 0 15 12 1
H 10 10 2 10
V 0 14 12 1
V 1 14 8 3
H 1 11 3 6
V 5 19 2 1
H 6 10 3 10
H 11 13 1 2
V 0 14 12 2
H 2 11 2 6
V 0 16 12 2
V 7 19 2 1
H 6 10 2 10
H 6 10 6 4
V 3 10 6 1
H 19 0 1 10
H 19 1 1 10
V 18 1 2 7
V 18 10 2 1
V 17 10 2 1
H 17 11 1 2
H 17 10 1 2
H 17 10 1 10
V 12 16 8 1
H 12 14 2 6
V 10 19 4 1
H 11 10 1 10
H 1 17 1 2
V 0 14 12 4
V 0 14 10 3
H 0 13 1 2
H 6 10 6 2
V 3 11 6 1
H 18 4 2 2
H 19 1 1 10
V 18 10 2 1
V 17 10 2 1
H 5 11 1 2
H 17 11 1 2
H 17 10 1 2
H 17 10 1 10
V 12 16 8 1
H 12 14 2 6
V 10 19 4 1
H 11 10 1 10
V 0 14 12 1
V 0 14 8 1
H 1 13 1 2
V 9 1 6 3
V 6 2 14 1
H 18 0 2 6
H 19 1 1 10
V 18 10 2 1
V 17 10 2 1
H 17 10 1 2
H 17 10 1 10
V 12 16 8 1
H 12 14 2 6
V 10 19 4 1
H 11 10 1 10
H 0 14 1 2
V 0 14 12 1
V 0 14 10 1
H 6 3 1 2
V 6 3 14 1
H 18 2 2 4
H 19 1 1 10
V 18 10 2 1
V 17 10 2 1
H 17 10 1 2
H 17 10 1 10
V 12 16 8 1
H 12 14 2 6
V 10 19 4 1
H 11 10 1 10
V 2 14 10 1
V 1 14 8 1
H 2 12 2 4
V 6 7 10 1
H 6 0 1 10
V 6 2 12 2
V 6 1 14 2
H 18 0 2 6
H 19 1 1 10
V 18 10 2 1
V 17 10 2 1
V 17 19 2 1
H 17 10 1 2
H 17 10 1 10
V 12 16 8 1
H 12 14 2 6
V 10 19 4 1
V 10 15 2 1
H 11 10 1 10
V 2 14 10 1
H 6 10 3 8
V 4 10 4 1
H 15 13 2 4
V 12 16 8 1
H 12 14 2 6
V 10 19 4 1
H 10 10 2 10
V 2 14 10 1
V 2 14 6 1
H 2 13 1 2
V 17 11 2 9
H 17 14 1 4
H 16 16 1 4
V 12 16 8 1
H 12 14 2 6
V 10 19 4 1
H 11 12 1 8
H 0 16 1 2
H 5 16 1 2
V 0 15 12 2
H 9 16 1 2
V 0 15 10 2
V 14 17 6 3
H 14 16 4 2
V 13 16 2 1
V 12 16 8 1
H 12 14 2 6
V 13 16 2 1
V 10 19 4 1
V 9 13 2 7
H 9 10 3 10
V 2 14 10 2
H 4 11 1 6
H 4 1 1 2
H 0 0 5 4
V 1 0 16 1
V 0 0 20 1
H 18 0 2 10
V 18 10 2 1
H 19 1 1 10
V 18 0 2 7
V 18 10 2 1
V 17 10 2 1
H 17 10 1 2
V 16 16 2 2
H 17 10 1 10
V 12 16 8 1
H 12 14 2 6
V 10 19 4 1
H 9 10 3 10
V 2 14 10 2
V 2 14 6 1
V 1 15 4 1
H 3 12 5 4
H 9 14 3 6
V 0 16 12 2
V 0 3 6 7
V 0 16 6 2
V 16 16 2 2
V 17 11 2 9
H 17 13 3 6
V 12 16 8 1
H 13 14 1 6
V 10 19 4 1
H 10 10 2 10
V 2 14 10 1
V 3 13 6 2
H 3 13 1 2
H 18 2 2 6
H 19 1 1 10
V 18 10 2 1
V 17 10 2 1
H 17 10 1 2
H 17 10 1 10
V 12 16 8 1
H 12 14 2 6
V 10 19 4 1
H 11 10 1 10
V 6 10 2 1
V 6 14 2 1
V 2 14 10 3
V 2 14 8 4
V 10 0 10 1
H 19 0 1 10
V 18 10 2 1
H 19 1 1 10
V 18 10 2 1
V 17 10 2 1
H 17 10 1 2
H 17 10 1 10
H 16 16 1 2
V 12 16 8 1
H 12 14 2 6
V 10 19 4 1
H 10 12 2 8
V 2 15 10 1
V 5 14 2 1
H 6 10 1 10
H 8 0 2 8
V 0 0 20 1
H 19 0 1 10
V 18 10 2 1
H 19 1 1 10
V 18 10 2 1
V 17 10 2 1
H 17 10 1 2
H 17 10 1 10
V 12 16 8 1
H 12 14 2 6
V 10 19 4 1
V 9 19 4 1
V 8 15 2 1
H 9 12 1 8
V 2 15 10 2
H 4 12 1 6
V 7 5 8 5
H 8 0 2 10
V 9 3 2 1
H 8 0 2 8
V 0 0 20 1
H 19 0 1 10
H 19 1 1 10
V 18 10 2 1
V 17 10 2 1
H 17 10 1 2
H 17 10 1 10
V 12 2 8 1
V 12 16 8 1
V 12 10 2 10
H 12 14 2 6
V 10 19 4 1
H 9 12 3 8
V 2 15 10 1
H 5 11 1 8
H 6 14 1 2
H 5 12 3 6
H 7 17 1 2
H 16 17 1 2
V 2 15 8 1
H 5 14 3 6
V 3 15 2 1
V 3 19 2 1
V 0 19 8 1
V 0 19 2 1
V 2 19 6 1
V 7 14 2 1
H 7 10 1 10
H 7 10 2 8
H 18 1 2 6
H 19 1 1 10
V 18 10 2 1
V 17 10 2 1
H 17 10 1 2
H 17 10 1 10
V 12 16 8 1
H 12 14 2 6
V 10 19 4 1
V 9 19 4 1
H 9 14 2 6
V 1 16 10 1
H 4 13 6 6
H 2 17 3 2
H 2 16 1 2
V 4 14 2 5
H 5 16 3 4
V 1 19 8 1
V 13 15 2 2
H 14 14 1 2
H 12 12 2 8
V 10 19 4 1
H 10 10 2 10
V 4 14 8 1
H 7 11 5 6
V 9 4 2 6
H 9 0 1 8
V 0 0 20 1
H 8 0 2 10
H 19 0 1 10
H 19 1 1 10
V 18 10 2 1
V 17 10 2 1
H 17 10 1 2
H 17 10 1 10
V 12 16 8 1
H 12 14 2 6
H 10 18 1 2
V 10 19 4 1
H 9 18 3 2
V 0 18 12 1
V 0 18 10 1
V 6 0 8 3
V 6 1 14 2
H 19 2 1 6
H 19 1 1 10
V 18 10 2 1
V 17 10 2 1
V 17 15 2 1
H 17 10 1 2
H 17 10 1 10
V 12 16 8 1
H 12 14 2 6
V 10 19 4 1
H 11 10 1 10
V 3 16 2 1
V 4 14 8 5
H 7 15 1 2
V 4 14 6 2
V 8 4 10 4
H 8 0 2 8
V 0 0 20 1
H 19 0 1 10
H 19 1 1 10
V 18 10 2 1
V 17 10 2 1
H 17 10 1 2
H 17 10 1 10
V 12 16 8 1
H 13 14 1 6
V 10 19 4 1
H 11 10 1 10
V 6 13 6 2
H 8 10 4 8
H 0 0 4 6
H 14 0 1 2
V 1 0 14 1
V 0 0 20 1
H 19 0 1 10
H 19 1 1 10
V 18 10 2 1
V 17 10 2 1
H 17 10 1 2
V 16 19 2 1
H 17 10 1 10
V 12 16 8 1
V 12 10 2 10
H 12 14 1 6
V 9 19 4 1
H 10 12 2 8
H 17 12 3 8
V 4 15 8 1
H 6 12 1 6
H 12 17 1 2
H 12 16 2 4
V 10 19 4 1
H 9 12 3 8
V 4 15 8 2
V 4 15 6 2
V 12 16 8 1
V 12 16 6 1
H 12 14 2 6
V 9 19 4 1
H 9 14 1 2
H 9 10 3 10
H 7 13 1 2
V 5 14 6 2
V 6 13 2 1
H 7 12 5 4
V 10 0 10 3
H 19 0 1 10
H 19 1 1 10
V 18 10 2 1
V 17 10 2 1
H 17 10 1 2
H 17 10 1 10
H 13 16 1 2
V 12 16 8 1
H 13 14 1 6
V 10 19 4 1
V 9 19 4 1
H 9 10 2 10
H 9 10 2 8
V 9 4 2 6
H 9 0 1 10
V 0 0 20 1
H 2 0 1 2
H 19 0 1 10
H 19 1 1 10
V 18 10 2 1
V 17 10 2 1
H 17 10 1 2
H 17 10 1 10
H 12 16 2 2
V 12 16 8 1
H 12 14 2 6
H 10 18 1 2
V 10 19 4 1
H 9 14 3 6
V 4 16 8 3
V 3 16 8 3
V 6 7 12 1
H 6 0 3 10
V 6 2 10 2
V 6 2 14 2
H 18 2 2 6
H 19 1 1 10
V 18 10 2 1
V 17 10 2 1
H 17 10 1 2
H 17 10 1 10
V 12 16 8 1
H 12 14 2 6
V 10 19 4 1
H 9 18 3 2
V 2 18 10 1
V 1 18 10 1
V 0 7 6 3
H 0 0 3 10
V 2 1 2 1
H 0 0 3 8
V 0 0 14 1
V 0 0 20 1
H 19 0 1 10
H 19 1 1 10
V 18 10 2 1
V 17 10 2 1
H 17 10 1 2
H 17 10 1 10
V 12 16 8 1
H 13 14 1 6
V 10 19 4 1
H 9 16 3 4
V 2 0 10 1
V 2 17 10 2
V 2 17 8 1
V 16 0 4 3
H 19 0 1 10
H 19 1 1 10
V 18 10 2 1
V 17 10 2 1
H 17 11 1 2
H 17 10 1 2
H 17 10 1 10
H 13 16 1 2
H 16 16 1 2
H 19 16 1 2
V 12 16 8 1
H 13 14 1 6
H 11 18 1 2
V 10 19 4 1
H 11 10 1 10
H 15 10 2 10
V 6 14 6 1
H 10 13 1 2
H 10 15 1 2
V 5 14 6 2
V 7 13 2 1
V 8 12 4 3
H 10 10 2 4
V 12 16 8 1
H 12 14 1 6
V 10 19 4 1
V 9 11 2 9
H 9 12 1 8
H 9 11 3 8
V 0 0 20 1
H 2 0 3 10
H 19 0 1 10
H 19 1 1 10
V 18 10 2 1
V 17 10 2 1
H 17 10 1 2
H 17 10 1 10
V 12 16 8 1
H 12 14 2 6
V 10 19 4 1
H 9 12 3 8
V 8 15 2 1
V 6 15 6 1
V 5 15 6 4
H 4 0 2 2
V 1 0 10 1
V 0 0 20 1
H 19 0 1 10
H 19 1 1 10
V 18 10 2 1
V 17 10 2 1
H 17 10 1 2
V 17 10 2 1
H 17 10 1 10
V 12 16 8 1
H 13 14 1 6
V 10 19 4 1
H 9 16 3 4
V 4 17 8 2
V 3 17 8 1
H 0 0 5 4
V 0 0 10 1
V 0 0 20 1
H 0 0 1 10
H 19 0 1 10
H 19 1 1 10
V 18 10 2 1
V 17 10 2 1
H 17 10 1 2
H 17 10 1 10
V 12 16 8 1
H 13 14 1 6
V 10 19 4 1
H 11 10 1 10
V 6 14 6 1
H 8 12 4 4
H 0 0 6 2
V 0 0 18 1
V 0 0 20 1
H 19 0 1 10
H 19 1 1 10
V 18 0 2 10
V 18 10 2 1
V 17 10 2 1
H 17 10 1 2
H 17 10 1 10
H 16 15 1 2
V 12 16 8 1
H 13 14 1 6
V 10 19 4 1
V 10 13 2 1
H 11 10 1 10
V 6 14 6 1
V 6 14 4 3
H 10 11 1 2
V 12 10 2 8
H 12 10 2 8
H 12 10 2 10
V 10 19 4 1
H 9 16 3 4
V 4 17 8 1
V 4 18 2 1
H 5 16 2 4
H 5 18 1 2
V 4 19 4 1
H 18 0 2 10
H 19 1 1 10
V 18 10 2 1
V 17 10 2 1
H 17 10 1 2
H 17 10 1 10
V 12 16 8 1
H 12 14 2 6
V 10 19 4 1
H 11 16 1 4
V 4 17 8 2
V 4 17 6 2
V 1 0 14 1
V 0 0 20 1
H 3 0 2 10
H 19 0 1 10
H 19 1 1 10
V 18 10 2 1
V 17 10 2 1
H 17 10 1 2
V 17 10 2 1
H 17 10 1 10
V 12 16 8 1
H 12 14 2 6
V 10 19 4 1
H 10 14 2 6
V 5 17 2 1
V 6 16 6 2
H 8 13 1 6
V 6 2 12 2
V 6 2 14 2
H 18 2 2 6
H 19 1 1 10
V 18 10 2 1
V 17 10 2 1
H 17 10 1 2
H 17 10 1 10
V 12 16 8 1
H 12 14 2 6
V 10 19 4 1
H 11 10 1 10
H 11 10 1 8
V 1 0 10 1
V 0 0 20 1
H 19 0 1 10
H 19 1 1 10
V 18 10 2 1
V 17 10 2 1
H 17 10 1 2
H 17 10 1 10
H 13 16 1 2
V 12 16 8 1
V 12 14 2 6
V 13 15 2 1
H 12 14 2 6
V 9 19 4 1
H 9 14 2 6
V 5 16 6 1
H 7 14 4 4
H 0 0 6 2
V 0 0 18 1
H 11 0 1 2
V 0 0 20 1
H 0 0 1 10
H 19 0 1 10
H 19 1 1 10
V 18 10 2 1
V 17 10 2 1
H 17 10 1 2
H 17 10 1 10
V 12 16 8 1
H 13 14 1 6
V 10 19 4 1
H 10 14 2 6
V 6 16 6 2
V 5 16 6 2
H 0 0 5 2
V 0 0 18 1
V 0 0 20 1
H 19 0 1 10
H 19 1 1 10
V 18 10 2 1
V 17 10 2 1
H 17 10 1 2
H 17 10 1 10
V 12 1 8 3
V 12 16 8 1
H 12 14 2 6
V 10 19 4 1
H 9 18 3 2
V 4 18 8 1
V 3 18 8 1
H 7 15 1 2
H 7 16 5 2
V 5 17 6 1
V 6 16 4 2
H 8 14 1 4
H 5 18 1 2
H 7 0 3 8
H 18 0 2 8
H 19 1 1 10
V 18 10 2 1
V 17 10 2 1
H 17 10 1 2
H 17 10 1 10
V 12 16 8 1
V 12 14 2 6
V 13 16 4 1
H 12 14 2 6
V 9 19 4 1
H 10 12 2 8
H 10 12 2 6
V 0 0 20 1
H 18 0 2 10
H 19 1 1 10
V 18 10 2 1
V 17 10 2 1
H 17 10 1 2
H 17 10 1 10
V 12 16 8 1
V 11 19 2 1
H 12 14 2 6
V 10 19 4 1
V 9 19 4 1
H 9 14 3 6
H 9 13 3 6
V 6 5 6 2
H 9 0 1 10
V 9 3 2 1
V 0 0 20 1
H 0 0 2 10
H 19 0 1 10
H 19 1 1 10
V 18 10 2 1
V 17 10 2 1
H 17 10 1 2
H 17 10 1 10
V 12 16 8 1
H 12 14 2 6
V 10 19 4 1
H 11 12 1 8
H 11 11 1 8
H 0 0 2 6
H 4 0 1 2
V 0 0 16 1
V 0 0 20 1
H 19 0 1 10
H 19 1 1 10
V 18 10 2 1
V 17 10 2 1
H 17 10 1 2
H 17 10 1 10
V 12 16 8 1
H 12 14 2 6
V 10 19 4 1
H 12 18 1 2
V 9 19 4 1
H 9 14 3 6
H 10 13 1 2
V 6 16 6 1
V 10 13 2 1
V 6 17 2 1
V 14 0 6 2
H 18 0 2 8
H 19 1 1 10
V 18 10 2 1
V 17 10 2 1
H 17 10 1 2
H 17 10 1 10
V 12 16 8 1
H 12 14 2 6
V 10 19 4 1
V 9 19 4 1
H 9 18 3 2
V 5 18 6 1
H 6 18 1 2
V 6 6 12 1
H 6 4 1 2
H 6 0 2 10
V 6 1 12 1
V 6 7 12 1
V 6 0 14 2
H 19 0 1 8
H 19 1 1 10
V 18 10 2 1
V 17 10 2 1
H 17 10 1 2
H 17 10 1 10
V 12 16 8 1
H 12 14 2 6
V 10 19 4 1
V 9 19 4 1
H 9 14 3 6
V 7 16 4 2
H 6 0 2 10
V 6 2 12 1
H 11 1 1 2
H 10 2 1 2
V 6 2 14 1
H 19 0 1 6
H 19 1 1 10
V 18 10 2 1
V 17 10 2 1
H 17 10 1 2
H 17 10 1 10
V 12 16 8 1
H 12 14 2 6
V 10 19 4 1
H 9 18 3 2
V 6 18 6 1
V 5 18 6 1
H 0 0 4 4
V 0 0 18 1
H 16 0 1 2
V 0 0 20 1
H 7 0 3 10
H 19 0 1 10
H 19 1 1 10
V 18 10 2 1
V 17 10 2 1
H 17 10 1 2
H 17 10 1 10
V 12 16 8 1
H 12 14 2 6
V 10 19 4 1
V 9 19 4 1
H 9 14 2 6
H 9 14 3 4
V 7 1 6 1
V 6 1 14 1
H 19 1 1 8
H 19 1 1 10
V 18 10 2 1
V 17 10 2 1
H 17 10 1 2
H 17 10 1 10
V 12 16 8 1
V 12 14 2 6
H 12 14 2 6
V 9 19 4 1
H 10 14 2 6
V 8 16 4 2
V 6 7 12 1
V 6 7 8 3
H 6 0 4 10
V 6 2 12 1
V 6 7 12 1
V 6 1 14 2
H 19 2 1 6
H 19 1 1 10
V 18 10 2 1
V 17 10 2 1
H 17 10 1 2
H 17 10 1 10
V 12 16 8 1
H 13 14 1 6
V 10 19 4 1
V 9 19 4 1
H 8 18 1 2
H 9 18 3 2
V 6 18 6 1
H 6 0 3 10
V 6 1 12 2
H 8 1 1 2
V 6 2 14 1
H 18 2 2 6
H 19 1 1 10
V 18 0 2 10
V 18 10 2 1
V 17 10 2 1
H 17 10 1 2
H 17 10 1 10
V 12 16 8 1
H 13 14 1 6
V 10 19 4 1
H 12 18 1 2
V 9 19 4 1
H 9 16 3 4
H 10 16 1 2
V 7 17 4 2
H 19 1 1 10
V 18 10 2 1
V 17 10 2 1
H 17 10 1 2
H 17 10 1 10
V 12 16 8 1
H 13 14 1 6
V 10 19 4 1
V 9 19 4 1
H 9 18 3 2
V 7 18 4 1
H 10 15 1 2
H 11 2 1 2
V 8 1 12 2
H 18 1 2 8
H 19 1 1 10
V 18 10 2 1
V 17 10 2 1
H 17 10 1 2
H 17 10 1 10
V 12 16 8 1
H 13 14 1 6
V 10 19 4 1
H 11 14 1 6
H 11 14 1 4
V 10 16 2 4
H 10 16 1 2
H 9 0 1 10
V 0 0 20 1
H 19 0 1 10
H 19 1 1 10
V 18 10 2 1
V 17 10 2 1
H 17 10 1 2
H 17 10 1 10
V 12 16 8 1
H 13 14 1 6
V 10 19 4 1
V 9 19 4 1
H 9 16 1 4
H 9 16 1 2
V 14 0 6 2
H 18 1 2 8
H 19 1 1 10
V 18 0 2 7
V 18 10 2 1
V 17 10 2 1
H 17 10 1 2
H 17 10 1 10
V 12 16 8 1
V 12 10 2 10
H 12 14 1 6
V 9 19 4 1
H 9 18 3 2
V 8 5 4 2
V 8 18 4 1
H 18 1 2 6
H 19 1 1 10
V 18 10 2 1
V 17 10 2 1
H 17 10 1 2
H 17 10 1 10
V 12 16 8 1
H 12 14 2 6
V 10 19 4 1
H 11 16 1 4
H 11 16 1 2
V 6 0 12 4
H 2 0 1 2
H 12 0 1 2
V 6 1 14 3
H 18 3 2 4
H 19 1 1 10
V 18 10 2 1
V 17 10 2 1
H 17 10 1 2
H 17 10 1 10
V 12 16 8 1
V 12 10 2 10
H 12 14 2 6
V 9 19 4 1
V 11 19 2 1
H 9 18 3 2
H 10 17 1 2
H 8 0 2 10
V 0 0 20 1
H 12 0 1 2
H 18 0 2 10
V 18 10 2 1
H 19 1 1 10
V 18 10 2 1
V 17 2 2 1
V 17 10 2 1
H 17 10 1 2
H 17 10 1 10
V 12 16 8 1
H 13 14 1 6
V 10 19 4 1
V 9 19 4 1
H 9 18 1 2
H 17 11 3 8
V 12 16 8 1
V 12 16 6 1
H 12 10 2 10
H 12 10 1 2
V 6 7 12 2
H 6 0 3 10
H 8 1 1 2
V 6 2 8 2
V 6 3 14 1
H 18 3 2 4
H 19 1 1 10
V 18 10 2 1
V 17 10 2 1
H 17 10 1 2
H 17 10 1 10
H 13 15 1 2
V 12 16 8 1
V 12 11 2 9
H 12 14 2 6
H 13 18 1 2
V 10 19 4 1
H 10 18 1 2
V 1 6 2 1
H 0 0 2 10
H 0 0 1 8
V 0 0 18 1
V 0 0 20 1
H 8 0 2 10
H 19 0 1 10
H 19 1 1 10
V 18 10 2 1
V 17 10 2 1
H 17 10 1 2
H 17 10 1 10
V 12 16 8 1
H 12 14 2 6
V 10 19 4 1
H 11 18 1 2
H 11 17 1 2
V 16 0 4 4
H 19 0 1 10
H 19 1 1 10
V 18 10 2 1
V 17 10 2 1
H 17 10 1 2
H 17 10 1 10
H 13 15 1 2
V 12 16 8 1
H 13 10 1 10
H 13 10 1 2
V 8 1 6 3
V 6 1 14 1
H 19 0 1 8
H 19 1 1 10
V 18 10 2 1
V 17 10 2 1
H 17 10 1 2
H 17 10 1 10
V 12 16 8 1
H 12 14 2 6
V 10 19 4 1
H 11 18 1 2
H 16 5 1 2
V 6 6 12 2
V 6 5 10 3
H 6 0 1 10
V 6 1 12 1
V 6 7 12 2
V 6 1 14 1
H 19 1 1 8
H 19 1 1 10
V 18 10 2 1
V 17 10 2 1
H 17 10 1 2
H 17 10 1 10
V 12 16 8 1
V 12 11 2 9
H 12 14 2 6
V 10 19 4 1
H 8 8 1 2
V 6 5 8 4
H 6 0 4 10
H 9 2 1 2
V 6 0 12 3
V 6 6 12 1
V 6 2 14 1
H 18 0 2 6
H 19 1 1 10
V 18 10 2 1
V 17 10 2 1
H 17 10 1 2
H 17 10 1 10
V 12 16 8 1
V 12 11 2 9
H 12 11 2 8
H 12 11 1 2
H 19 11 1 2
H 18 4 2 2
H 19 1 1 10
V 18 10 2 1
V 17 10 2 1
H 17 10 1 2
H 17 10 1 10
V 12 16 8 1
H 12 12 2 8
H 13 11 1 2
H 6 0 2 10
V 6 1 12 1
V 6 1 14 1
H 19 0 1 8
H 19 1 1 10
V 18 10 2 1
V 17 10 2 1
H 17 10 1 2
H 17 10 1 10
V 12 16 6 1
H 14 10 1 10
H 14 10 1 2
H 0 0 4 4
V 6 0 2 1
V 1 0 12 1
V 0 0 20 1
H 19 0 1 10
H 19 1 1 10
V 18 10 2 1
V 17 10 2 1
H 17 10 1 2
H 17 14 1 2
H 17 10 1 10
H 15 16 1 2
V 12 16 8 1
V 12 12 2 8
H 12 14 2 6
V 11 19 2 1
V 4 0 10 1
V 0 0 20 1
H 19 0 1 10
H 19 1 1 10
V 18 10 2 1
V 17 10 2 1
V 17 18 2 1
H 17 10 1 2
H 17 10 1 10
V 14 18 4 1
V 14 16 6 3
H 14 11 1 8
H 14 11 1 2
H 0 0 4 8
V 0 0 16 1
V 0 0 20 1
H 19 0 1 10
H 19 1 1 10
V 18 10 2 1
V 17 10 2 1
H 17 10 1 2
H 17 10 1 10
V 12 16 8 1
V 12 13 2 6
H 12 13 2 6
H 0 0 2 2
V 0 0 16 1
V 0 0 20 1
H 19 0 1 10
H 19 1 1 10
V 18 10 2 1
V 17 10 2 1
H 17 10 1 2
H 17 10 1 10
H 15 15 1 2
V 12 16 8 1
H 13 12 1 8
V 2 8 2 1
V 0 5 6 4
H 1 0 2 10
H 0 0 5 6
V 1 0 14 1
V 0 0 20 1
H 19 0 1 10
H 19 1 1 10
V 18 10 2 1
V 17 10 2 1
H 17 10 1 2
H 17 10 1 10
V 14 16 4 3
H 15 10 2 10
H 15 10 1 2
V 8 6 4 4
V 9 4 2 1
H 9 0 1 10
H 8 0 2 8
V 0 0 20 1
H 19 0 1 10
H 19 1 1 10
V 18 10 2 1
V 17 10 2 1
H 17 10 1 2
H 17 10 1 10
V 12 16 8 1
V 12 14 2 5
H 12 14 2 4
H 5 8 1 2
H 10 8 1 2
H 13 8 1 2
V 6 9 12 1
V 9 7 2 3
H 6 0 4 10
H 7 0 3 8
V 0 0 20 1
H 19 0 1 10
H 19 1 1 10
V 18 10 2 1
V 17 10 2 1
H 17 10 1 2
H 17 10 1 10
V 12 16 8 1
V 12 15 2 4
H 12 15 2 4
H 3 1 1 2
H 0 0 4 4
H 1 0 1 2
V 0 0 18 1
V 0 0 20 1
H 3 0 1 10
H 19 0 1 10
H 19 1 1 10
V 18 10 2 1
V 17 10 2 1
H 17 10 1 2
H 17 10 1 10
V 12 16 8 1
V 15 16 2 1
H 13 14 1 6
H 15 14 2 6
V 12 16 6 1
H 12 16 1 2
H 11 0 1 2
V 0 0 12 1
H 6 0 1 2
V 0 0 20 1
H 19 0 1 10
H 19 1 1 10
V 18 10 2 1
V 17 10 2 1
H 17 10 1 2
H 17 10 1 10
V 12 16 6 1
V 14 19 2 1
H 14 12 1 8
H 15 12 1 2
V 7 1 6 3
V 6 3 14 1
H 18 2 2 4
H 19 1 1 10
V 18 10 2 1
V 17 10 2 1
H 17 10 1 2
H 17 10 1 10
V 12 16 8 1
V 12 15 2 2
H 12 15 1 2
V 11 0 2 3
V 6 0 14 4
H 19 1 1 8
H 19 1 1 10
V 18 10 2 1
V 17 10 2 1
H 17 10 1 2
H 17 10 1 10
V 12 16 6 1
H 14 13 1 6
V 6 6 12 1
H 6 0 4 10
V 6 1 12 2
H 8 0 1 2
V 6 1 14 1
H 19 4 1 2
H 19 1 1 8
H 19 1 1 10
V 18 10 2 1
V 17 10 2 1
H 17 10 1 2
H 17 10 1 10
V 12 16 8 1
H 13 14 1 4
V 8 1 8 1
V 6 1 14 1
H 19 1 1 8
H 19 1 1 10
V 18 10 2 1
V 17 10 2 1
H 17 10 1 2
H 17 10 1 10
V 16 16 2 4
H 16 11 1 8
H 16 11 1 2
H 1 1 1 2
H 0 0 5 2
V 1 0 12 1
H 10 0 1 2
V 0 0 20 1
H 6 0 4 10
H 19 0 1 10
H 19 1 1 10
V 18 10 2 1
V 17 10 2 1
V 17 15 2 1
H 17 10 1 2
H 17 10 1 10
H 19 15 1 2
V 12 16 8 1
H 13 15 1 4
V 10 0 10 4
H 19 0 1 10
H 19 1 1 10
V 18 10 2 1
V 17 10 2 1
H 17 10 1 2
H 17 10 1 10
H 17 18 1 2
V 15 16 4 3
H 16 15 1 2
H 15 13 2 6
V 15 0 2 1
V 16 0 4 2
H 18 0 2 8
H 19 1 1 10
V 18 10 2 1
V 17 3 2 1
V 17 10 2 1
H 17 10 1 2
H 17 10 1 10
V 12 16 8 1
V 12 16 2 1
H 13 2 1 2
V 8 0 6 3
H 14 1 1 2
H 17 1 1 2
V 6 1 14 1
H 19 1 1 8
H 19 1 1 10
V 18 10 2 1
V 17 10 2 1
H 17 10 1 2
H 17 10 1 10
V 14 16 6 1
H 14 14 1 4
H 13 6 1 2
V 6 4 10 3
H 9 0 1 8
V 0 0 20 1
H 19 0 1 10
H 19 1 1 10
V 18 10 2 1
V 17 10 2 1
H 17 10 1 2
H 17 10 1 10
V 13 16 6 1
V 13 16 2 1
H 13 16 1 2
H 0 0 3 6
H 13 0 1 2
V 0 0 18 1
V 0 0 20 1
H 19 0 1 10
H 19 1 1 10
V 18 0 2 10
V 18 10 2 1
V 17 10 2 1
V 17 11 2 1
H 17 10 1 2
H 17 10 1 10
V 16 16 2 2
H 16 12 1 8
V 13 16 2 1
H 19 5 1 6
V 18 10 2 1
V 17 10 2 1
H 17 10 1 6
H 17 10 1 10
V 15 16 4 3
V 8 4 4 6
V 9 6 2 1
H 7 0 3 8
V 0 0 20 1
H 18 0 2 10
H 19 1 1 10
V 18 10 2 1
V 17 10 2 1
H 17 10 1 2
H 17 10 1 10
V 16 16 2 3
H 16 13 1 6
V 6 4 12 2
H 7 0 3 10
V 0 0 20 1
H 19 0 1 10
H 19 1 1 10
V 18 10 2 1
V 17 10 2 1
H 17 10 1 6
H 17 10 1 10
V 16 18 4 1
V 9 7 8 3
H 8 0 2 10
H 8 0 2 8
V 0 0 20 1
H 19 0 1 10
H 19 1 1 10
V 18 10 2 1
V 17 10 2 1
V 17 15 2 1
H 17 10 1 8
H 17 10 1 10
V 17 19 2 1
V 6 8 10 1
H 6 0 1 10
H 9 3 1 2
V 6 3 12 1
V 6 0 14 4
H 18 2 2 4
H 19 1 1 10
V 18 10 2 1
V 17 10 2 1
H 17 10 1 2
H 17 10 1 10
V 14 16 4 2
H 15 14 2 4
V 0 3 6 6
V 2 7 2 1
H 1 0 2 8
V 1 0 14 1
V 0 0 20 1
H 19 9 1 2
H 18 0 2 10
H 19 1 1 10
V 18 10 2 1
V 17 10 2 1
H 17 13 1 2
H 17 10 1 4
H 17 10 1 10
V 14 16 6 2
V 6 0 10 4
V 6 3 14 1
H 19 2 1 4
H 19 1 1 10
V 18 10 2 1
V 17 10 2 1
H 17 10 1 4
V 16 16 2 1
H 17 10 1 8
V 14 16 6 1
V 0 0 6 3
H 0 0 5 4
V 2 0 14 1
V 0 0 20 1
H 19 0 1 10
H 19 1 1 10
V 18 10 2 1
V 17 10 2 1
H 17 10 1 4
H 17 10 1 8
V 15 16 4 1
H 15 15 1 2
H 12 8 1 2
V 6 8 12 1
H 9 0 1 10
V 9 2 6 2
V 6 2 14 2
H 19 2 1 4
H 19 1 1 10
V 18 10 2 1
V 17 10 2 1
H 17 10 1 4
H 17 10 1 8
V 16 16 2 3
H 16 14 1 4
V 0 8 2 1
H 1 0 4 10
V 3 0 4 1
H 1 0 4 8
H 2 3 1 2
V 0 0 16 1
V 0 0 20 1
H 19 0 1 10
H 19 1 1 10
V 18 7 2 3
V 18 10 2 1
V 17 10 2 1
H 17 10 1 6
H 17 10 1 8
V 16 17 4 1
V 15 16 2 1
H 19 7 1 4
V 18 10 2 1
V 17 10 2 1
H 17 10 1 4
H 17 10 1 8
V 16 16 2 2
H 16 15 1 2
V 6 6 12 1
H 6 0 1 10
V 6 0 12 4
V 6 1 14 2
H 18 0 2 8
H 19 1 1 10
V 18 10 2 1
V 17 10 2 1
H 17 10 1 6
H 17 10 1 8
V 17 16 2 2
V 9 9 2 1
H 9 0 1 10
V 6 1 6 1
H 6 0 4 8
V 0 0 20 1
H 18 0 2 10
H 19 1 1 10
V 18 10 2 1
V 17 10 2 1
H 17 10 1 6
H 17 10 1 8
V 16 17 2 1
H 19 7 1 4
V 18 0 2 10
V 18 10 2 1
V 17 10 2 1
H 17 10 1 4
H 17 10 1 8
V 16 16 2 1
H 19 9 1 2
V 18 10 2 1
V 17 10 2 1
H 17 10 1 2
H 17 10 1 8
V 17 11 2 5
V 18 15 2 1
V 6 1 12 2
V 6 1 14 2
H 18 1 2 8
H 19 1 1 10
V 18 10 2 1
V 17 3 2 1
V 17 10 2 1
H 17 10 1 6
H 17 10 1 8
V 12 4 2 1
V 9 4 4 3
H 7 0 3 8
H 2 0 1 2
V 0 0 20 1
H 19 0 1 10
H 19 1 1 10
V 18 10 2 1
V 17 10 2 1
H 17 10 1 2
H 17 10 1 6
V 17 11 2 5
V 18 14 2 1
V 6 6 12 1
H 9 0 1 10
H 11 0 1 2
V 8 1 6 2
V 6 1 14 1
H 18 0 2 8
H 19 1 1 10
V 18 10 2 1
V 17 10 2 1
H 17 10 1 4
H 17 10 1 6
V 17 15 2 1
V 0 3 6 3
H 2 0 2 10
V 1 0 14 1
V 0 0 20 1
H 18 0 2 10
H 19 1 1 10
V 18 0 2 10
V 18 10 2 1
H 17 10 1 2
V 17 1 2 1
V 17 10 2 1
H 17 10 1 6
H 17 11 1 6
H 18 4 2 2
H 19 1 1 10
V 18 10 2 1
V 17 10 2 1
H 17 10 1 6
V 17 11 2 4
V 18 13 2 1
H 9 0 1 8
H 11 0 1 2
V 0 0 20 1
H 19 0 1 10
H 19 1 1 10
V 18 10 2 1
V 17 10 2 1
H 17 10 1 2
H 17 10 1 6
V 17 11 2 1
V 17 14 2 1
H 8 0 1 2
V 6 0 14 1
H 18 0 2 10
H 19 1 1 10
V 18 10 2 1
V 17 10 2 1
H 17 10 1 4
H 17 10 1 6
H 18 4 2 2
H 19 1 1 10
V 18 10 2 1
V 17 10 2 1
H 17 10 1 2
H 17 10 1 4
V 17 13 2 1
V 6 0 10 2
H 19 1 1 2
V 6 0 14 2
H 19 0 1 8
H 19 0 1 2
H 19 1 1 10
V 18 10 2 1
V 17 10 2 1
H 17 10 1 4
V 4 5 2 1
H 4 0 1 10
H 0 0 5 4
H 2 3 1 2
V 0 0 10 1
V 0 0 20 1
H 19 0 1 10
H 19 1 1 10
V 18 5 2 1
V 18 10 2 1
V 17 10 2 1
H 17 10 1 2
V 17 11 2 2
V 18 11 2 2
H 17 10 1 2
H 0 6 6 4
V 0 8 2 1
V 6 4 12 2
V 8 7 2 1
V 9 5 4 5
V 9 7 2 1
H 9 0 1 10
H 19 0 1 2
V 0 0 20 1
H 19 0 1 10
H 19 1 1 10
V 18 6 2 1
V 18 10 2 1
V 17 10 2 1
H 17 10 1 2
V 3 6 2 1
V 1 1 2 1
V 2 0 2 10
H 2 8 1 2
V 3 7 2 1
H 19 5 1 6
V 18 10 2 1
V 17 10 2 1
H 3 6 1 2
V 0 1 4 6
H 0 3 2 4
V 2 0 2 1
V 2 5 2 3
H 3 5 3 4
V 0 5 2 1
H 0 4 1 2
H 4 4 1 2
H 1 0 2 6
H 9 0 1 6
H 1 1 2 6
H 4 8 1 2
V 4 8 2 1
H 19 9 1 2
H 18 4 2 6
H 6 0 3 2
V 0 0 10 1
H 1 0 4 6
H 3 0 2 8
H 19 0 1 8
V 4 7 2 1
V 3 7 2 1
V 2 5 2 1
H 4 6 1 2
H 19 0 1 6
H 4 0 1 2
V 0 0 20 1
H 2 0 1 2
V 3 0 12 1
H 3 3 1 4
H 3 0 1 6
H 3 1 1 6
V 2 3 4 2
H 0 1 1 2
H 2 1 2 2
V 0 2 6 1
V 0 2 2 1
H 5 4 1 2
V 6 8 8 2
H 6 0 1 10
H 6 0 1 6
V 4 0 4 1
H 4 0 1 4
H 4 0 1 6
V 4 5 2 1
V 8 3 12 1
H 19 1 1 6
V 3 4 2 1
H 6 1 1 2
H 6 0 4 4
V 0 0 20 1
V 3 0 2 1
H 3 0 1 4
V 0 0 6 1
V 14 1 6 3
H 18 5 1 2
H 18 2 2 4
H 3 0 1 2
V 1 0 10 1
H 5 0 1 2
H 8 0 1 2
H 10 0 1 2
V 1 0 18 1
V 6 5 12 2
V 9 8 2 1
H 9 0 1 10
H 9 0 5 2
H 15 0 3 2
V 7 0 2 1
V 1 0 14 1
H 2 0 4 2
H 6 0 2 2
H 2 1 1 2
H 4 1 1 2
H 18 4 1 2
V 7 2 10 2
V 6 3 14 1
H 19 2 1 2
H 8 0 3 4
H 2 0 1 2
V 2 0 12 1
H 2 0 1 2
H 4 0 1 2
V 17 1 2 1
V 16 1 2 1
V 13 3 2 1
V 13 2 6 2
H 15 0 2 4
H 16 0 1 2
V 6 2 10 2
V 12 3 2 1
V 6 3 14 1
H 18 3 1 2
V 12 0 4 4
V 12 8 4 1
H 15 0 1 4
V 12 3 6 1
H 14 2 1 2
H 17 2 1 2
H 6 0 1 10
H 6 0 6 4
V 4 0 4 1
H 4 0 1 2
H 11 0 1 2
H 8 0 1 10
V 8 3 8 1
V 7 3 12 1
H 13 0 1 4
V 5 0 8 1
V 9 0 4 1
V 5 0 6 1
V 12 1 2 3
H 12 0 1 4
V 13 2 2 1
V 6 2 8 1
V 7 2 8 2
V 9 1 2 1
H 7 0 1 2
V 6 1 4 9
H 6 1 4 8
V 6 1 8 1
H 10 0 2 4
V 9 1 4 3
V 6 6 12 2
V 7 0 4 1
H 7 0 1 10
H 7 0 1 2
H 8 1 1 2
V 6 4 2 1
V 8 3 2 1
V 6 2 6 2
H 7 3 1 2
H 6 2 4 4
V 7 4 6 6
V 6 4 12 2
V 13 4 4 6
H 13 5 1 2
H 10 4 5 2
V 12 5 6 2
V 8 4 4 1
V 6 3 4 3
V 8 6 2 1
H 8 0 1 8
H 6 2 1 8
H 6 2 1 4
V 6 3 2 7
H 7 1 2 4
V 7 7 2 1
V 8 4 4 4
V 9 2 2 1
H 8 1 2 8
V 7 2 2 1
V 11 3 2 1
V 8 1 4 3
V 8 3 6 1
V 8 2 4 2
V 9 1 2 1
H 8 1 2 4
V 14 4 2 1
H 7 4 8 6
V 13 5 4 2
V 16 6 2 1
H 9 0 1 2
H 9 1 2 2
V 8 2 2 1
H 10 5 4 2
V 11 6 6 3
V 12 7 6 2
V 14 9 4 1
H 11 4 4 6
V 12 7 2 1
H 13 4 2 4
V 9 3 2 1
V 9 5 2 1
V 10 5 4 2
H 13 4 1 2
H 9 2 1 6
V 6 5 6 1
H 9 4 2 6
V 10 7 2 1
H 9 3 1 4
V 9 3 2 1
H 12 6 1 4
H 11 4 1 2
H 9 6 1 2
V 8 5 6 2
V 8 4 4 6
H 8 3 1 4
V 11 8 2 1
H 12 4 1 6
H 17 8 1 2
V 8 8 10 1
H 15 7 1 2
V 13 6 2 2
H 14 6 1 2
V 12 5 2 1
V 12 8 2 1
H 12 4 1 6
V 6 6 2 4
H 7 6 1 4
V 9 6 2 1
H 7 5 3 4
V 14 7 2 1
V 6 6 8 2
V 6 6 6 2
H 6 6 1 2
V 7 6 2 1
H 8 5 1 2
H 10 4 2 2
V 9 5 4 3
H 8 8 7 2
V 13 9 4 1
H 8 6 5 2
V 7 7 8 2
V 6 8 2 1
H 10 5 2 2
V 8 6 4 1
V 10 7 2 1
H 12 8 1 2
V 9 6 4 3
V 13 8 2 1
V 9 9 6 1
H 10 6 2 4
H 10 5 2 4
V 10 6 2 1
V 9 6 2 4
H 10 5 1 2
H 10 6 1 2
V 8 9 2 1
V 9 7 4 3
H 9 7 1 2
V 9 7 2 2
V 8 9 2 1
V 8 7 4 1
H 10 6 1 4
H 9 8 1 2
V 7 9 8 1
V 9 8 4 1
V 10 8 2 1
H 10 8 1 2
H 10 7 1 2
V 9 8 2 1
H 10 8 1 2
V 10 9 2 1
V 11 9 2 1
