H 4 13 2 2
V 16 6 2 1
V 13 12 2 1
V 0 12 2 1
V 9 16 2 1
H 16 7 1 2
H 14 3 1 2
H 18 6 1 2
V 6 4 2 3
V 6 14 2 1
H 1 1 1 2
V 5 0 4 3
V 5 7 4 1
V 8 1 2 1
V 5 0 6 3
H 9 0 2 6
V 13 7 6 1
V 9 1 2 1
H 10 1 1 6
H 14 6 1 2
H 16 6 1 2
V 9 6 10 1
H 15 4 4 10
H 16 11 2 2
V 0 11 20 1
V 0 11 10 1
H 0 11 3 8
V 0 14 6 1
H 0 12 3 8
V 0 18 18 2
V 0 18 20 2
V 13 18 6 2
H 18 18 1 2
V 4 18 8 2
V 1 18 18 1
V 0 18 2 1
V 7 8 2 3
H 17 10 1 2
V 5 8 14 3
H 16 10 1 2
V 17 3 2 1
V 17 9 2 1
H 15 8 3 6
V 0 11 20 1
V 0 11 10 1
H 2 14 1 2
H 12 14 1 2
H 0 11 3 8
H 0 12 3 8
H 1 18 1 2
V 0 19 14 1
V 0 18 18 2
H 14 6 1 2
H 18 6 1 2
V 13 1 4 6
H 15 6 1 2
H 11 1 6 2
V 15 0 2 1
V 15 15 2 1
V 15 18 2 1
V 14 10 2 1
V 14 17 2 1
H 15 0 1 18
V 0 11 20 1
H 1 11 1 2
V 0 11 10 1
H 3 13 1 2
H 0 11 6 6
H 5 16 1 2
H 1 18 1 2
H 0 11 3 8
H 2 17 1 2
V 0 18 16 2
H 9 18 1 2
V 0 18 18 1
H 3 0 1 2
H 0 1 5 6
H 0 1 5 10
H 4 8 1 2
H 5 8 2 2
H 15 8 1 2
V 0 9 10 2
H 6 8 1 2
H 11 9 1 2
V 0 9 20 1
H 17 8 1 2
H 15 8 5 4
H 17 11 1 2
V 0 11 20 1
V 0 11 10 1
H 0 11 3 8
H 0 12 3 8
V 0 18 14 2
V 0 18 16 2
H 18 0 2 14
V 0 11 20 1
H 17 10 1 2
H 8 11 1 2
H 10 11 1 2
V 0 11 18 1
H 0 11 5 6
H 0 11 1 8
V 0 18 14 2
V 0 18 16 1
H 7 2 2 4
V 5 0 6 1
V 5 2 6 3
H 10 1 1 6
V 9 6 10 1
H 15 3 1 10
H 5 11 1 2
V 0 11 20 1
V 0 11 10 1
H 0 11 3 8
H 0 12 2 8
V 0 19 14 1
V 1 18 14 2
H 5 18 1 2
H 12 18 2 2
V 13 1 2 1
V 13 18 2 1
H 9 0 2 6
H 9 1 2 6
V 9 6 10 1
H 15 2 1 10
V 0 11 20 1
V 0 11 10 1
V 2 13 2 1
H 0 11 3 8
H 0 12 2 8
H 1 15 1 2
V 0 19 12 1
V 6 18 2 1
V 0 18 14 2
V 16 8 2 1
H 17 7 3 8
V 0 11 20 1
V 0 11 18 1
H 0 11 5 6
H 0 11 3 8
V 0 18 12 1
V 0 18 14 1
V 6 11 14 4
V 14 15 2 1
V 13 13 6 1
H 8 11 7 6
V 0 11 16 1
H 0 11 3 8
V 0 13 2 1
H 0 12 1 8
V 0 12 2 1
V 0 18 10 2
V 11 19 2 1
V 0 18 12 2
V 5 2 4 3
V 5 0 6 5
H 3 3 1 2
H 7 3 1 2
H 5 2 6 2
H 10 1 1 6
V 9 6 10 1
H 15 3 1 10
H 16 10 1 2
V 0 11 20 1
H 2 11 1 2
V 0 11 10 1
V 4 16 2 1
H 0 11 5 6
H 10 11 1 6
H 0 11 2 8
V 0 18 12 1
V 1 18 12 1
H 12 18 1 2
V 6 13 14 2
H 11 11 1 6
V 0 11 20 1
V 0 16 2 1
H 1 11 4 6
H 1 11 1 8
V 1 18 8 1
V 0 18 12 1
V 9 2 2 5
V 8 3 2 1
H 9 3 2 4
H 13 5 1 2
H 15 6 1 2
V 9 6 10 1
H 17 4 1 2
H 15 5 5 10
H 11 11 1 2
V 0 11 20 1
H 7 11 1 2
V 0 11 10 1
V 2 11 2 1
H 0 11 3 8
H 0 12 3 8
H 2 18 1 2
H 4 18 1 2
V 0 19 10 1
H 0 17 2 2
V 1 18 10 2
V 0 11 6 7
H 1 11 2 8
V 0 18 8 2
V 1 18 10 1
V 6 13 14 2
H 11 11 2 6
H 15 10 1 2
V 0 11 20 1
H 0 11 3 8
H 1 15 1 2
V 0 19 6 1
H 0 12 3 8
V 1 18 4 2
V 0 19 10 1
H 13 5 1 2
H 8 0 1 2
V 5 1 6 2
H 5 1 6 4
H 9 1 2 6
V 13 6 2 1
V 9 6 10 1
H 15 5 4 10
V 0 11 20 1
V 0 11 10 1
V 2 11 2 1
H 0 11 3 8
H 0 12 3 8
V 0 19 6 1
H 5 18 1 2
V 0 19 8 1
H 19 10 1 2
H 14 11 1 2
V 2 11 18 1
H 0 11 3 8
H 0 12 3 8
V 0 19 6 1
H 6 12 10 6
H 6 11 1 2
H 10 11 1 2
V 0 11 12 1
H 0 11 1 8
H 0 12 1 8
V 1 19 2 1
V 0 11 4 7
H 0 17 1 2
V 2 11 4 7
H 2 12 1 8
V 2 19 2 1
V 6 15 14 3
H 0 16 1 2
H 7 16 1 2
H 6 11 4 6
H 6 11 13 2
V 1 11 8 1
H 2 11 4 6
V 1 18 4 1
H 2 11 1 8
V 1 18 4 1
V 1 11 2 6
V 1 18 2 1
H 2 12 1 8
H 0 3 1 8
H 4 9 1 2
V 0 9 10 1
V 0 9 20 1
V 14 3 2 1
V 14 10 2 1
H 15 8 4 4
V 0 11 20 1
V 0 11 6 5
H 1 11 4 6
H 2 11 1 8
V 6 4 2 3
H 7 2 2 4
V 5 2 6 3
H 10 1 1 6
H 9 5 1 2
V 9 6 10 1
H 15 2 1 10
H 10 11 1 2
H 17 11 1 2
V 0 10 20 1
V 0 11 20 1
V 0 11 10 1
H 0 11 1 4
H 0 12 1 4
V 1 11 2 4
H 2 13 4 4
V 1 14 2 1
H 6 12 1 2
H 10 12 1 2
H 0 11 1 2
H 6 11 13 2
V 0 11 16 1
H 0 11 1 2
H 18 11 1 2
H 0 11 6 4
H 1 12 5 4
H 3 16 1 2
V 15 11 2 1
H 15 10 1 2
H 16 11 1 6
H 3 11 1 2
V 0 11 20 1
V 0 11 10 1
H 0 11 6 2
H 11 11 1 2
V 0 14 2 1
H 0 11 1 4
V 5 0 2 1
V 3 16 2 1
V 4 11 2 7
H 4 16 1 2
V 2 15 2 1
H 11 0 3 6
V 12 4 8 1
H 11 1 6 6
V 9 6 4 1
V 8 2 2 1
V 10 6 2 1
H 9 1 2 6
V 5 2 6 3
V 5 1 2 4
H 5 4 1 2
H 5 1 6 4
H 0 11 1 2
H 5 11 1 2
H 17 0 3 8
H 17 1 1 14
V 0 11 20 1
V 2 11 6 1
V 1 11 2 1
H 2 11 4 4
V 3 15 2 1
H 4 11 2 6
H 3 14 1 2
H 0 2 2 8
V 0 9 6 2
H 0 8 1 2
H 6 8 1 2
V 9 10 2 1
V 0 9 20 2
H 15 3 1 2
H 14 4 4 6
H 15 6 1 2
V 9 6 10 1
H 9 1 2 6
V 7 2 2 1
H 5 4 1 2
V 5 2 6 3
H 6 0 3 6
H 0 8 5 2
H 2 8 1 2
V 0 9 8 1
H 17 9 1 2
H 1 8 1 2
V 0 9 20 1
H 15 9 3 4
H 19 10 1 2
V 0 11 20 1
H 5 11 1 6
H 5 12 1 6
H 9 11 1 2
V 6 12 6 5
H 6 14 6 4
H 8 14 1 4
V 6 15 12 2
H 6 11 3 6
H 6 11 7 2
V 0 11 12 1
H 17 1 1 10
V 9 6 10 1
V 9 6 6 1
H 9 1 2 6
H 10 3 1 4
V 5 3 6 2
H 6 1 5 4
V 10 11 8 3
H 15 4 1 12
V 10 6 10 1
H 9 3 2 4
V 5 3 6 2
V 5 3 4 2
H 5 3 1 4
H 9 5 2 2
H 14 5 1 2
V 10 6 10 1
V 14 11 2 1
H 15 6 1 10
V 2 11 18 1
V 3 11 4 1
H 4 11 2 4
H 4 12 2 4
V 9 0 2 7
H 9 5 2 2
V 9 6 10 1
V 15 8 4 1
V 15 13 2 1
H 15 4 1 10
V 1 11 18 1
V 5 11 2 1
H 4 11 2 4
H 5 11 1 6
V 6 15 4 2
H 7 16 1 2
H 6 13 1 2
H 6 11 1 6
H 9 12 1 2
H 6 11 4 4
V 1 11 10 1
V 11 0 6 2
H 14 0 1 10
V 9 6 10 1
H 9 3 2 4
V 5 4 6 1
H 6 3 3 4
H 13 14 1 2
H 16 14 1 2
H 12 12 2 6
H 12 11 2 6
H 6 11 1 2
H 13 11 1 2
V 2 11 18 1
H 2 11 4 2
H 3 12 1 2
H 15 2 1 16
V 10 6 10 1
H 9 1 2 6
V 5 3 6 2
H 8 4 1 2
V 5 3 4 2
V 10 8 6 2
H 15 8 2 6
V 2 11 18 1
V 5 11 2 1
H 4 11 2 4
H 5 12 1 4
V 9 10 10 1
H 14 3 3 8
H 15 6 1 2
V 9 6 10 1
H 9 3 2 4
V 5 4 6 1
H 6 2 3 4
V 5 7 14 1
H 19 7 1 2
H 14 6 6 2
V 9 6 10 1
H 10 0 1 2
H 9 1 2 6
H 9 4 1 2
V 8 0 2 5
H 8 0 1 6
H 7 1 1 2
H 0 0 4 8
H 0 1 2 10
H 0 8 1 2
V 0 9 8 2
V 0 9 20 2
H 15 9 1 4
V 2 11 18 1
V 2 11 8 1
H 2 11 1 2
H 15 10 1 8
V 8 15 12 2
V 7 15 4 2
V 6 15 14 1
V 4 11 16 1
H 15 4 1 10
V 10 6 10 1
H 9 3 2 4
V 5 4 6 1
V 5 4 4 1
V 7 2 4 2
V 7 2 2 2
H 7 2 1 2
H 4 7 1 4
H 14 8 1 2
V 0 9 20 2
H 14 5 4 6
V 9 6 10 1
H 9 3 2 4
V 7 3 4 2
H 7 3 2 4
H 0 3 4 2
V 2 7 2 1
H 3 1 1 10
V 3 9 4 2
V 0 9 20 2
H 16 9 1 8
H 15 8 5 4
V 2 11 18 1
V 2 11 8 1
V 2 3 2 1
V 2 6 2 1
H 3 0 2 8
H 4 0 1 10
H 16 10 1 2
H 13 8 1 2
V 0 9 20 2
H 14 5 1 6
H 10 5 1 2
V 9 6 10 1
V 10 6 2 1
H 9 1 2 6
H 9 0 2 6
V 8 11 2 6
H 9 16 1 2
V 11 2 6 1
H 0 2 4 4
H 13 2 4 4
H 14 1 1 2
V 12 4 8 1
V 16 6 2 1
V 16 15 2 1
H 17 0 2 8
V 6 4 2 1
V 6 9 2 1
V 13 4 2 1
V 13 12 2 1
V 12 4 8 3
H 11 0 1 6
H 11 3 6 4
V 9 6 10 1
H 9 3 2 4
V 8 2 2 3
H 8 2 1 4
V 5 7 12 1
H 14 5 1 2
H 14 6 5 2
V 9 6 10 1
H 9 3 2 4
V 7 4 4 1
H 7 4 1 2
V 7 15 2 1
V 14 0 2 2
V 14 9 2 1
V 14 12 2 6
V 11 15 8 1
H 15 0 1 18
H 17 0 1 12
V 12 8 8 3
H 19 1 1 14
V 9 6 10 1
H 15 3 1 14
V 6 13 14 1
H 8 11 3 6
H 0 0 4 10
V 1 9 6 2
H 2 8 1 2
H 16 9 1 2
V 0 9 20 1
H 16 11 1 2
H 18 11 1 2
H 15 8 3 4
V 4 11 16 1
V 4 11 4 1
H 5 11 1 2
H 5 12 1 2
V 7 14 8 1
H 9 11 6 6
V 5 11 10 1
H 5 11 1 2
V 4 11 4 1
H 8 3 1 2
H 18 8 1 6
V 6 12 14 2
H 18 13 1 2
V 6 12 10 2
V 12 12 8 3
H 17 1 2 14
V 16 5 2 1
H 17 1 2 12
H 12 15 1 2
V 8 13 8 3
H 10 15 1 2
V 11 15 2 1
H 15 0 2 14
V 10 6 10 1
H 10 1 1 6
H 10 1 1 4
H 10 12 1 2
H 13 13 1 2
V 10 13 6 1
H 15 1 1 14
V 9 6 10 1
V 9 2 2 5
V 10 6 2 1
H 9 3 2 4
V 8 4 2 1
H 2 4 1 2
H 8 4 1 2
H 10 16 1 2
H 0 1 5 4
V 3 9 2 1
H 0 1 4 10
V 0 9 6 2
H 6 8 1 2
H 16 8 3 2
V 0 9 20 2
H 16 7 1 2
H 14 5 6 6
V 9 6 10 1
H 9 3 2 4
H 9 2 2 4
V 3 0 2 11
H 4 0 1 8
H 4 0 1 10
H 1 9 1 2
H 5 9 1 2
V 0 9 20 1
H 14 1 3 10
H 14 0 2 8
V 11 0 6 1
H 18 2 1 2
V 6 11 4 2
V 17 3 2 12
V 18 3 2 1
H 14 14 1 2
H 18 12 1 2
H 8 13 11 2
H 12 14 1 2
H 11 12 5 6
V 12 3 2 1
V 11 1 2 6
H 11 1 1 6
V 11 4 2 1
H 11 1 1 4
H 16 6 1 12
V 14 15 6 3
V 15 6 2 1
H 14 6 2 2
V 6 7 14 1
V 5 7 4 1
V 16 4 2 11
H 17 1 1 12
V 17 8 2 1
H 16 10 1 8
V 8 13 12 1
V 7 13 6 1
V 8 9 8 2
V 15 4 2 1
V 13 7 2 1
H 14 4 2 6
V 9 6 10 1
H 9 3 2 4
V 8 4 2 1
H 16 2 1 16
V 10 6 10 1
H 1 5 1 2
H 10 5 1 2
H 16 5 1 2
V 9 6 4 1
H 9 3 2 4
H 9 3 1 2
V 9 4 2 1
V 15 6 2 1
V 11 7 4 1
V 14 4 4 4
H 15 3 2 14
V 5 11 14 1
V 9 11 10 1
V 5 11 6 1
H 8 9 1 2
V 7 8 2 2
H 18 7 1 2
V 6 8 14 2
H 15 2 1 16
H 10 15 1 2
V 15 8 2 1
V 10 16 10 1
H 0 2 5 4
H 0 1 3 10
V 2 9 8 2
H 4 9 1 2
H 15 8 1 2
V 0 9 20 1
H 16 0 1 18
H 4 1 1 6
H 16 1 1 6
V 16 6 4 9
H 17 2 1 8
V 16 7 2 1
V 16 15 2 1
V 12 5 8 2
V 15 7 2 1
H 14 0 2 10
V 15 4 2 1
V 12 1 4 6
H 11 5 5 2
V 9 6 6 1
H 9 5 2 2
H 9 4 1 2
H 19 5 1 10
H 18 4 2 10
V 14 10 2 1
H 15 3 2 14
V 14 15 6 2
H 15 10 1 2
H 17 10 1 2
V 7 11 12 2
V 8 11 8 3
H 8 12 1 2
H 19 11 1 4
V 8 11 12 2
V 7 12 12 1
V 8 12 2 1
V 9 13 2 1
V 14 1 2 3
V 13 1 2 1
H 14 16 1 2
H 17 16 1 2
V 15 3 2 1
V 14 12 4 3
H 15 12 1 6
V 13 16 6 1
H 15 6 1 2
V 11 3 6 4
V 11 9 6 2
V 11 4 8 3
V 17 11 2 1
V 18 5 2 7
H 19 5 1 2
V 16 16 2 1
H 15 2 2 16
V 7 7 12 1
V 7 7 4 1
V 7 11 2 1
H 2 9 1 2
V 1 9 18 1
H 15 16 1 2
H 15 1 1 16
H 6 8 1 2
H 3 9 1 2
V 0 9 14 1
V 0 9 20 1
H 17 3 1 12
H 2 1 3 10
V 4 9 2 2
H 3 8 1 2
V 0 9 20 1
H 15 6 1 12
V 12 15 8 1
H 15 15 1 2
H 13 14 4 2
V 11 14 4 1
H 13 3 1 2
H 13 2 3 2
V 12 4 6 1
V 12 3 4 4
V 9 6 6 1
V 13 3 4 3
H 16 6 1 2
H 15 3 2 4
V 18 6 2 5
H 15 5 4 8
V 14 4 2 7
H 15 2 1 10
V 15 5 2 1
V 16 5 2 6
H 16 4 1 14
V 12 10 4 1
H 15 9 3 6
V 17 11 2 1
V 10 11 10 3
V 1 9 2 1
H 0 5 1 6
H 1 8 1 2
H 13 8 1 2
V 0 9 8 2
H 5 8 2 2
V 0 9 20 1
H 14 5 1 4
H 8 9 1 2
H 14 5 1 6
V 10 6 8 1
H 10 5 1 2
H 14 11 1 6
V 17 13 2 1
V 10 6 2 1
V 12 11 6 4
V 11 11 4 3
V 15 11 2 5
H 15 12 1 6
V 9 7 10 1
V 1 10 18 1
V 16 8 2 1
H 15 5 2 12
V 10 6 8 1
V 10 6 2 1
H 15 5 2 2
V 12 8 6 1
H 15 3 1 14
V 16 15 2 1
H 14 13 1 2
V 13 14 4 2
H 0 4 2 6
V 1 9 6 1
V 0 9 20 2
H 14 3 1 8
H 14 2 1 6
H 0 4 1 2
H 2 4 1 2
H 13 4 3 2
H 0 2 5 6
H 1 1 2 10
V 2 9 14 2
V 0 10 20 1
H 15 13 1 2
H 16 7 1 2
H 15 8 5 6
H 0 0 4 8
H 0 1 1 10
H 14 9 1 2
V 0 9 16 1
V 0 9 20 1
H 18 6 1 6
V 0 10 10 1
V 9 11 2 1
H 11 11 8 2
V 10 11 2 1
V 12 5 2 1
H 14 14 3 2
V 13 14 2 1
V 14 5 2 1
H 15 4 1 6
H 14 4 1 2
V 14 5 2 6
H 14 6 1 2
H 13 5 3 2
V 11 6 6 1
H 15 6 3 8
H 17 6 1 2
V 14 5 2 5
H 14 3 1 8
V 15 9 2 6
H 15 9 1 8
V 11 12 6 1
H 15 10 2 6
V 12 11 8 2
V 11 11 8 2
H 14 6 1 2
V 10 7 8 1
V 11 7 8 1
V 8 8 6 1
V 6 8 14 1
V 13 4 2 1
H 13 12 1 2
V 18 10 2 1
V 17 8 2 5
H 14 7 4 4
H 14 4 1 6
V 13 5 2 1
V 15 7 2 1
H 14 5 2 4
V 11 7 6 1
H 14 9 1 2
V 12 10 4 1
H 15 7 1 8
V 14 14 2 1
V 8 8 8 1
H 14 5 2 6
V 10 9 6 2
V 15 13 2 1
H 15 9 1 6
V 12 12 6 1
V 12 9 4 2
H 15 10 5 2
V 11 11 8 1
V 15 11 2 1
V 15 14 2 1
V 2 9 2 1
H 3 1 2 10
V 0 9 12 2
H 12 8 1 2
V 0 9 20 2
H 19 10 1 2
H 0 5 5 6
V 1 9 12 2
H 10 9 1 2
H 18 9 1 2
V 0 10 20 1
H 5 9 1 2
H 16 9 3 4
H 2 0 1 6
H 2 0 3 10
V 1 0 2 1
V 1 4 2 1
H 4 9 1 2
V 0 9 8 2
V 1 9 18 2
V 14 12 2 1
H 15 9 3 4
H 15 8 1 8
V 13 11 2 1
H 13 11 1 2
V 12 11 2 1
V 16 10 4 1
V 17 9 2 1
H 15 8 3 4
H 15 9 1 2
V 9 10 2 1
V 10 10 10 1
H 14 5 1 2
H 0 6 1 2
H 14 6 1 2
H 0 7 3 4
V 0 9 10 2
V 0 9 18 2
V 13 12 4 1
H 15 8 1 6
V 13 11 4 2
H 3 0 2 8
H 4 5 1 2
H 4 1 1 10
V 4 9 2 2
H 15 10 1 2
V 0 9 18 2
V 15 8 2 1
H 14 7 2 4
V 12 7 4 1
V 13 11 2 1
V 15 9 2 1
V 14 11 2 1
H 8 9 1 2
H 1 5 4 6
V 5 9 4 1
V 3 9 6 2
H 15 10 1 2
H 2 9 1 2
V 1 10 16 1
V 12 9 4 1
H 15 9 1 4
H 14 7 1 2
V 15 10 2 1
H 7 8 7 2
V 13 9 2 1
V 6 8 8 3
H 5 8 4 2
H 6 9 7 2
H 7 9 1 2
V 2 10 14 1
V 10 10 2 1
V 11 10 4 1
V 12 9 2 2
H 2 9 1 2
H 13 9 1 2
V 3 2 2 7
V 3 5 2 1
H 0 0 4 4
V 0 10 10 1
H 4 1 1 10
H 3 1 2 8
H 3 3 1 8
V 2 9 6 2
V 1 9 12 1
H 1 0 2 4
V 0 4 2 1
V 0 7 2 1
V 1 2 4 4
H 2 0 1 2
V 1 1 2 10
H 2 1 1 2
H 6 8 4 2
V 7 9 4 1
V 3 3 2 5
H 2 2 2 6
V 4 9 2 1
V 5 8 4 3
V 1 3 4 1
V 6 8 4 2
H 4 3 1 2
H 1 1 1 6
H 2 2 1 6
V 1 6 4 4
V 0 7 4 3
H 0 0 1 10
H 0 0 1 4
H 0 2 2 8
H 0 1 1 2
H 4 5 1 2
H 1 6 1 2
H 1 3 1 8
V 0 9 6 1
H 5 8 1 2
V 1 9 8 2
V 0 8 2 1
V 1 4 2 7
H 2 4 1 2
V 0 5 4 1
V 0 7 2 1
H 0 2 1 6
H 1 5 3 6
V 0 8 4 3
H 6 8 1 2
V 0 9 8 2
V 5 8 2 2
V 7 10 2 1
H 3 6 1 2
H 4 7 1 2
V 0 4 2 2
H 0 9 1 2
H 3 9 3 2
H 1 5 1 6
H 3 8 2 2
V 0 10 8 1
V 1 6 2 5
H 1 5 1 2
V 3 10 4 1
H 5 9 1 2
V 0 6 2 5
H 0 6 2 2
V 0 7 4 4
H 0 4 1 6
H 0 5 1 2
V 1 8 2 1
V 0 6 2 5
V 2 8 2 3
H 2 7 1 2
H 2 9 1 2
V 0 9 4 1
V 1 9 4 1
V 3 10 2 1
V 2 10 2 1
H 1 8 1 2
V 0 9 2 1
H 1 9 1 2
V 0 8 2 2
