H 12 4 1 2
H 11 18 1 2
H 16 18 1 2
H 10 15 1 2
V 16 7 2 8
H 13 4 4 16
V 13 19 2 1
V 16 15 2 1
V 14 17 6 3
V 11 3 4 1
H 14 13 1 2
V 13 2 4 12
H 14 1 1 16
V 15 7 2 1
V 15 18 2 1
H 14 8 2 12
H 16 15 1 2
V 13 16 6 4
V 15 8 2 10
H 16 17 1 2
H 15 13 1 2
H 13 14 4 6
V 14 16 6 3
V 16 0 2 16
H 14 11 1 2
H 14 2 5 10
V 14 14 2 1
H 15 0 2 20
V 14 17 6 1
V 1 0 10 2
H 10 2 1 2
H 12 2 1 2
H 0 1 11 2
H 10 0 1 20
V 10 12 2 3
V 11 10 2 1
H 11 0 1 18
V 11 3 8 1
V 16 10 2 1
H 13 1 4 10
H 15 5 1 2
H 15 0 1 20
V 13 18 6 1
V 9 0 2 3
H 5 1 6 2
H 10 0 1 20
V 10 12 2 6
H 11 2 1 18
H 12 3 1 2
V 14 3 2 1
V 11 3 8 1
H 14 12 2 2
V 18 6 2 1
V 13 11 2 1
H 14 3 5 10
V 15 15 4 1
H 15 0 1 20
V 14 17 4 2
H 6 1 4 8
V 9 0 2 4
H 10 0 1 20
V 10 12 2 3
V 11 10 2 10
H 12 0 1 20
V 12 0 8 3
H 0 7 1 2
H 16 7 1 2
V 16 11 4 1
V 15 9 2 1
H 16 1 2 14
H 15 0 2 20
V 2 0 4 4
H 2 2 1 2
H 9 2 1 2
V 1 3 10 1
V 10 13 2 1
H 10 1 1 18
V 10 12 2 8
H 11 2 1 18
V 11 3 8 1
H 13 3 1 2
H 13 0 7 8
H 15 8 1 4
V 14 2 2 1
H 12 0 1 20
H 15 0 1 20
V 13 16 6 2
V 13 7 2 1
V 13 11 2 1
V 16 10 2 1
V 14 5 6 6
V 15 0 2 19
H 13 8 7 2
V 14 17 2 1
H 15 0 1 20
V 11 9 2 1
V 12 0 2 1
H 12 0 1 16
V 12 0 6 3
H 14 0 2 16
V 12 3 2 1
H 13 1 3 18
V 14 16 4 2
V 6 13 2 1
H 7 2 1 14
H 7 3 1 2
V 5 0 6 4
H 10 0 1 20
V 10 12 2 1
H 11 2 1 18
V 11 3 8 1
H 12 3 1 2
H 4 0 1 2
H 11 0 1 2
H 17 0 1 2
V 12 1 8 3
H 13 1 7 8
H 19 0 1 16
V 0 11 4 3
V 0 14 4 6
V 2 17 2 1
H 0 14 3 6
V 2 19 2 1
V 0 15 10 1
V 7 7 2 1
H 7 0 1 16
V 5 0 2 1
V 5 6 2 1
H 6 0 2 10
V 4 2 2 1
V 5 1 6 2
H 10 9 1 2
H 10 0 1 20
V 10 12 2 6
H 11 2 1 18
V 11 3 8 1
H 13 0 3 8
H 15 0 1 18
V 13 16 6 1
V 15 11 2 1
V 14 4 2 15
V 16 16 2 1
H 13 14 4 4
V 13 15 6 1
H 7 3 1 2
H 7 0 3 8
V 9 0 2 4
H 10 0 1 20
V 10 12 2 1
V 11 11 2 1
H 11 2 1 18
V 11 3 8 1
H 15 3 1 12
H 15 1 1 18
V 13 10 4 7
V 13 18 2 1
V 14 2 2 1
H 14 2 1 18
H 5 2 5 4
H 10 3 1 2
V 5 1 6 3
H 10 0 1 20
V 10 12 2 1
V 11 3 2 11
V 11 15 2 1
H 12 0 1 20
V 12 2 8 2
H 16 0 1 12
H 15 0 2 18
H 0 12 4 2
H 3 11 1 2
V 0 12 10 1
H 7 0 1 16
H 6 2 2 4
V 5 2 6 2
H 10 0 1 20
V 10 12 2 6
H 11 1 1 18
H 15 0 1 4
V 11 3 8 1
H 19 3 1 2
V 12 2 8 2
H 19 0 1 8
H 19 1 1 14
H 9 0 1 10
V 9 2 2 2
H 10 0 1 20
V 10 12 2 1
H 11 0 1 18
V 11 3 8 1
H 15 0 5 10
V 14 4 2 1
H 15 0 1 18
V 6 3 2 1
V 6 12 2 1
V 3 2 4 2
V 1 2 10 1
H 10 0 1 20
V 10 12 2 8
H 11 0 1 18
V 11 3 6 1
H 13 3 3 12
H 15 8 1 2
H 14 1 1 18
V 4 9 6 1
V 7 5 2 1
H 7 2 1 14
V 5 1 6 2
H 10 0 1 20
V 10 12 2 1
H 11 0 1 18
V 11 3 6 1
H 19 2 1 2
V 12 3 8 1
H 13 0 6 8
H 18 1 1 14
V 0 9 2 2
H 1 5 2 6
H 0 6 3 2
V 0 6 8 1
V 5 4 2 1
H 5 2 1 8
V 1 2 10 1
H 10 0 1 20
V 10 12 2 7
V 11 17 2 1
H 11 0 1 18
H 12 3 1 2
V 11 3 4 1
V 15 1 2 1
V 12 0 8 4
H 16 3 3 8
V 15 4 2 1
H 16 0 2 16
H 6 13 1 2
V 4 14 6 3
V 8 10 2 2
H 7 1 2 16
V 8 3 2 1
H 7 1 2 12
V 5 2 6 2
H 10 0 1 20
V 10 12 2 4
V 11 8 2 6
H 12 0 1 20
V 12 2 8 1
V 17 9 2 1
H 14 0 4 12
V 14 2 2 1
H 15 1 2 16
H 18 9 2 4
V 13 6 2 1
V 13 11 2 1
V 14 6 2 11
H 13 9 1 8
H 13 11 3 6
V 16 14 2 1
H 12 0 1 20
V 11 13 2 1
H 12 0 1 14
V 12 0 4 4
V 12 0 8 1
H 14 0 5 12
V 16 7 2 1
H 17 0 2 14
V 7 3 2 1
H 8 0 2 10
V 7 0 4 4
H 10 0 1 20
H 11 11 1 2
V 10 12 2 1
V 11 12 2 2
H 11 13 1 2
H 12 0 1 20
H 16 0 1 2
V 12 1 8 3
H 15 1 4 10
V 15 8 2 1
H 16 0 1 16
H 0 6 2 2
V 0 6 10 1
H 5 0 5 8
V 1 2 10 1
H 10 0 1 20
V 11 14 2 1
V 10 12 2 3
H 11 2 1 18
H 15 3 1 2
V 11 3 6 1
H 13 5 1 2
H 13 1 2 10
V 14 2 2 1
H 13 0 2 18
V 18 0 2 12
H 19 10 1 2
H 14 9 1 8
H 13 16 1 2
V 4 6 2 5
V 5 7 2 1
H 5 1 1 8
V 1 2 10 2
H 10 0 1 20
V 10 12 2 8
V 11 7 2 7
H 12 0 1 20
V 12 1 8 2
H 13 2 4 10
V 14 7 2 1
H 15 1 2 14
H 1 4 1 2
H 0 5 5 2
V 4 6 2 3
H 5 0 1 8
V 5 4 2 1
V 1 2 10 1
H 10 0 1 20
V 10 12 2 8
H 11 2 1 18
V 11 3 4 1
V 12 2 8 2
H 13 2 7 6
H 16 7 1 2
H 17 0 1 14
V 6 11 4 5
V 6 2 2 1
H 7 1 2 16
V 6 4 2 1
H 7 1 2 10
V 5 2 6 1
H 10 0 1 20
V 10 12 2 4
H 11 2 1 18
V 11 3 8 1
V 15 2 2 1
H 13 0 3 8
H 15 0 1 16
H 13 15 1 2
V 13 15 2 1
H 10 10 1 4
V 10 12 2 8
H 11 2 1 18
V 11 3 4 1
H 13 3 1 10
H 13 1 1 16
V 15 13 2 1
H 7 1 3 6
V 9 0 2 3
H 10 0 1 20
V 10 12 2 4
H 11 2 1 18
V 11 3 4 1
H 13 0 1 14
H 14 11 1 4
V 13 1 2 2
V 13 10 6 2
H 19 9 1 2
V 14 10 6 1
V 0 6 10 1
H 5 0 2 8
V 1 2 10 2
H 10 0 1 20
V 10 12 2 1
H 11 2 1 18
H 14 2 1 2
V 11 3 8 1
H 15 2 1 8
H 15 1 1 14
V 17 0 2 9
H 18 1 1 10
V 18 8 2 1
H 10 0 1 18
V 10 12 2 4
H 11 2 1 18
V 11 3 6 1
H 13 3 2 8
V 13 8 6 1
H 14 1 1 14
H 10 8 1 2
H 10 9 1 4
V 10 12 2 8
H 11 2 1 18
V 11 3 4 1
V 15 1 4 1
V 12 0 8 4
H 13 3 7 4
H 17 0 1 12
V 18 0 2 9
H 13 5 7 4
H 5 0 3 8
V 5 0 6 3
H 10 0 1 20
V 10 12 2 7
V 11 10 2 1
H 11 2 1 18
V 11 3 4 1
H 16 1 1 2
H 18 1 1 2
H 13 2 6 8
H 13 1 1 14
V 6 5 2 6
H 7 1 1 16
V 5 0 6 4
H 10 0 1 20
V 10 12 2 8
H 11 2 1 18
V 11 3 6 1
H 13 3 4 6
H 14 0 1 14
V 0 14 10 3
H 7 1 2 16
V 7 9 2 1
V 7 12 2 1
H 7 2 1 12
H 6 0 1 2
V 5 1 6 2
H 10 0 1 20
V 10 12 2 8
V 11 10 2 4
H 12 0 1 20
H 14 3 1 4
V 12 1 8 3
H 13 6 1 2
H 13 1 4 6
H 0 5 5 2
H 15 5 1 2
H 14 0 3 12
V 6 12 2 4
H 7 0 1 16
H 7 2 2 8
V 5 0 6 3
H 10 0 1 20
V 10 12 2 7
V 11 8 2 5
V 12 3 2 1
H 12 0 1 20
V 12 2 8 1
V 16 7 2 1
H 13 2 4 6
H 16 1 1 10
V 1 19 2 1
V 0 11 4 3
V 0 14 4 6
V 0 15 10 2
V 0 17 10 3
H 7 1 1 16
H 7 0 1 12
V 5 0 6 3
H 10 0 1 20
V 10 12 2 6
H 11 2 1 18
V 11 3 4 1
H 13 2 2 6
H 13 0 1 14
V 3 7 4 2
H 5 0 1 10
H 7 3 1 2
V 1 2 10 2
H 10 0 1 18
V 10 12 2 1
H 11 2 1 18
V 11 3 4 1
H 18 0 1 2
H 17 6 1 2
H 13 1 7 6
H 13 1 1 12
V 0 0 8 1
V 1 0 10 1
H 3 0 8 4
H 10 0 1 20
V 10 12 2 8
H 11 2 1 18
V 11 3 8 1
V 12 1 8 3
H 19 1 1 6
H 12 0 7 4
V 0 12 10 1
H 9 12 1 2
H 7 1 1 16
H 5 1 4 4
V 5 0 6 4
H 10 0 1 20
V 10 12 2 4
H 11 1 1 18
H 15 0 1 10
V 11 3 8 1
H 15 0 1 10
V 14 0 4 9
H 13 0 3 10
V 12 3 8 1
H 19 1 1 4
H 19 4 1 2
H 10 11 1 2
V 10 12 2 1
H 11 2 1 18
V 11 3 6 1
V 12 3 8 1
H 14 1 5 6
V 4 15 2 1
V 5 11 4 6
V 8 14 2 1
H 7 1 1 16
V 5 3 6 1
H 10 2 1 18
V 10 12 2 1
H 11 2 1 18
V 11 3 8 1
H 13 3 1 4
H 15 4 1 2
H 13 3 7 2
V 13 5 2 1
H 14 0 2 10
H 3 14 3 6
V 0 15 8 1
V 6 13 2 1
H 7 1 1 16
H 7 2 1 10
V 5 2 6 2
H 10 0 1 20
V 10 12 2 7
H 11 2 1 18
V 11 3 6 1
H 14 3 4 4
H 13 1 2 10
H 7 3 1 2
H 11 3 2 2
V 11 3 4 1
V 12 2 8 2
H 15 1 3 6
V 7 2 4 1
H 10 0 1 20
V 10 12 2 1
H 11 2 1 18
V 11 4 2 1
V 11 3 8 1
H 12 3 1 2
V 12 2 8 2
H 19 3 1 2
H 6 2 3 4
H 9 2 1 2
V 3 2 8 1
H 10 0 1 20
V 10 12 2 7
H 11 2 1 18
V 11 3 6 1
H 13 3 6 2
H 13 0 2 10
V 5 0 6 3
H 7 1 4 2
H 10 0 1 20
V 10 12 2 1
H 11 2 1 18
V 11 3 8 1
H 15 3 4 2
H 15 1 1 8
V 6 11 2 6
H 7 1 1 16
V 5 1 6 3
H 10 1 1 18
V 10 12 2 2
V 10 18 2 1
H 11 2 1 18
V 11 3 4 1
H 11 2 1 2
V 11 3 8 1
H 16 2 1 2
H 15 0 3 6
V 17 4 2 1
V 6 12 2 5
V 7 8 2 1
H 7 0 1 16
H 7 2 3 6
V 5 1 6 3
H 10 0 1 20
V 10 12 2 8
V 11 12 2 2
H 12 0 1 18
V 11 3 8 1
H 16 0 1 8
V 0 18 10 1
H 2 14 3 6
V 4 14 2 1
V 0 14 10 2
V 6 0 2 1
H 7 0 1 16
H 7 1 1 10
V 5 1 6 2
H 10 0 1 20
V 10 12 2 8
V 11 9 2 11
H 12 0 1 20
V 12 1 6 3
V 12 2 8 1
H 18 3 1 2
V 3 0 4 3
V 1 0 10 2
H 8 1 3 2
H 10 0 1 20
V 10 12 2 8
H 11 2 1 18
V 14 3 2 1
V 11 10 2 1
V 11 3 8 1
H 15 0 1 8
V 6 11 2 5
H 7 1 1 16
H 7 2 3 4
V 5 2 6 2
V 10 15 2 1
H 10 0 1 20
V 10 12 2 8
V 11 11 2 2
H 12 9 1 2
H 12 1 1 18
V 18 3 2 1
V 11 3 8 1
H 15 0 2 6
V 0 6 8 1
H 5 1 1 8
V 1 1 10 3
H 10 0 1 20
V 10 12 2 3
H 11 2 1 18
V 11 3 4 1
H 8 3 1 2
H 11 3 1 2
V 11 3 8 1
H 17 1 1 4
V 1 11 8 2
V 7 7 2 1
H 7 0 1 16
H 7 2 3 4
V 5 2 6 1
H 10 0 1 20
H 7 2 1 6
V 5 2 6 1
H 10 0 1 20
V 10 12 2 5
V 11 10 2 7
V 11 14 2 1
H 12 0 1 20
V 12 2 6 2
V 12 0 2 1
V 12 3 2 1
H 16 1 1 2
V 13 2 6 2
V 0 15 10 1
H 7 1 1 16
V 6 2 2 1
H 7 1 2 10
H 5 2 1 2
V 5 2 6 1
H 10 0 1 20
V 10 12 2 5
H 11 2 1 18
V 11 3 4 1
V 11 3 8 1
H 16 2 2 4
V 4 14 2 1
H 2 14 3 6
H 0 16 1 2
H 2 16 1 2
V 7 12 2 1
V 7 16 2 1
V 0 16 8 1
H 7 1 1 16
H 7 2 1 12
V 5 2 6 2
H 10 0 1 20
V 10 12 2 3
V 11 12 2 2
H 12 2 1 18
V 11 3 8 1
H 16 1 1 6
V 17 3 2 1
H 12 8 1 2
V 11 3 2 1
H 12 0 1 18
V 12 1 4 3
H 14 0 1 8
V 16 3 2 1
V 13 1 4 5
H 8 1 1 2
H 10 1 1 2
H 10 0 1 20
H 11 11 1 2
V 10 12 2 3
H 11 2 1 18
H 14 2 1 2
V 11 3 4 1
V 12 2 6 2
H 14 1 3 4
H 3 4 2 4
V 2 6 4 1
H 5 0 1 8
V 1 2 10 2
H 10 0 1 20
H 11 12 1 8
V 10 12 2 2
V 11 12 2 2
H 12 1 1 18
V 11 3 6 1
H 13 1 3 6
V 16 3 2 1
H 16 3 1 2
H 12 2 1 4
V 12 1 4 3
V 13 2 4 2
H 12 0 1 14
V 12 0 2 4
V 13 0 2 1
H 10 10 1 4
V 10 12 2 1
H 11 2 1 18
V 11 3 6 1
V 12 3 6 1
V 3 3 8 1
H 10 0 1 18
V 10 12 2 3
V 11 11 2 5
V 11 19 2 1
H 12 0 1 18
V 11 3 6 1
H 13 0 1 2
H 5 1 4 4
H 13 1 3 4
H 15 3 1 2
V 1 11 2 1
H 11 0 1 20
V 11 3 6 1
H 13 1 2 4
V 7 1 4 3
V 9 0 2 1
H 10 0 1 20
V 10 12 2 2
H 11 0 1 18
H 14 3 1 2
V 11 3 4 1
H 14 3 1 2
V 11 3 6 1
H 13 2 1 4
V 4 0 2 4
V 1 3 10 1
H 10 10 1 10
H 10 0 1 18
V 10 12 2 6
V 11 3 2 15
H 12 0 1 20
V 12 1 2 3
V 13 2 2 1
V 0 17 10 2
H 1 16 1 2
H 1 14 4 6
V 0 14 8 2
V 6 6 2 2
H 7 0 1 16
H 5 2 3 8
V 5 1 6 3
H 10 0 1 20
V 10 12 2 6
H 11 2 1 18
V 11 3 4 1
H 11 3 1 2
H 13 1 1 4
V 12 2 2 1
H 12 1 1 2
H 8 0 1 14
V 7 1 4 3
H 10 0 1 20
H 12 9 1 8
V 10 12 2 3
V 11 13 2 1
H 11 0 1 20
V 11 6 2 1
H 11 0 1 4
H 11 3 1 2
V 5 13 4 3
V 8 12 2 1
H 7 0 2 16
H 6 0 3 10
V 5 0 6 3
H 10 0 1 20
V 10 12 2 7
H 11 1 1 8
V 11 3 2 11
H 12 2 1 18
V 12 3 2 1
H 13 3 1 2
H 10 9 1 4
V 10 12 2 1
H 11 2 1 18
V 11 3 2 2
V 12 3 2 1
H 1 5 2 6
H 0 6 3 2
V 2 6 6 1
H 5 1 4 8
V 1 2 10 1
H 10 0 1 20
V 10 12 2 5
H 11 2 1 18
H 7 2 1 2
H 11 2 1 2
H 0 6 3 2
V 0 6 10 1
V 0 17 10 2
H 5 1 1 8
V 1 2 10 1
H 10 0 1 20
V 11 17 2 1
V 10 12 2 7
H 11 3 1 16
H 11 3 1 2
V 11 5 2 2
V 11 18 2 1
V 2 0 4 4
V 1 2 10 1
H 9 1 1 2
H 10 1 1 10
V 9 2 2 1
H 10 0 1 20
H 11 6 1 12
V 10 12 2 6
V 11 17 2 1
V 6 10 4 1
V 7 16 2 1
H 7 1 1 16
V 5 2 6 1
H 10 1 1 14
H 10 0 1 20
V 3 4 2 7
V 3 14 2 1
H 4 14 1 6
V 4 2 2 1
V 4 7 2 1
V 4 18 2 1
V 4 14 6 2
H 7 0 1 16
H 6 0 2 8
V 5 1 6 3
H 10 0 1 18
V 10 12 2 6
H 11 6 1 12
V 10 12 2 4
H 10 10 1 8
V 11 9 2 1
H 11 8 1 8
H 11 8 1 6
H 0 18 1 2
H 6 18 1 2
H 0 12 4 2
H 1 11 1 2
V 0 12 10 1
V 6 7 2 1
H 7 0 1 16
H 7 0 3 8
V 5 0 6 2
H 10 10 1 6
H 10 0 1 14
H 10 0 1 16
V 10 12 2 4
V 11 12 2 1
V 11 15 2 1
H 12 13 1 2
H 11 14 1 2
H 4 17 1 2
H 1 16 5 4
V 2 19 8 1
H 10 1 1 16
H 12 10 1 2
V 1 19 2 1
V 9 1 2 3
H 10 2 1 8
H 10 0 1 16
V 10 15 2 1
V 0 0 4 4
V 0 2 10 1
H 6 0 3 8
V 6 15 2 1
H 7 0 1 16
V 5 14 4 1
V 5 17 4 1
V 1 18 8 1
H 5 11 1 8
V 0 18 10 1
V 5 11 2 3
H 5 11 1 8
H 2 17 1 2
V 0 17 10 1
V 11 13 2 1
V 1 14 2 4
H 0 15 1 2
V 0 15 10 1
H 7 0 1 16
H 7 0 1 14
V 5 0 6 1
H 10 0 1 10
H 0 7 1 2
H 10 7 1 2
H 10 1 1 14
V 10 12 2 2
H 11 10 1 4
V 11 11 2 1
H 10 5 1 10
V 1 14 6 3
H 1 16 5 2
V 2 17 8 1
V 3 10 6 1
H 7 5 1 12
V 1 16 8 1
H 3 14 3 6
V 6 14 4 2
H 7 0 1 16
H 8 11 1 2
H 7 0 2 12
V 5 0 6 1
H 10 0 1 10
H 10 0 1 14
V 10 12 2 1
H 11 11 1 2
H 10 0 1 12
V 5 0 6 1
V 6 5 2 1
V 7 2 2 1
H 7 0 1 12
V 6 4 2 1
V 7 7 2 1
H 7 1 1 16
H 7 12 1 2
V 5 13 4 2
V 4 18 2 1
H 5 12 1 8
V 3 17 6 2
H 7 18 1 2
H 2 14 1 4
H 5 14 1 2
V 2 14 8 1
H 5 11 1 2
H 5 12 1 8
V 2 17 2 1
V 4 13 2 1
V 3 17 4 2
V 7 0 4 4
H 10 0 1 12
V 10 12 2 1
H 10 1 1 12
V 10 12 2 1
H 2 5 1 2
V 0 4 4 2
V 1 4 4 3
H 3 4 2 6
V 3 7 6 2
V 6 0 2 1
V 6 11 2 1
H 7 1 1 16
H 5 13 1 2
V 0 3 10 1
V 0 14 10 2
H 3 15 1 2
V 0 15 4 1
V 2 6 2 1
V 2 14 2 1
V 3 14 4 3
H 3 14 3 4
V 1 14 8 2
H 7 13 2 2
H 10 5 1 8
V 4 14 2 5
H 4 17 1 2
H 4 16 2 2
V 4 7 4 4
V 4 17 4 1
H 6 17 1 2
V 0 11 8 2
H 0 11 10 2
H 0 12 1 2
H 2 12 1 2
H 5 11 1 2
H 7 11 1 2
H 7 7 1 10
V 6 9 2 1
V 4 14 4 2
V 4 7 2 1
V 4 15 2 1
H 5 12 1 6
V 5 8 2 1
V 5 13 2 1
V 5 17 2 1
V 3 1 2 1
V 3 7 2 3
V 3 16 2 1
H 3 9 1 2
V 3 9 6 1
V 7 16 2 1
H 7 5 1 12
V 2 15 6 1
H 4 14 2 4
H 7 1 1 10
V 6 16 2 1
H 7 1 1 16
V 4 15 6 2
V 3 15 2 2
V 0 12 10 1
H 1 12 1 2
H 4 12 2 2
V 7 0 4 4
H 10 2 1 4
H 10 1 1 10
V 4 15 2 1
V 0 5 2 1
V 0 9 2 2
V 1 8 2 3
V 1 11 2 1
H 1 5 2 6
V 0 7 2 1
V 0 10 2 1
H 0 6 3 2
V 0 6 10 1
V 6 12 2 1
H 7 1 1 16
V 3 14 6 1
V 3 14 2 1
H 6 15 1 2
V 5 15 2 1
V 2 12 4 1
H 5 14 1 2
H 5 13 4 2
V 4 14 2 1
H 10 1 1 8
H 3 12 1 2
V 3 12 6 1
V 4 12 6 1
V 8 11 2 1
V 8 14 2 1
H 9 10 1 6
H 4 8 1 2
V 4 9 4 1
V 6 6 2 1
H 7 6 1 8
V 4 13 6 1
V 0 1 8 3
H 6 1 3 6
V 6 11 2 1
H 7 0 1 16
V 5 13 4 2
V 7 1 4 1
V 7 3 2 1
V 7 9 2 1
H 7 1 1 12
V 7 8 2 1
V 6 9 2 1
H 7 1 1 16
V 6 15 2 1
V 4 12 2 1
H 10 3 1 4
H 2 0 1 2
V 0 1 10 1
H 0 0 1 2
V 6 5 4 5
V 8 11 2 3
H 8 13 1 2
H 7 6 2 8
V 6 11 4 3
V 7 0 2 8
H 6 4 4 4
H 7 0 1 16
V 1 4 2 6
H 1 4 2 4
H 8 6 1 2
H 0 5 1 2
V 0 6 10 1
H 7 0 1 12
V 5 0 6 1
H 5 11 1 2
H 9 11 1 2
H 10 1 1 2
V 6 10 2 1
V 7 9 2 5
H 7 11 1 4
V 4 6 4 3
H 5 1 1 10
V 0 1 10 1
V 4 7 4 3
H 7 7 2 6
V 4 11 6 1
V 8 2 2 1
V 8 9 2 1
H 8 1 1 10
V 8 1 2 1
H 8 0 1 14
H 0 5 5 2
V 4 6 2 1
V 4 10 2 1
V 1 6 8 1
H 5 1 4 10
V 1 1 8 2
H 1 0 1 2
H 6 0 1 2
V 6 12 2 1
H 10 3 1 2
H 10 2 1 2
H 7 1 1 12
V 6 11 4 1
V 7 4 2 1
V 6 3 4 4
H 6 1 4 4
V 5 2 2 9
H 5 1 4 8
H 6 0 1 2
V 1 1 8 1
H 8 2 1 2
H 5 3 5 4
V 9 3 2 1
H 10 3 1 2
V 0 2 2 1
H 3 0 2 2
V 2 1 4 3
V 4 2 4 1
V 1 2 4 2
H 1 2 1 2
H 3 7 5 4
V 4 10 6 1
H 5 1 3 4
V 3 3 8 1
V 0 3 6 1
H 8 6 1 2
V 6 7 4 2
V 2 6 6 1
H 7 3 1 10
H 7 0 1 2
V 3 9 6 2
V 2 3 6 1
H 7 2 1 2
V 2 3 8 1
H 5 3 4 4
H 5 1 2 4
V 5 8 4 2
H 8 8 1 2
H 1 5 4 2
V 3 6 6 1
H 5 2 1 2
H 5 3 3 8
H 5 1 1 8
H 7 8 1 2
V 7 4 2 1
V 7 8 2 1
V 8 7 2 1
V 3 3 4 1
H 5 3 1 2
H 5 2 2 2
V 4 3 4 1
H 3 5 1 2
V 3 6 4 4
H 5 3 2 8
H 4 0 1 4
H 4 1 1 2
V 3 1 2 1
V 4 1 2 1
H 1 4 2 4
V 2 6 6 1
V 4 9 2 1
H 5 1 1 10
V 4 10 2 1
V 7 5 2 3
H 8 6 1 2
H 1 5 2 2
H 5 5 4 2
H 5 5 3 4
V 5 3 2 5
H 5 5 2 2
H 6 4 1 6
V 5 4 2 1
V 6 6 2 2
H 6 7 1 2
H 5 5 3 2
V 7 6 2 1
H 7 6 1 2
H 5 8 1 2
H 3 9 2 2
H 6 5 1 2
V 0 6 8 1
H 5 4 2 4
H 5 3 1 2
H 1 5 2 6
V 2 4 2 3
H 1 5 1 2
H 6 5 1 2
H 2 6 1 2
V 0 6 8 1
H 7 5 1 2
V 3 5 2 1
H 4 6 1 2
H 4 5 1 4
V 2 6 6 1
H 1 4 1 4
H 5 5 1 2
V 0 6 6 1
H 3 4 2 6
H 5 4 1 2
V 5 6 2 1
H 1 5 1 2
V 0 6 6 1
H 5 5 1 2
V 0 8 2 1
H 1 5 1 4
H 3 5 1 4
H 1 4 1 2
V 0 6 4 1
H 3 5 1 4
H 0 6 1 2
H 4 6 1 2
V 1 5 2 1
V 0 5 2 1
V 0 5 4 1
H 1 6 2 4
V 2 6 2 1
H 1 6 1 2
H 3 6 1 2
V 1 7 2 4
H 0 7 2 2
H 1 5 1 6
V 0 9 2 2
H 0 5 1 4
H 1 9 1 2
H 0 7 2 2
H 1 5 1 6
V 0 8 2 1
H 1 7 1 2
V 0 10 2 1
V 1 10 2 1
H 0 9 1 2
