H 0 10 1 10
H 8 5 1 2
H 3 18 1 2
H 8 18 1 2
H 15 8 1 2
V 0 6 12 13
V 4 1 2 1
V 4 8 2 1
V 10 19 2 1
H 5 0 6 20
H 5 0 6 8
V 0 0 20 3
V 12 2 8 2
H 19 1 1 2
V 6 4 4 15
V 0 16 20 1
H 8 0 2 20
H 8 0 3 16
V 1 0 18 1
H 2 5 1 2
H 1 0 16 6
V 5 1 14 5
V 10 4 2 1
H 8 0 3 20
H 6 0 5 8
V 4 0 14 6
V 17 15 2 1
H 9 7 1 4
V 0 8 18 8
V 8 12 2 1
H 9 2 2 12
V 0 2 20 1
H 5 3 1 2
V 0 4 20 1
H 6 0 3 6
V 0 1 18 1
V 6 3 14 2
H 18 2 1 2
H 5 3 1 2
H 9 1 1 2
H 5 2 13 2
V 4 2 2 1
V 4 3 16 1
V 0 0 16 4
H 12 2 1 2
V 0 0 14 3
H 0 1 1 2
V 0 5 20 1
H 7 2 4 6
V 0 2 18 3
H 3 4 1 2
H 1 1 16 4
V 0 7 2 1
V 1 3 2 14
V 6 0 4 1
V 2 3 2 1
V 6 9 2 1
H 1 0 6 20
V 1 4 2 1
H 1 0 1 12
V 2 0 12 4
H 4 2 12 2
V 1 3 18 1
V 0 3 2 1
V 13 2 4 1
V 1 1 10 15
H 15 2 1 2
V 12 3 6 3
H 13 0 2 6
V 10 7 2 1
H 9 1 2 10
V 4 1 12 2
H 3 0 8 6
V 5 2 12 1
V 1 2 2 13
V 1 14 2 1
V 4 7 2 1
H 2 0 3 20
H 2 0 9 4
H 2 1 13 2
V 0 2 6 3
V 4 4 4 1
V 5 12 2 1
V 1 2 10 11
H 0 3 1 4
H 0 3 18 2
H 8 1 1 6
V 1 4 18 1
H 11 10 1 10
V 2 14 14 3
H 13 15 1 2
V 0 14 20 2
H 10 12 10 8
V 6 0 8 1
H 9 0 1 20
H 7 5 4 6
H 10 4 1 2
V 0 5 20 1
H 1 2 13 2
V 0 3 2 1
V 15 13 4 7
V 6 13 14 3
V 0 15 14 1
H 11 13 9 6
V 6 12 10 3
H 8 2 1 2
H 1 3 10 16
V 0 6 20 2
H 9 1 1 10
H 8 1 1 2
V 5 1 10 1
H 6 7 1 2
V 0 8 20 2
H 9 1 1 12
V 4 2 12 1
H 12 14 1 4
V 0 13 20 2
V 3 19 2 1
H 3 0 1 20
H 3 0 1 8
V 8 4 2 1
V 8 8 2 1
H 1 17 1 2
H 9 17 1 2
V 9 7 8 11
H 9 0 1 20
H 15 4 1 2
V 1 5 18 1
V 0 11 16 4
H 2 3 8 16
V 1 3 16 1
H 2 2 4 4
H 12 10 1 2
V 11 11 8 2
H 16 6 3 12
V 16 7 4 9
H 15 7 5 6
V 2 6 12 5
H 3 1 1 10
H 0 5 1 2
H 9 5 1 2
V 7 6 6 9
H 8 1 2 8
H 6 1 1 2
V 3 2 12 3
H 7 5 3 12
V 0 5 18 1
V 0 7 18 1
H 10 6 1 2
H 0 4 4 6
H 10 14 1 6
V 4 14 16 2
H 9 10 9 10
H 10 1 1 14
V 7 10 6 8
V 8 5 2 1
V 8 15 2 1
H 7 3 2 14
V 2 3 14 1
V 0 6 18 1
V 2 13 2 1
V 3 6 8 9
H 8 5 1 2
H 4 0 2 12
V 10 0 2 1
V 10 12 2 1
H 10 0 1 20
V 5 4 12 1
V 6 2 8 1
H 9 6 1 2
H 9 2 1 10
V 8 6 8 1
V 8 14 2 1
H 9 0 2 20
H 14 17 1 2
V 0 17 20 1
V 5 2 2 1
V 4 1 4 4
H 5 0 1 2
H 11 0 1 2
V 2 3 6 4
H 2 3 4 6
V 6 5 2 1
V 1 5 6 5
H 1 4 1 2
V 16 12 2 1
V 14 12 6 4
H 16 13 2 6
V 17 13 2 5
H 18 16 1 2
V 1 17 2 1
V 2 4 2 16
H 3 2 1 16
H 0 16 15 2
V 2 16 18 1
V 6 6 10 2
H 8 2 2 10
V 4 2 10 3
H 7 0 1 20
V 0 19 14 1
V 7 18 2 1
V 8 1 2 19
V 0 10 6 1
H 9 0 1 12
H 2 5 1 12
V 0 8 20 2
H 5 4 5 16
V 3 19 14 1
H 9 9 1 2
V 0 8 16 2
H 0 5 2 6
V 0 9 16 1
H 8 4 2 10
H 5 4 1 2
V 2 4 14 1
V 0 11 20 1
V 9 0 2 1
V 4 19 12 1
H 9 0 1 20
V 7 1 6 1
H 0 17 1 2
V 18 9 2 7
H 19 9 1 2
V 0 13 2 1
H 1 12 3 8
V 16 16 2 1
V 13 7 4 12
H 16 9 1 10
V 11 10 8 1
V 8 6 8 11
H 7 2 4 6
V 4 3 10 3
H 14 4 1 2
V 5 4 10 1
H 1 15 18 2
H 19 14 1 2
V 12 15 8 1
H 9 5 1 2
H 2 4 12 2
V 6 5 10 1
H 3 7 14 2
V 3 8 16 1
H 3 3 4 16
H 3 3 2 10
H 3 4 4 2
V 1 5 6 1
V 5 8 6 12
H 5 1 1 18
H 5 6 1 2
H 15 6 1 2
H 8 13 1 4
H 5 1 6 6
V 5 13 6 1
H 10 7 1 12
V 17 16 2 1
V 4 15 14 3
V 6 0 2 17
H 6 0 1 20
H 6 0 1 10
V 4 2 2 1
V 12 17 2 1
H 12 6 1 14
H 9 15 1 2
H 17 15 1 2
V 7 16 12 1
V 7 0 2 1
V 15 7 2 1
H 13 12 1 2
H 8 13 10 4
V 7 5 8 1
H 13 4 1 2
V 2 8 16 2
H 9 4 1 12
V 1 15 18 1
V 8 4 2 1
V 2 6 2 1
H 7 7 1 2
H 3 4 6 4
V 1 6 12 1
V 4 7 2 13
H 4 3 3 14
V 5 4 2 6
H 5 2 1 4
V 5 3 8 2
H 8 1 3 4
H 4 4 1 6
V 0 7 8 1
V 3 4 6 16
V 3 11 12 9
H 1 9 1 10
V 1 14 10 4
H 1 17 1 2
H 14 17 1 2
H 9 5 1 2
H 9 6 6 10
V 12 8 6 7
H 0 9 19 6
V 1 11 2 1
H 2 6 3 14
V 8 15 2 1
H 9 14 5 6
V 4 11 16 4
H 9 5 1 2
V 7 4 6 2
H 8 0 2 10
V 1 9 18 1
H 8 2 2 18
V 0 14 16 4
V 6 13 12 3
H 8 2 2 18
V 3 5 12 1
V 8 2 2 17
H 9 0 1 16
V 4 14 14 2
H 15 14 2 4
V 0 11 18 1
V 0 11 20 1
H 3 10 1 2
H 19 10 1 2
V 1 10 18 1
H 17 9 1 2
H 3 9 1 6
V 1 10 12 6
H 3 4 2 12
H 7 1 3 2
V 6 2 2 1
H 1 12 8 6
V 16 9 2 5
H 12 8 5 8
V 16 9 2 1
H 8 0 1 12
H 7 1 2 2
V 7 2 4 4
H 6 4 1 2
H 6 3 5 4
V 8 3 4 1
H 3 18 1 2
V 2 7 4 12
H 3 10 3 10
V 14 11 2 1
V 11 6 4 12
V 12 9 2 1
H 11 10 3 10
H 7 1 3 14
V 11 17 4 1
H 2 16 11 2
V 0 13 14 4
V 3 5 8 3
H 9 4 1 2
V 4 5 10 1
H 12 4 1 2
V 12 11 8 2
H 15 7 1 10
V 0 9 2 7
H 1 7 7 10
H 1 7 2 4
H 2 6 1 2
H 7 6 1 2
H 7 7 7 4
V 0 9 18 1
V 8 7 2 1
H 7 2 2 18
H 9 9 1 2
V 4 10 14 2
H 12 6 3 8
H 8 1 1 2
V 2 17 6 1
H 5 4 6 6
V 15 15 2 1
V 14 8 2 8
H 15 13 1 4
V 12 15 2 4
H 10 12 3 8
H 3 17 9 2
H 8 16 1 2
V 5 17 10 1
V 7 5 2 1
V 4 5 8 1
H 5 5 6 2
V 3 6 4 1
V 15 14 2 1
H 5 9 11 6
V 12 12 8 1
V 6 11 2 4
V 4 15 4 1
H 7 2 1 18
V 2 8 6 5
H 4 5 2 6
V 12 12 4 4
H 13 6 1 12
H 4 6 3 4
V 0 9 8 1
H 5 9 1 6
V 3 13 8 2
H 3 9 4 10
V 0 10 16 1
H 14 8 2 4
H 5 10 1 2
H 17 10 1 2
H 8 5 3 12
V 2 14 16 1
H 0 13 1 2
H 4 13 1 2
V 3 12 16 1
H 0 12 1 2
H 18 12 1 2
V 7 9 2 1
V 7 19 2 1
V 8 9 2 10
V 1 11 18 2
H 4 14 1 2
V 2 9 12 6
H 8 3 1 16
V 4 18 10 1
V 0 15 2 1
H 17 12 1 2
V 13 10 2 1
V 13 16 2 1
H 3 16 11 2
V 2 16 2 1
H 7 6 6 2
V 12 7 2 1
H 6 4 5 4
H 7 3 1 2
V 4 6 6 13
V 9 16 6 1
H 7 7 1 2
V 6 8 8 6
H 8 7 1 2
H 8 6 5 4
H 1 12 1 4
H 8 3 2 6
H 1 11 1 4
V 0 10 6 3
V 0 11 2 1
H 1 10 4 6
V 3 8 2 1
V 2 8 2 8
V 3 12 2 1
V 2 14 2 1
H 3 10 1 8
V 7 8 2 1
V 6 4 2 16
H 12 12 1 6
V 5 13 2 1
H 6 4 1 10
V 3 13 12 1
V 12 8 2 9
H 8 7 5 12
H 5 5 6 8
V 10 5 2 1
H 4 14 9 4
H 8 15 1 2
V 4 14 12 2
V 3 16 2 1
H 4 6 1 12
V 1 9 2 1
H 7 4 1 14
V 4 12 8 3
H 11 6 1 14
V 13 9 2 1
H 11 8 3 8
V 1 11 16 2
V 5 14 2 1
H 5 6 1 14
H 3 15 1 2
V 15 13 2 1
V 5 18 2 1
H 5 15 1 4
H 6 5 2 4
V 7 4 2 16
V 8 4 2 1
V 8 14 2 1
V 11 12 2 1
V 6 11 6 8
H 2 9 8 4
V 0 11 4 2
V 10 6 2 6
V 11 7 2 1
H 7 6 5 6
V 10 9 4 4
H 13 8 1 2
V 11 11 6 1
V 12 14 2 2
H 12 12 1 6
V 8 13 2 1
V 7 9 4 9
H 10 12 1 8
V 3 9 10 1
H 3 8 1 2
H 12 8 1 2
H 5 7 6 4
V 2 9 10 1
V 1 11 8 2
H 7 4 2 14
H 8 3 1 2
V 1 13 14 1
H 1 12 10 2
V 0 12 18 1
H 1 11 1 2
H 3 9 1 2
V 4 8 2 6
H 5 7 1 2
V 8 5 2 4
H 9 5 1 2
V 15 12 2 1
H 15 11 1 2
V 6 6 2 12
H 7 16 3 4
V 7 11 6 6
H 11 16 1 2
V 6 12 2 1
H 7 11 6 6
V 14 13 2 1
V 11 11 4 4
H 4 9 1 8
H 4 8 1 8
V 5 9 6 6
H 6 6 4 10
V 5 15 8 1
H 12 15 1 2
H 8 8 2 12
V 5 9 4 4
H 8 4 1 10
H 8 8 3 8
H 11 12 1 4
H 14 12 1 2
V 5 12 12 1
H 7 12 1 4
V 0 12 10 1
H 6 7 1 12
H 10 17 1 2
V 6 11 2 7
H 6 16 1 2
V 12 10 2 5
H 12 14 1 2
H 7 6 3 2
V 9 9 2 1
V 6 7 4 8
V 8 13 4 4
H 11 15 1 2
V 9 7 2 11
H 8 13 2 6
V 1 12 12 1
H 9 13 1 2
H 10 11 1 2
H 9 12 3 4
V 8 12 8 1
V 4 9 2 4
H 4 9 8 6
V 7 14 2 1
H 4 10 4 6
V 8 10 6 1
H 8 8 1 2
V 6 9 6 3
H 8 5 1 10
V 8 7 2 10
H 8 12 1 2
V 7 7 2 1
H 8 7 1 12
V 7 15 4 3
H 7 8 3 6
V 6 15 2 1
H 7 7 1 12
V 5 8 4 5
H 5 8 5 4
V 2 13 12 1
V 2 13 2 1
H 7 6 1 2
H 9 16 1 2
V 5 12 2 4
H 6 15 1 2
V 6 13 2 3
H 7 14 1 4
H 4 13 5 2
V 3 11 4 3
V 7 8 4 9
H 9 7 1 2
V 8 15 4 1
V 10 12 4 2
H 13 11 1 2
V 3 11 8 2
H 5 12 8 2
V 2 12 8 1
V 6 12 2 4
V 8 11 2 1
H 7 7 2 10
V 7 8 2 6
H 11 9 1 2
V 6 9 6 1
V 5 11 8 3
H 12 10 1 2
H 9 12 1 2
H 6 11 4 2
V 5 12 10 1
H 7 8 3 6
V 6 12 8 2
V 10 10 2 5
H 7 9 4 8
V 3 12 2 1
H 4 12 1 2
H 12 12 1 2
V 7 8 2 1
H 9 15 1 2
H 9 10 2 6
H 7 13 3 4
V 6 9 4 1
V 7 9 4 6
V 9 11 4 1
H 6 9 4 6
H 10 13 1 2
V 5 10 6 4
H 6 9 1 2
H 7 14 1 2
H 7 9 3 6
V 5 14 4 1
V 7 12 2 1
H 8 12 1 6
V 8 14 2 1
V 7 13 2 3
V 6 11 6 4
V 10 12 4 1
V 4 12 6 1
H 4 11 1 2
V 5 11 2 3
H 5 12 1 2
H 6 11 2 4
V 8 12 2 4
H 8 15 1 2
V 7 10 4 4
V 6 10 2 1
H 7 12 1 4
V 9 10 2 4
V 6 13 6 1
H 9 12 1 4
H 7 10 3 4
V 4 12 8 1
H 8 8 1 6
H 8 11 1 2
H 8 9 2 6
H 10 12 1 2
V 7 12 6 1
V 8 11 2 1
V 8 14 2 1
V 7 10 2 5
H 9 12 1 2
V 6 13 6 1
V 6 13 4 1
H 7 12 3 2
V 5 12 4 1
V 9 11 2 2
H 8 10 2 4
V 7 12 2 1
H 8 11 1 4
V 7 12 2 1
H 8 11 1 2
V 8 12 2 1
