V 9 4 2 1
H 8 11 1 2
V 7 3 2 1
H 17 18 1 2
H 11 17 1 2
V 10 13 2 1
V 2 12 18 3
H 6 13 1 4
V 2 15 8 2
H 2 15 1 4
V 0 18 4 2
H 0 8 1 12
H 0 8 2 8
V 5 8 2 7
H 6 14 1 2
H 10 13 1 2
H 6 8 7 6
H 6 9 3 8
V 2 16 8 1
H 2 15 1 4
H 0 17 2 2
V 3 18 2 1
V 0 18 4 2
H 0 10 2 10
H 0 16 1 2
H 0 9 1 8
H 14 3 1 2
H 14 0 2 8
H 13 5 1 2
V 13 4 6 2
V 16 10 2 1
H 17 0 1 14
V 2 9 18 3
V 4 11 2 1
V 5 11 4 1
V 6 12 2 1
H 6 8 1 8
H 8 14 1 2
V 2 15 8 2
H 2 15 1 4
H 2 16 1 4
V 2 18 8 2
V 1 18 12 2
H 2 1 1 2
H 0 2 9 4
V 1 5 10 1
V 0 5 18 1
H 17 2 1 14
V 2 12 18 1
V 6 11 4 6
H 6 9 2 8
V 2 16 8 1
H 2 16 1 4
V 2 18 8 1
V 1 18 12 1
H 11 17 2 2
V 15 0 4 7
V 16 12 2 1
V 17 18 2 1
H 17 5 1 14
V 2 12 18 1
V 5 12 4 3
H 6 9 1 8
V 2 15 8 2
H 2 15 1 4
V 1 18 2 1
H 1 8 1 12
H 1 8 1 8
V 2 15 6 2
H 7 14 1 2
H 2 15 10 2
H 2 15 1 4
V 1 18 2 1
H 0 12 1 8
H 0 10 2 10
H 1 9 1 8
V 3 16 10 1
H 6 15 1 2
V 2 16 10 1
V 1 18 2 1
H 2 15 1 4
V 0 18 4 1
H 0 10 1 10
H 0 10 1 6
V 10 10 2 1
V 3 11 2 1
V 4 8 14 4
H 17 3 2 8
H 18 4 1 6
H 13 4 1 2
V 1 5 18 1
V 0 5 16 1
H 0 0 8 6
H 2 3 1 2
H 0 0 9 4
V 16 4 2 1
V 16 8 2 1
V 16 15 2 1
V 17 0 2 12
H 17 1 1 2
H 16 0 3 4
H 17 0 1 20
V 2 12 18 1
V 6 8 4 9
V 5 11 2 1
H 6 9 1 8
H 7 14 1 2
V 2 15 8 2
H 2 15 1 4
H 3 17 1 2
V 1 18 8 1
H 4 17 1 2
V 1 18 12 1
H 15 3 1 4
H 10 4 1 2
V 0 5 18 1
H 17 0 2 12
H 8 11 1 2
V 10 10 2 1
V 2 9 18 3
H 7 13 1 2
V 6 9 4 5
V 7 13 2 1
H 6 8 2 8
H 7 15 1 2
V 2 15 8 1
H 2 15 1 4
H 2 16 1 4
V 0 19 6 1
V 0 19 12 1
H 5 0 1 2
V 3 1 6 4
H 0 4 9 2
V 0 5 18 1
V 16 0 2 1
H 17 0 1 14
V 2 12 18 1
V 5 11 4 2
H 6 9 2 8
V 2 15 8 2
H 2 16 1 4
V 2 17 6 3
V 0 18 12 1
H 11 17 1 2
V 0 3 8 3
H 0 1 2 4
V 3 8 4 7
V 5 13 2 1
H 6 13 1 4
V 2 16 8 1
V 2 18 2 1
H 2 15 1 4
V 0 18 4 2
H 0 11 1 8
H 0 11 1 6
V 2 11 16 4
H 6 13 7 4
V 2 16 8 1
H 2 15 1 4
V 2 17 4 3
V 0 18 12 1
H 10 17 1 2
V 2 15 10 2
V 2 15 4 1
H 2 15 8 2
H 2 15 1 4
V 2 17 6 3
V 0 18 12 1
H 13 1 1 6
V 10 4 8 3
V 17 6 2 1
H 17 4 1 16
V 2 12 18 1
H 12 11 1 2
H 9 10 1 2
V 6 11 4 6
V 12 13 2 1
H 6 9 7 8
H 6 14 1 2
V 2 15 8 2
H 2 15 1 4
V 1 18 2 2
V 0 12 2 1
H 1 10 1 10
H 1 10 1 6
V 2 17 6 2
H 5 17 1 2
V 2 17 4 1
H 2 15 1 4
V 2 15 2 1
V 3 15 10 2
H 8 8 1 8
V 2 11 18 1
V 16 5 2 1
V 16 12 2 1
H 17 1 1 2
H 17 2 1 12
V 1 5 18 1
V 1 5 14 1
H 1 0 7 6
H 1 0 7 4
H 2 0 2 6
V 2 5 10 1
V 0 5 18 1
V 16 10 2 1
H 17 0 2 12
H 9 11 1 2
V 2 11 18 1
V 5 11 4 1
H 6 9 1 8
V 2 15 8 2
H 2 15 1 4
V 2 16 2 1
H 2 16 1 4
V 1 19 6 1
V 1 18 10 2
V 3 16 10 1
V 2 15 4 2
H 2 15 1 4
V 1 18 2 2
H 1 11 1 8
H 1 11 1 6
V 2 8 16 2
V 16 9 2 1
H 17 5 2 6
H 9 0 1 8
V 1 5 18 1
H 15 5 1 2
V 0 5 16 1
V 0 2 4 1
H 12 4 1 2
H 0 2 2 4
H 0 2 1 2
H 9 2 1 2
V 15 0 2 1
H 11 0 2 8
H 14 0 2 8
V 15 0 4 7
V 14 4 2 1
V 17 17 2 1
H 17 3 1 16
V 10 11 2 1
H 9 11 1 2
V 2 11 18 1
V 5 11 4 3
H 7 10 1 6
H 6 9 2 8
V 2 15 8 2
H 2 15 1 4
H 2 16 1 4
V 1 18 4 2
V 0 18 10 2
H 17 4 1 2
V 6 5 12 1
H 17 4 1 14
V 2 12 18 1
V 6 12 4 2
H 6 9 1 8
V 2 16 8 1
H 2 15 1 4
V 2 17 4 3
H 3 18 1 2
H 17 18 1 2
V 0 18 10 1
H 9 17 1 2
H 2 16 1 4
V 0 19 2 1
V 1 18 4 2
H 4 17 1 2
V 1 18 8 2
V 0 5 18 1
H 0 4 9 2
H 0 3 1 2
V 2 15 4 2
H 2 15 1 4
V 1 18 2 2
H 1 12 1 8
H 1 12 1 4
H 6 8 1 2
H 19 8 1 2
V 16 9 4 3
H 17 4 2 8
H 16 5 1 2
V 1 5 18 1
H 13 4 1 2
V 0 5 14 1
H 1 2 1 4
H 6 2 3 4
H 1 2 1 2
V 8 6 2 1
V 8 18 2 1
V 1 5 18 1
H 17 5 1 14
H 5 12 1 2
H 4 9 1 4
V 2 12 18 1
H 5 12 1 2
V 5 12 4 1
H 6 9 1 8
V 2 15 8 2
H 2 15 1 4
V 0 18 4 2
H 0 13 2 6
H 0 13 2 4
V 2 15 2 1
V 3 15 10 1
H 8 9 1 8
V 2 11 18 1
V 17 8 2 1
H 17 5 1 12
H 15 4 1 2
V 1 5 18 1
V 0 5 12 1
H 2 2 1 4
H 2 1 2 4
H 2 3 1 2
H 0 4 8 2
V 0 5 14 1
V 0 5 18 1
V 17 13 2 1
H 17 4 1 14
V 2 12 18 1
V 6 11 4 6
H 6 9 1 8
V 2 12 8 3
V 2 16 8 1
H 2 15 1 4
V 1 18 4 1
V 1 18 8 1
H 8 17 1 2
H 4 0 1 2
V 0 4 2 1
H 6 11 4 6
V 2 15 8 2
H 2 16 1 4
V 0 18 4 2
H 0 14 2 6
H 0 14 1 2
V 14 14 6 3
H 15 13 1 2
H 14 12 5 6
V 2 12 18 1
H 6 9 7 8
V 2 16 8 1
H 2 15 1 4
V 1 18 4 1
V 1 18 8 1
V 2 12 18 1
V 16 5 2 1
H 17 3 1 14
V 0 5 18 1
V 3 5 10 1
H 3 2 1 4
H 3 1 6 4
V 17 0 2 11
V 16 5 2 1
V 16 7 2 1
V 17 0 2 1
H 17 0 1 20
V 2 11 18 1
V 6 11 4 6
H 6 12 1 2
H 6 9 4 8
V 2 15 8 2
H 2 15 1 4
H 2 16 1 4
V 3 19 2 1
V 2 17 2 3
V 0 18 8 2
H 9 4 3 4
V 4 5 14 1
V 16 9 2 1
H 17 2 1 14
V 2 12 18 1
V 5 8 4 5
H 6 9 1 8
V 2 15 8 2
H 2 15 1 4
V 1 18 2 2
V 0 15 2 1
H 1 13 1 6
H 1 13 1 4
V 4 1 4 5
H 5 0 1 2
V 1 5 14 1
H 7 4 1 4
V 0 7 14 1
V 5 8 2 7
H 5 9 2 6
H 6 9 1 8
V 2 16 8 1
H 2 15 1 4
V 1 18 2 2
H 1 14 1 6
H 1 14 1 2
V 13 18 6 2
V 14 17 2 1
H 14 8 1 12
V 2 10 16 4
V 9 14 2 1
H 6 11 4 6
V 2 15 8 2
H 2 15 1 4
V 2 18 2 2
H 2 17 1 2
V 0 18 8 1
V 11 12 8 3
V 17 7 2 1
V 17 19 2 1
H 17 2 1 18
V 8 5 2 1
V 8 7 2 1
H 11 4 1 2
V 0 5 18 1
V 1 5 8 1
H 6 3 1 2
V 6 2 2 1
H 4 2 3 4
H 6 0 1 6
H 4 1 5 4
V 6 0 2 1
V 4 6 4 2
H 7 3 2 4
H 10 3 1 4
V 3 4 6 2
V 2 4 4 2
V 1 6 18 1
H 1 6 1 2
H 16 6 1 2
V 5 13 2 1
V 5 15 2 1
H 6 9 1 8
V 2 15 8 2
H 2 15 1 4
H 2 16 1 4
V 0 18 6 2
V 3 3 2 1
V 18 17 2 1
V 17 6 2 1
V 17 12 2 8
H 17 1 1 14
H 15 5 1 2
V 0 6 18 1
V 0 6 16 1
H 5 1 1 2
V 5 12 4 3
V 2 12 18 2
V 17 2 2 1
V 17 11 2 1
V 16 7 2 1
V 16 18 2 1
H 17 0 1 14
H 7 4 1 2
V 1 5 18 1
H 11 5 1 2
V 1 5 14 1
H 13 4 1 2
V 9 5 10 1
V 16 2 2 1
V 16 13 2 1
H 17 2 1 12
V 2 11 18 1
V 6 11 4 6
H 6 9 1 8
V 2 15 8 1
H 2 15 1 4
V 2 17 4 2
V 2 17 6 1
H 9 3 4 2
H 12 6 1 2
H 18 6 1 2
V 9 4 10 3
H 17 3 1 16
H 18 13 1 2
V 2 12 18 2
V 5 12 4 1
H 6 9 1 8
V 2 15 8 2
H 2 16 1 4
V 2 5 2 1
V 2 17 2 3
V 1 18 6 1
V 7 0 2 1
V 1 6 18 1
H 2 6 3 2
H 13 11 2 6
H 10 12 1 2
V 4 10 14 3
H 6 9 1 8
V 2 16 8 1
H 2 16 1 4
V 0 18 4 2
H 0 17 1 2
V 11 8 8 1
H 18 9 1 2
H 17 6 2 4
V 1 6 18 1
V 1 6 14 1
H 19 6 1 6
V 16 9 4 3
V 16 3 2 1
H 17 2 2 8
V 3 5 16 1
V 3 5 12 1
H 3 4 1 2
V 10 14 8 1
H 17 2 1 18
V 3 5 16 1
V 3 5 8 1
H 5 2 4 4
H 5 2 2 2
V 17 6 2 1
V 15 0 2 1
V 14 0 4 7
H 17 5 1 10
H 14 11 1 2
V 2 11 18 1
V 5 11 4 1
H 6 9 1 8
H 2 15 1 2
V 2 15 8 1
H 2 15 1 4
V 2 17 4 2
V 3 17 4 1
H 19 0 1 12
H 13 11 1 2
H 17 10 1 2
V 2 11 18 1
V 6 10 8 5
H 6 8 1 8
H 5 15 1 2
V 2 15 8 1
H 2 15 1 4
H 2 16 1 4
V 0 18 4 2
H 19 9 1 2
H 19 6 1 4
V 2 9 18 1
V 3 9 8 1
H 5 9 2 6
H 6 9 4 8
V 2 15 8 2
H 2 15 1 4
V 0 18 6 1
V 11 0 2 2
H 12 0 1 8
V 11 0 2 1
V 9 4 10 3
H 17 0 1 14
V 2 11 18 1
V 6 11 4 3
H 6 8 2 8
V 2 15 8 1
V 2 17 2 1
H 2 15 1 4
H 2 16 1 4
V 1 18 4 2
V 15 5 2 1
V 13 4 6 3
V 13 18 6 2
H 17 2 1 12
V 2 12 18 1
V 5 10 4 3
H 6 9 1 8
V 2 15 8 2
H 2 16 1 4
V 1 18 2 2
H 1 16 1 4
V 2 19 2 1
H 4 4 2 2
V 3 5 2 1
V 4 4 4 2
V 13 6 2 1
V 2 6 12 1
H 5 10 1 2
V 2 11 18 1
V 6 11 4 1
H 2 11 11 2
V 3 14 4 1
H 6 9 3 8
V 2 16 8 1
H 2 15 1 4
V 1 18 2 1
H 1 17 1 2
V 16 11 4 1
H 17 2 1 12
V 4 5 14 1
V 5 5 6 1
H 7 2 2 6
H 7 1 1 2
V 6 8 12 5
H 17 3 1 10
H 15 5 1 2
V 5 5 14 1
V 5 5 10 1
H 5 4 1 2
H 5 3 1 2
H 18 3 1 2
V 15 9 2 1
H 15 8 1 12
H 12 12 1 2
V 2 12 18 1
V 6 3 2 3
V 6 10 2 1
H 6 9 1 8
V 2 16 8 1
H 2 15 1 4
V 0 18 4 1
H 7 2 2 4
H 8 1 1 2
V 2 18 2 1
V 1 18 2 1
V 17 6 2 1
V 17 12 2 6
H 17 4 1 16
V 9 4 10 1
H 14 3 1 2
V 9 4 6 1
H 9 0 1 8
V 3 6 2 1
V 2 9 12 2
H 15 8 1 2
V 2 9 18 1
V 17 5 2 1
H 17 5 1 8
H 12 4 1 2
V 5 5 14 1
V 5 5 10 1
H 5 4 1 2
V 16 3 2 1
V 15 1 4 6
H 17 2 1 18
V 2 11 18 1
V 7 13 2 1
V 6 10 4 7
H 6 8 1 8
V 2 15 8 2
H 2 15 1 4
H 2 16 1 4
V 9 1 2 3
H 9 1 1 2
H 9 2 1 4
H 8 5 1 2
V 5 5 8 1
H 6 4 1 2
V 10 0 2 1
H 8 2 1 2
V 2 12 18 2
H 17 5 1 14
H 11 6 1 2
H 15 6 1 2
V 5 6 14 1
V 5 6 10 2
H 5 6 1 2
H 2 16 1 2
V 10 1 2 7
V 11 1 2 1
H 11 0 2 6
H 14 0 2 6
H 10 1 1 6
H 9 5 1 2
H 11 4 1 2
V 6 5 6 1
H 7 4 1 2
V 7 5 12 1
H 9 2 2 6
H 7 5 12 2
V 5 6 12 1
V 7 5 12 1
V 16 8 2 1
H 17 2 2 10
V 7 5 12 1
V 15 6 2 1
H 9 4 7 4
V 6 6 10 2
H 2 8 3 4
H 8 6 1 2
H 13 6 1 2
H 16 6 2 2
H 16 5 1 2
V 7 6 12 1
V 6 6 10 1
H 13 2 1 4
H 8 4 1 2
V 8 5 10 1
H 8 4 1 2
V 2 15 2 2
V 4 11 14 3
V 17 13 2 1
H 17 3 1 16
V 9 4 10 2
H 12 0 1 8
V 3 8 8 7
V 3 8 16 2
H 10 9 1 2
H 17 9 1 2
V 16 4 2 1
H 17 2 2 8
V 9 4 10 2
V 9 4 4 2
H 10 2 1 4
H 10 3 1 2
H 12 5 1 2
V 7 6 6 1
V 2 10 12 1
H 2 9 1 2
H 12 1 1 2
V 6 9 6 2
H 5 9 4 4
H 6 9 4 8
V 3 16 6 1
V 14 9 6 3
H 17 1 1 12
V 11 4 8 3
H 13 0 1 8
H 17 5 2 4
V 3 8 16 1
V 3 8 12 1
V 9 4 2 1
V 3 9 2 1
H 5 10 1 2
H 17 10 1 2
H 4 8 5 6
H 4 8 1 2
H 11 4 1 2
H 4 10 1 2
H 11 3 1 2
V 11 4 4 4
H 13 1 1 6
H 14 0 1 8
V 2 10 4 1
H 5 8 4 4
V 2 10 12 1
V 2 11 6 1
H 6 9 2 8
V 5 16 2 1
V 3 15 6 1
H 13 11 2 8
V 2 13 18 2
V 2 13 4 2
V 2 11 6 1
V 5 15 2 1
V 4 15 4 1
H 5 15 1 2
V 10 5 6 3
V 14 1 2 1
H 14 1 1 6
H 3 11 7 4
V 2 13 6 1
V 4 9 10 6
V 15 2 4 5
H 17 1 1 2
H 14 2 4 4
V 12 4 2 4
H 12 3 1 2
V 12 4 2 2
H 13 2 1 4
V 11 4 8 1
H 15 11 3 8
V 4 14 16 1
V 3 14 10 1
V 16 10 2 1
V 16 18 2 2
V 17 7 2 1
H 17 1 1 18
V 16 9 4 1
H 19 0 1 12
H 19 0 1 6
V 10 7 2 1
V 13 8 2 12
V 13 14 6 6
V 17 10 2 1
H 17 0 1 20
V 16 16 2 1
H 17 0 1 18
V 15 0 4 1
V 15 1 2 1
V 3 11 6 3
H 3 12 1 2
V 4 11 8 4
V 5 9 10 1
H 6 8 1 6
V 6 16 2 1
H 6 9 1 8
H 10 9 1 2
V 5 9 14 1
V 16 6 2 1
H 17 2 2 10
V 13 4 6 3
V 12 4 6 3
H 14 8 3 10
H 13 9 1 2
V 4 10 16 1
H 6 8 12 4
H 19 2 1 4
H 19 2 1 10
V 15 10 2 1
V 16 9 4 3
V 16 10 2 1
H 17 1 2 10
H 17 5 1 2
V 13 4 6 2
V 13 4 2 2
H 13 3 1 2
H 6 14 1 2
H 5 11 2 4
H 16 11 1 4
V 15 5 2 1
H 15 2 1 6
H 15 2 1 2
H 6 10 1 4
V 4 12 8 2
H 4 11 1 2
V 6 14 2 1
V 7 10 6 6
H 7 8 2 4
H 15 4 1 2
V 15 3 4 2
H 16 4 1 2
H 14 3 5 2
V 13 4 6 1
H 5 11 7 2
V 3 12 12 1
V 14 3 4 4
H 17 0 1 12
V 13 5 2 3
H 14 4 1 4
V 13 5 6 2
H 17 3 2 8
V 16 9 4 3
H 19 2 1 10
H 19 2 1 4
H 12 6 1 2
V 16 1 2 1
V 4 13 2 1
V 14 4 2 1
V 17 3 2 1
H 19 5 1 2
V 16 2 2 6
V 16 6 2 1
V 15 4 2 1
H 16 2 1 6
V 13 5 6 2
V 9 15 4 2
H 9 15 4 2
V 7 15 6 1
H 10 10 2 6
H 14 10 1 2
V 5 11 12 1
H 12 12 1 2
H 15 12 1 2
V 4 12 16 1
V 5 12 2 2
H 5 12 1 2
V 7 11 4 2
H 7 9 3 4
H 17 3 1 6
V 8 8 2 1
V 9 8 10 4
V 15 10 2 1
V 8 8 8 5
H 18 4 1 2
H 19 4 1 2
H 17 13 1 2
V 15 12 4 2
V 16 10 2 1
H 17 2 1 18
H 17 1 1 4
V 17 12 2 1
V 16 16 2 1
H 17 2 1 16
V 16 2 2 1
H 15 8 1 2
V 8 9 12 2
V 17 4 2 1
H 17 3 1 12
V 15 3 4 1
V 13 7 2 1
H 14 5 1 2
H 7 10 1 4
V 8 9 2 2
H 12 10 1 2
H 9 12 1 2
H 8 11 10 4
H 10 10 1 2
V 6 11 10 1
V 17 9 2 3
V 16 14 2 1
H 17 2 1 18
H 14 11 1 2
V 8 12 12 1
H 9 9 1 8
H 17 9 1 10
V 6 12 14 2
V 6 13 8 1
V 14 7 2 1
V 6 12 4 1
H 16 6 2 2
V 14 6 4 1
V 17 6 2 2
H 17 3 1 6
H 17 4 1 6
H 15 5 1 2
V 15 6 4 1
H 15 6 1 2
H 17 9 1 2
H 17 7 1 2
H 11 8 8 2
V 18 9 2 3
H 19 5 1 6
H 19 5 1 2
V 17 11 2 1
H 13 10 5 6
V 9 9 8 6
V 7 11 6 1
H 10 9 3 8
H 9 14 1 2
V 8 12 4 2
H 8 10 7 4
V 16 13 4 3
H 17 12 3 8
V 13 13 6 3
H 13 12 2 8
H 14 8 1 2
V 14 9 2 8
V 14 13 2 1
H 14 8 1 12
H 16 4 1 4
V 9 9 10 1
V 16 4 2 1
V 16 14 2 1
H 9 10 6 4
V 8 11 2 1
V 12 12 2 1
H 9 11 4 4
V 14 18 2 1
V 15 14 2 6
H 14 18 4 2
V 14 15 6 4
V 9 10 2 4
H 12 13 1 2
H 9 10 4 4
H 11 8 1 8
V 8 11 6 2
H 13 12 7 4
V 8 13 12 1
V 15 14 4 1
H 14 9 3 10
H 16 14 1 2
V 10 12 10 3
H 12 8 1 4
V 12 13 2 1
H 10 10 3 6
V 10 10 6 5
H 10 9 7 6
V 10 14 10 1
H 14 10 2 10
V 12 12 8 3
H 14 8 2 8
H 16 8 1 2
V 12 9 8 2
H 19 6 1 6
V 17 12 2 1
H 17 5 1 14
V 16 5 2 1
H 17 5 1 8
V 15 6 4 1
H 10 13 1 2
V 13 13 2 1
V 9 13 10 1
H 10 12 8 2
V 7 12 10 1
H 11 9 1 2
V 17 12 2 7
H 18 17 1 2
H 17 6 1 6
V 16 9 4 1
V 16 11 4 1
H 19 7 1 4
V 10 13 10 1
H 12 11 1 6
V 16 7 2 1
V 16 16 2 1
H 17 6 2 4
H 14 11 4 2
H 17 6 1 14
V 11 13 8 2
V 11 13 2 1
V 12 13 8 2
H 16 12 4 6
H 12 14 1 2
V 11 10 4 1
H 13 8 1 6
H 16 13 2 6
V 16 14 4 3
H 19 15 1 2
H 11 13 9 2
V 10 11 6 3
H 15 15 2 4
V 13 9 4 8
V 15 8 2 9
H 15 13 2 6
H 19 8 1 2
V 18 9 2 3
V 18 15 2 1
H 18 7 1 4
H 13 9 5 6
H 14 8 1 10
V 11 11 2 1
H 12 10 1 2
V 15 8 4 1
H 14 9 4 8
H 17 10 1 8
V 12 11 2 1
H 13 10 5 4
V 10 12 6 1
V 12 12 8 3
V 12 14 2 1
V 11 13 6 1
H 16 8 1 4
V 15 8 2 2
V 14 9 6 1
V 13 14 4 1
V 15 12 4 4
H 16 13 1 6
V 16 12 4 1
H 17 7 1 10
V 14 8 4 1
V 14 13 4 2
V 14 8 2 1
H 15 12 2 6
V 15 8 2 1
V 17 15 2 1
V 15 9 4 2
V 13 10 2 5
H 13 10 1 2
H 13 11 1 4
H 15 11 1 6
H 17 14 1 2
V 17 12 2 3
H 16 11 2 6
V 14 15 4 1
V 12 12 4 2
H 14 9 1 6
V 15 12 4 2
H 15 10 2 4
V 14 10 6 2
H 14 11 2 4
V 12 12 6 2
H 17 14 1 2
H 17 10 1 2
H 13 11 5 2
V 12 12 2 1
V 13 12 2 2
H 13 12 1 2
V 14 10 2 2
H 15 9 1 2
V 14 10 4 2
H 15 10 3 2
H 17 9 1 4
H 16 10 1 2
V 16 11 4 1
V 16 12 4 1
V 15 14 2 1
H 16 9 1 8
V 17 13 2 1
V 15 10 2 5
H 16 9 1 2
H 17 11 1 4
H 16 10 1 2
V 14 11 4 1
V 14 11 2 1
H 16 14 1 2
H 16 13 1 2
V 16 11 2 1
H 15 11 1 2
H 15 12 3 2
H 15 11 1 2
V 15 12 2 2
V 17 12 2 1
H 16 11 1 2
V 16 12 2 2
H 17 12 1 2
