V 8 7 2 1
H 0 5 1 2
H 9 15 1 2
V 4 1 10 18
H 8 8 1 8
H 6 11 1 6
H 5 1 12 8
V 0 16 20 1
V 3 7 2 1
V 7 8 10 1
H 4 2 8 18
H 10 1 1 2
V 0 14 20 1
V 0 19 20 1
H 17 1 3 18
H 18 1 2 8
H 5 16 1 2
V 4 17 16 2
H 18 3 2 16
H 18 2 2 16
V 4 1 2 1
H 1 1 4 16
H 2 0 2 6
V 0 0 14 1
V 0 0 20 1
V 0 1 10 1
H 3 1 7 8
V 2 6 2 1
H 7 1 2 18
V 0 14 20 1
V 18 11 2 1
H 18 1 1 18
H 18 1 1 8
V 7 0 12 1
V 14 15 4 4
V 16 14 2 1
H 17 1 1 18
H 17 1 1 16
H 14 2 3 6
V 16 17 2 1
V 15 3 2 1
H 16 1 1 18
V 16 14 4 5
V 18 17 2 1
H 18 2 1 16
H 18 2 1 8
V 18 5 2 1
V 17 4 2 10
H 17 3 2 4
V 6 1 4 17
V 9 10 2 1
V 14 12 2 1
H 4 10 1 2
H 0 8 1 4
H 0 11 15 6
H 8 15 1 2
H 13 11 1 4
V 0 14 20 2
V 16 15 2 1
H 17 4 3 14
H 18 9 1 2
H 17 4 3 6
H 3 0 1 2
V 0 0 8 1
H 1 0 1 10
V 1 4 12 12
V 7 1 4 1
H 7 1 1 18
H 15 14 1 4
V 0 14 20 1
H 17 2 1 16
V 17 9 2 1
V 17 13 2 1
H 17 2 1 8
H 6 2 1 18
V 9 10 2 1
V 0 8 10 5
H 1 0 2 16
H 0 0 4 4
V 0 0 14 1
V 0 0 18 1
V 10 15 2 1
H 6 5 5 14
V 10 15 2 1
V 4 14 14 5
V 16 17 2 1
H 17 3 1 16
H 17 3 1 6
V 9 16 10 2
H 18 5 2 14
H 18 4 1 12
V 3 15 4 1
V 3 17 2 1
V 4 8 6 1
H 4 2 4 18
V 1 9 6 3
V 0 6 2 1
H 1 1 5 16
H 1 0 3 2
V 0 0 14 1
V 0 17 14 2
V 1 0 16 1
V 18 6 2 13
H 17 8 1 2
H 17 5 2 8
V 0 17 20 1
V 17 16 2 1
H 17 4 1 14
V 17 14 2 1
H 17 4 1 12
H 8 13 1 2
V 3 3 12 11
V 8 18 2 1
H 9 7 2 12
H 6 14 1 4
V 0 14 20 2
H 18 6 2 12
H 18 6 2 4
H 17 5 1 4
V 4 14 16 4
H 18 7 2 12
H 17 6 2 8
H 9 1 3 16
V 4 14 16 1
V 18 8 2 1
V 18 18 2 1
H 19 7 1 12
H 19 7 1 2
V 0 19 8 1
V 3 3 2 1
H 4 2 1 18
V 3 7 2 1
V 1 3 6 8
H 6 2 1 2
V 0 8 2 1
H 1 1 1 16
H 0 0 4 4
V 1 0 12 1
V 1 0 14 1
H 17 6 1 2
V 17 7 2 1
H 6 1 1 2
V 0 1 10 1
H 0 0 4 2
V 0 0 12 1
H 2 0 1 14
V 0 0 14 1
H 11 1 6 6
H 15 1 1 18
V 12 14 8 2
H 19 8 1 10
H 19 8 1 2
H 17 9 3 4
H 11 4 1 16
V 4 19 16 1
H 17 7 1 2
V 17 8 2 1
V 17 10 2 1
V 0 15 18 2
H 1 0 1 16
H 1 0 1 14
V 0 0 10 1
V 1 0 12 1
H 18 9 1 10
V 18 10 2 1
V 18 12 2 1
V 7 19 12 1
V 14 14 6 4
H 19 13 1 6
V 10 19 8 1
V 11 17 8 2
V 8 1 2 19
H 4 16 7 4
H 0 17 1 2
V 0 17 20 1
H 2 0 1 14
H 18 10 1 2
H 14 1 2 18
V 10 14 10 1
H 19 11 1 6
H 10 12 1 2
H 8 14 1 2
H 2 13 15 2
H 11 15 1 2
V 9 14 10 2
H 17 10 1 8
H 15 2 2 16
V 15 14 4 4
V 2 17 8 2
H 5 18 7 2
V 1 19 16 1
V 2 13 6 1
H 4 2 4 18
V 0 14 20 1
H 17 11 1 8
H 15 15 1 2
V 12 14 8 2
H 19 12 1 4
V 1 10 16 1
V 0 7 2 1
V 1 3 10 8
V 2 6 8 1
H 1 1 4 16
H 0 0 3 4
V 0 0 6 1
V 0 0 10 1
H 17 11 1 2
H 0 17 14 2
V 6 14 8 1
V 10 14 8 4
V 13 10 4 9
H 16 13 1 6
H 6 15 7 4
H 9 18 1 2
V 0 18 16 1
V 4 12 10 7
V 5 15 8 1
H 8 6 1 14
V 2 19 14 1
H 6 13 7 4
V 0 14 20 2
H 13 3 1 16
H 14 16 1 2
H 10 3 7 14
V 5 14 14 3
V 1 15 18 1
V 0 15 16 1
V 4 13 2 1
H 2 0 1 2
H 1 1 4 16
H 1 0 2 14
V 0 0 6 1
V 1 0 8 1
V 13 19 2 1
V 16 14 2 2
H 17 13 1 4
H 9 18 1 2
V 1 17 12 2
V 2 14 16 2
V 16 14 2 1
H 17 12 1 4
H 17 12 1 2
V 1 5 4 4
V 1 7 2 1
H 2 0 2 12
V 0 0 8 1
V 3 5 14 1
H 8 2 4 18
H 8 14 1 2
H 18 14 1 2
V 0 14 20 1
V 1 14 16 3
H 9 16 1 2
H 7 14 4 6
H 8 14 1 6
H 11 17 1 2
V 2 18 10 2
H 11 12 1 8
V 5 15 14 1
V 14 1 2 11
H 15 1 1 16
H 15 1 1 18
V 1 8 2 2
V 1 16 4 1
H 2 5 3 12
V 0 13 4 4
V 3 19 2 1
H 4 16 5 4
V 2 17 14 1
V 0 1 16 1
H 3 0 1 2
V 1 0 6 1
V 1 1 16 2
V 0 1 6 2
H 0 0 4 4
V 8 10 2 1
V 14 6 2 1
V 3 5 12 8
H 8 4 1 16
V 4 19 10 1
H 4 18 1 2
H 8 18 1 2
H 13 7 2 4
H 14 1 1 18
H 1 2 16 6
H 11 1 1 18
H 6 15 1 2
V 6 15 12 1
H 16 10 1 4
V 1 5 16 1
V 1 11 16 1
H 6 8 1 12
V 1 17 10 1
V 4 19 2 1
H 6 14 11 2
V 13 14 2 1
V 14 14 4 1
H 16 14 1 2
V 2 7 4 10
H 4 16 1 2
V 2 17 4 1
H 9 15 1 4
V 0 15 14 1
V 0 2 12 2
V 0 1 2 1
H 1 0 2 4
V 1 8 10 7
H 8 12 1 2
H 1 9 8 8
H 13 1 4 8
H 9 4 8 8
H 13 1 1 18
V 15 13 2 1
V 15 15 2 1
H 2 0 2 2
V 3 0 2 1
V 3 17 2 1
V 1 1 2 14
H 2 6 1 2
H 1 1 2 6
V 7 15 8 2
V 11 15 4 1
V 6 18 4 1
H 7 13 6 6
V 6 17 2 1
H 9 16 1 4
V 4 17 6 2
H 10 1 1 10
V 13 15 2 1
V 8 9 6 9
H 11 17 1 2
V 0 9 4 5
H 2 9 5 8
V 14 3 2 12
H 15 1 1 10
V 1 5 2 6
H 2 2 3 14
V 4 15 2 1
V 0 2 4 1
V 5 4 6 5
V 1 4 16 2
H 1 2 16 4
H 6 3 1 2
H 10 2 2 14
V 10 17 2 1
H 11 2 1 18
H 10 12 1 8
V 7 1 8 3
H 14 1 1 2
V 13 2 2 14
H 5 12 1 6
H 14 11 1 2
H 6 15 1 2
H 3 12 12 4
H 1 7 2 8
V 0 11 4 3
V 3 15 6 2
H 6 14 1 6
H 2 1 1 14
V 1 2 2 1
V 1 9 2 2
V 2 8 4 1
V 2 9 2 1
V 2 13 2 1
H 2 1 1 14
V 0 3 4 1
V 2 2 12 1
V 3 3 4 1
H 3 0 1 4
H 16 10 1 2
H 11 3 6 8
H 15 3 1 12
V 0 9 16 2
H 5 1 1 2
V 1 6 2 1
V 2 2 4 9
H 3 3 1 14
V 0 12 10 1
V 9 3 6 12
H 12 3 1 12
H 12 2 1 16
H 15 3 1 2
H 1 10 3 4
H 4 13 9 4
V 7 15 2 3
H 7 14 1 6
H 7 17 2 2
V 5 17 6 1
V 13 9 2 6
H 12 10 2 6
H 14 3 1 12
V 14 7 2 7
H 8 3 7 12
V 12 5 2 8
H 10 1 4 12
H 6 1 7 2
V 9 2 6 2
H 7 11 1 8
V 2 13 10 2
H 10 11 1 8
V 2 8 12 4
H 10 10 1 2
V 1 10 16 1
H 5 9 12 4
H 8 1 2 18
H 12 1 1 8
H 13 5 1 2
V 0 5 14 1
H 14 4 1 2
H 1 3 14 4
V 15 4 2 1
V 0 7 2 1
V 1 5 2 8
H 1 11 1 2
V 6 12 6 5
H 7 11 1 8
H 14 3 1 8
V 9 3 6 7
V 9 9 4 1
H 10 3 5 8
V 0 6 12 1
H 1 4 1 4
V 3 11 12 1
H 7 1 2 12
H 11 3 1 4
V 1 5 16 1
V 3 5 6 10
H 4 1 1 10
V 3 3 2 1
V 7 13 2 5
H 6 11 7 4
V 2 12 14 1
V 1 8 6 3
V 6 12 2 1
H 5 1 2 16
V 2 10 8 3
H 2 12 1 2
V 4 9 10 5
H 4 6 2 10
H 16 10 1 2
V 11 7 6 4
H 10 8 5 6
H 15 7 1 4
V 6 7 10 2
V 15 11 2 1
H 13 4 3 8
V 8 8 6 5
V 9 16 2 1
H 9 5 1 14
V 6 1 4 1
V 5 1 6 2
H 6 1 3 8
H 13 4 1 2
V 0 5 14 1
V 4 13 10 1
V 0 11 4 1
H 3 10 7 4
H 12 11 1 4
V 0 11 14 1
V 10 1 2 4
V 10 9 4 1
H 10 1 1 16
H 10 2 1 16
H 5 4 1 2
V 2 5 4 4
V 0 8 16 1
V 12 10 2 1
V 5 15 8 1
V 11 5 2 1
H 12 2 1 14
H 16 10 1 2
V 0 10 2 1
H 6 12 8 2
V 13 5 2 1
V 13 12 2 1
V 12 3 2 11
V 10 10 2 1
H 11 9 2 6
H 6 15 1 2
H 10 15 1 2
H 11 3 2 2
V 9 4 6 1
H 8 1 4 6
H 1 6 15 6
V 15 6 2 1
V 3 5 8 8
H 4 11 3 4
V 4 5 2 1
H 2 5 3 8
H 2 4 2 8
H 3 3 1 2
H 4 2 3 10
H 5 1 1 6
H 4 9 1 2
V 1 10 10 2
H 1 10 1 2
H 1 7 16 2
V 5 6 4 1
H 5 2 1 14
V 8 1 2 16
V 7 15 2 1
H 8 5 1 14
H 12 11 1 2
V 6 11 10 1
H 8 10 6 4
V 7 11 2 1
H 8 2 3 12
H 2 8 1 2
V 0 8 14 1
H 2 5 1 8
V 1 9 14 1
H 9 2 1 16
H 7 16 1 2
V 14 6 2 1
V 11 10 2 4
H 12 12 1 2
V 5 12 4 3
V 9 9 8 1
H 15 7 1 4
H 6 2 6 2
V 4 3 6 1
H 6 3 7 8
H 11 2 1 2
V 9 1 2 9
V 5 6 2 8
H 6 1 1 10
H 8 12 1 6
V 6 11 6 3
H 8 10 1 8
V 10 6 2 1
H 10 2 1 6
V 7 5 8 2
H 3 5 11 4
H 16 7 1 2
V 7 7 10 1
V 8 9 6 2
H 7 4 4 12
V 3 4 10 1
H 4 5 1 8
V 0 9 16 1
H 8 8 1 2
V 0 8 16 1
H 1 7 7 4
V 3 7 10 5
V 3 11 12 1
H 6 8 1 2
H 15 8 1 2
V 1 9 10 1
V 7 16 2 1
H 7 3 1 14
H 14 6 1 2
H 8 13 1 4
H 5 10 5 4
V 1 7 2 2
H 2 7 9 4
V 2 6 2 4
H 2 6 1 2
H 6 2 5 6
H 3 6 7 4
H 3 6 1 6
V 6 8 10 2
H 15 8 1 2
V 12 5 2 2
V 3 8 2 1
V 4 7 8 3
H 4 4 2 8
V 6 8 2 1
V 5 5 2 8
H 7 14 1 2
H 6 7 3 8
H 6 6 1 2
H 11 3 1 10
H 6 3 6 6
H 6 3 1 6
V 1 8 14 1
H 1 7 1 2
V 4 8 12 1
H 14 7 2 2
V 8 5 4 2
V 8 3 2 1
H 9 1 1 8
V 1 8 10 1
H 7 2 1 14
V 6 12 4 2
V 4 5 2 7
H 14 8 1 2
V 10 4 2 5
H 9 4 3 6
V 6 3 2 6
V 9 5 2 7
H 7 4 4 10
H 8 1 1 8
V 2 8 14 1
V 7 5 2 1
V 8 3 2 12
V 7 13 2 1
H 8 6 1 10
H 7 3 3 4
V 4 5 8 1
H 7 5 6 6
V 9 9 2 1
H 10 6 3 6
H 6 5 1 2
V 3 6 6 1
H 5 4 5 4
H 5 5 4 4
H 5 5 1 8
V 5 11 2 1
H 7 2 2 8
V 12 7 2 1
V 13 7 2 2
H 14 7 1 2
V 2 8 2 1
H 3 6 9 4
V 6 7 8 1
V 6 4 2 1
V 7 3 4 5
H 8 5 3 4
H 9 3 1 12
V 9 8 6 1
H 9 5 4 6
H 4 6 1 2
V 2 7 10 2
H 3 7 3 4
H 5 5 1 2
V 5 6 6 3
H 10 3 1 8
V 3 7 2 1
H 4 7 1 4
V 3 7 2 3
H 3 7 1 2
H 7 10 3 4
V 7 4 2 10
H 8 2 1 4
H 7 10 2 4
V 5 8 4 4
V 6 5 2 1
V 7 5 4 6
V 8 8 2 1
H 7 6 2 8
H 9 5 2 6
V 8 8 6 2
H 7 4 3 6
V 3 9 8 1
V 8 5 2 5
H 8 4 1 2
V 9 8 2 1
H 8 5 1 10
V 10 10 2 1
V 6 8 2 1
H 7 4 4 8
H 8 4 3 4
V 4 7 2 1
V 8 4 2 1
H 8 3 1 4
V 6 8 2 4
H 7 9 2 4
H 8 11 2 2
V 10 6 2 1
V 7 6 4 6
V 4 9 6 1
H 9 9 1 2
V 6 10 4 2
H 6 10 1 2
V 5 7 4 1
H 6 5 5 4
V 8 6 2 1
H 8 4 2 4
H 8 7 4 4
H 6 6 6 4
V 8 10 4 1
H 10 8 1 2
H 7 7 5 2
H 9 5 1 8
H 5 9 5 2
V 7 9 6 1
V 5 10 2 1
H 8 4 1 2
H 9 10 1 2
H 8 9 1 4
V 7 6 4 2
H 8 5 2 4
V 6 9 4 2
H 6 9 1 2
V 7 7 4 4
V 10 7 2 1
H 9 7 1 2
V 6 6 4 2
H 6 6 1 2
V 5 9 4 1
V 8 8 2 1
H 7 8 2 4
H 7 7 1 4
V 5 7 4 1
H 8 10 1 2
V 7 9 4 1
V 7 6 2 5
V 9 8 2 1
H 8 7 2 4
V 5 8 8 1
V 6 7 2 1
V 7 7 2 3
H 7 7 1 2
V 8 7 2 2
V 9 8 2 1
H 8 8 2 2
V 6 8 4 1
H 8 8 1 2
V 8 8 2 1
H 8 7 1 2
V 7 8 2 1
H 8 7 1 2
