H 13 4 1 2
V 14 9 2 1
V 10 13 2 1
V 10 16 2 1
V 9 4 2 1
V 16 13 2 1
V 1 11 6 1
H 2 9 1 2
H 9 9 1 2
H 14 9 1 2
V 0 10 20 2
H 14 10 6 4
H 15 12 1 2
V 9 13 10 1
H 10 15 1 2
H 9 13 4 6
V 10 14 2 1
H 9 14 2 6
V 6 19 6 1
V 5 16 2 1
H 6 14 3 6
V 1 13 8 5
V 0 13 4 5
H 0 13 6 6
H 11 5 1 2
H 13 5 1 2
V 12 4 4 2
H 14 2 1 18
V 9 13 10 2
H 9 13 1 6
V 9 18 2 1
H 9 14 2 6
V 6 19 6 1
H 6 14 3 6
H 4 17 1 2
V 0 14 8 4
V 1 16 2 2
H 1 13 4 6
H 9 7 1 2
H 11 7 1 2
H 5 6 7 2
H 15 6 1 2
V 18 7 2 1
V 18 19 2 1
H 9 8 1 2
V 5 7 14 2
H 14 3 4 12
V 9 13 10 2
H 9 14 1 2
H 9 13 2 6
H 10 13 1 2
H 9 14 2 6
V 6 19 6 1
H 6 14 3 6
H 1 16 1 2
H 13 16 1 2
H 5 16 1 4
V 0 16 8 1
V 1 17 2 1
H 0 15 1 2
V 0 16 4 2
H 0 14 5 4
H 0 16 9 2
H 0 16 1 4
H 18 1 1 2
V 14 0 6 2
H 15 1 4 8
V 17 13 2 1
V 17 19 2 1
H 15 1 3 16
V 9 13 10 1
H 9 13 4 6
H 9 14 4 6
H 9 18 1 2
V 6 19 6 1
H 6 14 3 6
H 1 16 1 2
V 1 16 8 1
H 2 15 1 2
V 0 16 6 1
H 1 14 4 4
V 3 3 2 9
H 4 3 1 10
H 14 11 1 2
V 0 10 20 2
H 14 9 2 6
V 9 13 10 1
H 9 13 2 6
V 9 19 2 1
H 9 14 1 6
V 6 19 6 1
H 6 14 3 6
V 0 16 8 1
H 2 13 4 6
V 6 7 14 5
H 14 10 4 4
V 9 13 10 1
V 12 13 2 1
H 9 13 4 6
H 9 14 4 6
V 6 19 6 1
H 6 14 1 6
V 0 16 8 2
H 3 17 1 2
V 0 16 4 2
V 12 6 4 2
H 14 2 5 14
H 12 13 1 2
H 10 8 1 2
H 12 8 1 2
H 16 8 1 2
V 9 13 10 1
H 9 13 2 6
H 9 14 2 6
V 6 19 6 1
H 6 14 3 6
V 2 15 6 3
H 3 13 3 6
H 1 17 5 2
V 0 17 2 1
V 15 0 4 10
V 14 9 2 1
H 15 0 2 10
V 14 2 2 1
H 15 0 2 16
H 16 10 1 6
V 9 13 10 1
H 10 13 3 6
H 9 14 3 6
H 9 18 1 2
V 7 19 6 1
H 6 14 3 6
V 1 16 8 1
H 3 14 2 6
V 1 0 4 8
V 1 18 4 2
V 2 15 6 2
V 1 16 4 1
H 3 14 6 4
H 8 15 1 2
V 10 9 8 4
H 15 13 1 2
H 14 12 4 2
V 9 13 10 1
H 17 12 1 2
H 9 13 1 6
H 9 14 1 6
V 6 19 6 1
H 6 14 3 6
V 1 16 8 2
V 1 16 2 1
H 18 5 1 2
V 12 5 8 1
H 15 8 1 2
V 16 13 2 1
H 15 1 2 16
V 9 13 10 1
V 10 17 2 1
H 10 13 1 6
V 8 19 2 1
H 9 14 2 6
V 6 19 6 1
H 6 14 3 6
H 4 17 1 2
V 2 16 6 2
H 4 13 2 6
H 3 16 2 4
V 2 18 2 1
V 3 15 2 1
V 5 13 2 1
V 10 11 10 1
H 18 10 1 2
V 16 3 2 1
V 16 12 2 1
H 14 10 3 4
V 9 13 10 1
H 9 13 1 6
H 9 14 1 6
V 6 19 6 1
H 6 14 3 6
H 5 17 1 2
V 2 16 6 2
V 2 16 2 2
H 19 0 1 20
H 14 13 1 2
V 10 13 10 1
V 9 13 10 1
H 9 18 1 2
H 9 13 1 6
V 9 19 2 1
H 9 14 1 6
V 6 19 6 1
H 6 14 3 6
V 4 14 4 4
H 4 14 5 4
H 7 3 5 6
H 6 7 1 2
H 10 7 1 2
V 6 7 14 1
H 15 13 1 2
H 14 2 3 12
H 18 2 1 12
V 9 13 10 1
H 9 13 1 6
H 9 14 1 6
V 6 19 6 1
H 6 14 3 6
V 5 13 2 5
H 5 13 1 6
H 16 9 1 6
H 13 13 7 4
H 12 14 1 2
V 9 13 10 2
H 9 13 1 6
H 9 14 3 6
V 6 19 6 1
H 6 14 3 6
H 6 13 3 6
V 14 11 6 5
H 15 13 5 4
V 10 13 10 1
H 9 13 3 6
H 9 14 3 6
V 6 19 2 1
V 7 19 6 1
H 6 16 3 4
V 3 16 6 2
H 4 16 1 4
H 4 15 1 2
H 10 15 1 2
H 18 11 2 8
V 10 13 10 1
V 9 13 10 1
H 9 13 3 6
V 9 19 2 1
H 9 14 1 6
H 11 18 1 2
V 6 19 6 1
H 6 14 3 6
V 4 10 2 1
V 4 16 2 1
V 5 14 2 4
H 7 13 1 2
H 5 14 4 4
H 10 6 1 2
V 10 7 10 2
H 14 5 6 10
V 9 13 10 1
H 10 15 1 2
H 9 13 3 6
H 11 16 1 2
H 9 14 3 6
V 6 19 6 1
H 6 14 3 6
V 3 16 6 2
H 3 0 2 8
H 2 0 3 12
H 4 5 1 2
H 3 10 1 2
V 0 10 20 1
H 15 9 1 2
V 16 11 2 1
H 14 10 3 6
H 15 12 1 2
V 9 13 10 1
H 9 13 3 6
H 9 14 3 6
V 6 19 6 1
H 7 17 1 2
H 6 16 3 4
H 7 17 1 2
V 3 17 6 1
H 3 17 1 2
V 13 17 4 3
H 14 9 1 10
V 9 13 10 1
H 9 13 3 6
H 9 14 3 6
V 6 19 6 1
H 6 16 1 2
H 6 14 3 6
V 5 15 2 3
H 5 15 1 2
V 4 16 4 2
H 5 16 1 4
H 4 17 1 2
H 12 1 2 6
V 12 4 4 5
H 13 8 1 2
V 14 10 2 1
V 14 16 2 1
H 14 2 1 18
V 9 13 10 1
H 9 13 3 6
H 10 16 1 2
H 8 13 1 2
H 11 13 1 2
H 9 14 3 6
V 6 19 6 1
H 7 18 1 2
H 6 16 3 4
V 4 16 4 2
H 4 16 1 2
V 0 12 6 1
V 0 12 20 1
H 14 12 6 2
V 9 13 10 1
H 9 13 3 6
H 9 14 3 6
V 7 19 4 1
H 7 14 2 6
V 6 18 2 1
H 7 13 2 6
H 6 0 4 10
V 5 9 2 1
V 5 16 2 1
V 5 7 10 1
V 15 16 2 1
H 14 5 2 12
H 13 13 1 2
V 9 13 10 1
H 9 13 3 6
H 9 14 3 6
V 6 19 6 1
H 6 16 3 4
V 3 17 6 1
V 10 12 4 1
V 13 17 4 3
V 12 12 6 1
H 14 10 1 8
H 15 13 1 2
V 9 13 10 1
V 13 7 2 1
V 13 13 2 1
V 13 18 2 1
H 9 13 2 6
H 9 14 3 6
V 7 19 4 1
H 7 14 2 6
H 7 14 2 4
H 12 0 2 8
V 12 4 4 1
V 14 13 2 1
H 14 2 1 18
V 9 13 10 1
H 9 13 3 6
V 11 13 2 1
V 11 16 2 1
H 9 14 3 6
V 6 19 6 1
H 6 16 3 4
V 5 16 2 2
H 5 16 1 2
V 8 9 2 1
V 8 19 2 1
H 9 1 1 12
H 7 6 2 2
V 5 7 10 1
V 13 16 2 1
H 14 7 1 12
V 9 13 10 1
H 9 13 1 6
H 9 14 1 6
V 8 19 2 1
H 8 14 1 6
H 8 13 1 6
H 17 0 1 4
V 14 0 6 2
V 17 1 2 1
H 15 0 3 8
H 15 0 1 16
V 9 13 10 1
H 9 13 2 6
H 10 14 2 6
V 7 19 4 1
H 8 16 1 4
H 8 18 1 2
H 8 15 1 4
H 14 11 6 4
V 9 13 10 1
V 12 14 2 1
H 9 13 4 6
H 9 14 3 6
V 8 19 2 1
H 7 18 2 2
H 8 17 1 2
V 13 17 4 2
H 14 10 1 10
V 9 13 10 2
H 9 13 2 6
H 9 13 1 2
H 9 14 3 6
V 6 19 6 1
H 11 4 1 6
V 9 7 6 6
V 11 11 2 1
H 14 4 2 12
V 9 13 10 1
V 10 16 2 1
H 9 13 2 6
H 9 14 3 6
V 7 19 4 1
H 7 18 2 2
V 3 6 2 1
V 0 3 4 5
V 0 5 2 7
V 0 8 2 1
H 0 0 1 10
H 14 13 1 2
V 9 14 8 1
H 9 13 3 4
V 11 19 2 1
H 9 14 3 6
V 8 19 2 1
H 16 0 2 12
H 18 11 1 2
H 0 9 1 2
V 0 10 20 2
H 8 9 1 2
H 10 9 1 2
V 9 11 4 1
V 0 10 12 2
V 3 10 2 1
H 1 0 3 12
H 1 5 1 6
H 1 0 4 8
V 14 14 6 2
H 19 12 1 8
V 0 12 8 1
H 8 11 1 2
V 0 12 20 1
H 13 13 1 2
H 17 13 1 2
H 14 12 6 2
V 9 13 10 1
H 9 13 2 6
V 9 10 2 1
V 9 18 2 1
H 9 14 1 6
H 19 4 1 12
V 0 10 20 2
H 5 10 1 2
V 0 10 18 1
H 0 2 2 10
H 0 2 5 6
V 10 19 2 1
V 2 12 18 1
V 3 8 2 1
H 4 1 1 12
V 1 2 4 10
V 0 3 4 4
H 0 3 5 6
H 10 6 1 2
V 9 7 6 6
H 14 12 6 2
V 9 13 10 1
H 9 13 2 4
H 9 13 1 6
V 9 7 2 1
V 9 17 2 1
H 9 1 1 12
V 2 10 18 1
H 18 2 1 18
H 7 0 3 8
V 8 5 2 2
V 8 10 2 1
H 7 0 2 12
V 0 10 14 1
V 3 4 2 1
V 3 6 2 2
H 1 2 3 10
H 1 2 4 6
V 18 16 2 1
H 18 11 1 8
V 12 4 8 1
H 15 0 4 8
H 17 14 1 2
V 10 13 10 2
H 18 12 2 6
V 14 12 4 4
H 17 6 1 14
V 18 13 2 1
V 15 9 4 5
V 14 12 2 1
H 17 1 1 18
V 16 1 4 10
H 5 8 3 4
H 6 11 1 2
H 9 11 1 2
V 0 10 10 2
H 1 4 3 8
H 1 3 4 6
H 17 3 1 16
V 0 10 20 1
H 13 10 1 2
V 2 10 6 1
H 4 0 1 12
H 4 0 1 8
H 9 15 1 2
V 16 0 2 1
V 18 2 2 15
H 12 16 1 2
H 18 16 1 2
H 13 13 7 4
V 11 13 4 1
H 10 13 2 4
H 11 13 1 6
V 17 9 2 1
V 16 6 4 8
H 16 8 3 2
H 17 1 1 18
H 12 18 1 2
V 15 8 2 1
V 13 18 2 1
H 12 9 1 4
V 12 7 8 3
H 14 3 6 14
V 5 7 8 6
V 6 7 14 1
H 14 6 1 2
H 14 2 6 10
V 13 10 2 1
H 17 12 1 2
H 17 6 1 2
V 9 7 10 6
H 18 1 1 16
V 14 4 2 1
H 15 1 4 6
V 6 7 14 1
H 5 5 3 6
V 0 10 12 2
H 0 6 5 6
H 0 5 4 4
H 1 4 1 2
V 10 15 2 1
V 2 4 2 5
H 3 3 1 2
H 12 3 2 2
V 16 1 2 16
H 17 1 1 4
V 18 9 2 1
V 15 2 4 9
H 17 2 2 6
H 13 18 1 2
H 11 13 1 4
V 9 14 8 1
H 10 14 1 2
H 12 14 1 2
V 10 14 10 1
H 13 13 6 4
V 9 15 2 1
V 8 11 12 1
H 16 1 1 16
V 14 3 6 1
V 5 1 6 10
V 5 9 14 1
H 17 2 1 16
V 17 11 2 1
V 15 5 2 1
V 14 4 4 13
H 13 8 1 2
H 2 9 1 2
H 12 9 8 2
V 13 5 2 1
H 14 2 1 18
V 14 1 2 1
V 14 19 2 1
V 0 12 20 1
H 4 3 1 10
H 4 2 1 10
H 12 1 2 12
H 17 9 1 6
H 1 10 1 2
V 0 10 20 1
H 3 9 1 2
V 0 8 4 4
H 0 6 2 6
H 0 6 1 2
H 4 3 1 4
V 3 9 2 1
H 4 3 1 10
V 0 10 20 2
H 14 4 1 16
V 13 18 4 1
V 14 18 2 1
V 11 16 2 1
V 5 1 4 2
H 5 0 3 4
H 15 2 3 4
V 17 7 2 1
V 15 9 2 1
V 16 4 4 11
H 17 2 1 14
V 3 12 6 1
V 0 12 20 1
H 14 10 5 6
H 17 13 1 2
H 17 14 1 2
V 9 13 10 2
H 10 14 1 2
V 9 14 6 1
V 14 13 4 2
H 15 1 1 16
H 15 0 1 12
V 8 0 2 8
H 9 3 1 6
V 5 7 14 1
V 16 9 2 1
V 14 8 2 1
V 14 16 2 1
H 15 1 2 12
V 0 10 12 2
V 0 11 20 1
V 17 13 2 1
H 17 7 1 10
V 13 13 2 4
H 14 9 1 8
H 2 9 1 2
H 16 11 1 2
V 0 10 20 2
V 3 5 2 7
V 2 11 2 1
V 3 7 2 1
H 3 4 1 8
H 3 4 2 4
V 1 6 2 1
V 16 15 2 1
H 16 10 4 4
V 0 12 10 1
H 13 16 1 2
H 18 12 1 2
H 17 5 3 8
H 19 5 1 2
H 17 4 2 4
H 17 9 2 6
V 14 2 2 13
H 14 11 4 4
H 13 14 1 2
V 10 14 8 1
H 13 0 1 8
V 13 5 2 1
V 13 9 2 1
V 12 4 4 7
H 15 1 1 6
H 12 15 1 2
V 5 7 10 1
V 4 11 2 1
H 5 1 1 12
V 10 9 10 1
H 14 9 3 2
H 14 3 1 16
H 15 10 1 6
H 16 10 1 2
V 0 10 20 1
V 0 10 10 2
H 0 8 5 4
V 14 17 2 1
H 5 9 1 4
V 0 11 10 1
V 0 11 20 1
H 16 7 1 10
H 5 3 7 2
H 8 0 1 12
V 2 10 12 2
H 2 6 1 6
H 2 6 1 2
H 6 0 1 2
V 2 7 2 5
H 6 1 1 2
V 12 13 2 2
H 12 14 1 2
H 3 6 2 4
H 5 3 1 10
H 5 2 1 2
V 13 13 2 4
H 14 11 1 6
V 10 13 8 1
H 14 10 1 8
V 6 3 6 5
V 8 5 2 1
V 8 8 2 1
H 7 0 2 8
H 14 12 3 4
V 12 6 8 7
H 11 11 1 2
V 0 10 18 2
H 0 9 1 2
V 9 7 10 6
V 17 13 2 1
V 8 7 2 1
H 18 8 1 6
V 10 10 10 2
V 13 16 2 1
V 14 7 2 1
H 14 7 1 10
V 13 16 2 1
V 11 13 6 2
H 14 3 2 14
H 14 5 1 2
V 12 6 8 1
H 6 11 1 2
V 0 10 20 2
V 0 10 10 2
H 5 6 7 2
V 5 7 8 1
V 5 7 14 1
H 17 4 1 6
H 14 11 3 4
V 1 12 18 1
V 1 12 12 1
H 1 10 1 2
H 19 10 1 2
V 5 3 2 1
V 11 13 2 1
V 12 14 2 1
V 7 3 2 1
V 0 10 2 1
V 8 1 2 5
H 8 0 1 2
H 7 1 5 2
V 6 2 2 1
H 17 5 1 4
V 16 7 4 1
H 14 10 2 6
V 13 10 6 3
V 13 4 4 8
V 12 4 2 1
V 2 12 16 1
V 14 8 4 2
H 14 3 2 12
V 13 6 2 1
H 14 8 1 2
V 12 5 4 8
H 13 1 1 10
V 11 7 2 4
V 7 9 6 1
H 12 0 1 12
H 12 0 1 4
V 3 7 2 1
V 0 10 20 1
V 0 10 14 1
V 2 10 10 2
H 7 1 1 12
H 7 1 1 6
V 7 8 8 5
V 13 10 2 1
V 15 12 2 1
H 14 4 2 12
V 12 5 6 2
H 6 4 6 8
V 9 10 2 1
V 1 10 18 1
H 15 6 1 10
H 9 0 1 2
V 7 2 2 7
H 7 2 1 2
V 18 9 2 2
H 19 8 1 2
H 19 9 1 2
V 13 5 4 4
V 13 11 4 2
H 16 5 1 2
V 2 9 2 3
V 3 8 2 4
H 4 7 1 4
H 7 3 1 8
H 5 7 10 4
V 1 10 8 1
H 14 3 1 10
V 12 6 6 1
V 10 6 2 7
H 10 0 2 12
V 11 12 2 1
V 12 8 6 5
V 14 7 2 1
H 14 3 1 12
H 10 4 1 2
H 10 5 2 8
V 6 11 12 2
H 15 10 2 4
V 13 6 2 7
H 14 10 1 6
V 13 14 2 1
V 2 10 6 2
H 3 8 2 4
H 3 8 1 2
V 17 7 2 1
V 7 8 12 4
H 14 4 2 10
H 11 2 1 10
H 12 2 2 10
H 12 2 2 6
H 2 9 1 2
V 9 7 6 3
H 14 4 1 12
V 4 12 2 1
H 14 13 1 2
V 2 10 8 1
H 3 9 1 2
H 5 5 1 8
H 13 5 3 8
V 15 12 2 1
V 13 4 2 3
H 12 3 2 6
V 3 10 4 2
H 5 9 2 2
V 2 10 6 1
V 13 8 6 3
H 14 8 2 6
H 15 5 1 8
V 15 6 2 1
H 14 4 1 10
V 14 5 2 1
V 8 2 4 8
H 8 2 4 6
V 5 5 6 4
H 8 3 1 10
H 8 2 4 4
V 8 3 2 1
V 8 5 2 2
H 9 1 1 8
H 4 9 1 2
H 4 10 13 2
V 5 10 14 1
H 13 8 1 2
H 6 7 11 4
V 8 9 12 1
V 13 9 2 3
H 14 6 1 8
V 13 13 2 1
V 10 6 2 5
H 10 0 1 12
H 10 0 1 2
H 9 10 1 2
V 7 8 10 3
H 12 4 3 8
H 6 5 3 4
H 10 6 2 2
V 6 7 8 2
V 6 7 12 1
H 12 6 2 4
V 7 8 12 2
V 8 5 4 1
H 10 1 1 12
V 3 10 2 1
V 4 10 14 2
H 12 2 1 10
H 8 3 1 2
H 12 4 2 6
H 12 3 1 6
H 14 12 1 2
V 10 7 6 6
H 15 6 1 2
H 5 9 1 2
H 5 8 2 2
H 5 7 4 6
H 13 10 1 2
H 12 9 1 4
V 10 8 8 3
V 8 4 4 8
V 7 5 2 1
H 8 4 4 4
V 5 6 6 5
H 7 10 1 2
H 6 7 3 4
V 3 10 6 1
V 9 2 2 1
H 9 2 1 8
H 7 4 1 8
V 6 5 6 2
H 10 2 2 8
H 10 7 1 6
H 8 4 3 6
V 8 7 8 5
H 12 5 3 4
V 5 8 10 1
H 6 5 1 6
H 14 8 1 6
V 11 9 8 1
V 5 8 12 1
H 6 7 6 6
H 8 11 1 2
H 11 11 1 2
V 4 10 10 2
H 9 3 1 2
H 6 6 3 2
H 5 9 1 2
V 4 10 2 1
V 5 7 4 2
V 13 6 2 4
H 13 5 1 4
V 10 7 6 5
H 15 7 1 4
V 15 8 2 1
V 9 4 2 3
H 10 2 1 8
H 7 6 5 2
V 8 7 8 4
V 14 9 4 1
V 6 12 2 1
H 7 5 1 2
V 7 11 2 1
V 8 7 6 6
H 8 4 1 8
H 8 4 1 6
H 10 6 1 6
V 5 10 10 2
H 6 7 1 4
H 12 7 1 4
V 7 6 2 7
H 7 6 1 2
V 9 12 2 1
H 10 11 4 2
V 13 11 2 1
V 12 9 4 1
H 12 7 2 6
V 13 7 2 1
H 9 5 1 4
H 8 10 1 2
V 5 8 8 3
H 9 5 3 8
V 10 7 4 6
V 9 11 2 1
V 8 5 2 8
H 8 5 1 4
V 8 7 6 5
H 10 4 2 6
H 8 6 3 6
V 5 9 6 2
V 9 4 2 9
H 7 7 1 2
V 5 9 4 1
V 10 5 2 1
H 8 6 3 4
V 9 10 2 1
V 6 8 4 3
V 8 6 2 2
H 10 4 1 2
H 9 5 2 4
V 12 8 2 1
V 7 8 6 3
H 12 6 1 4
H 9 9 4 4
V 8 11 2 1
H 8 11 1 2
V 8 11 2 1
V 9 11 4 1
H 10 7 1 6
V 7 8 8 1
V 8 7 6 2
V 6 9 6 2
H 8 7 1 2
V 7 8 4 1
V 12 8 2 2
V 11 11 2 1
H 12 8 1 4
V 8 10 4 1
V 9 8 4 1
H 10 7 1 6
V 9 7 4 1
V 9 7 2 1
V 9 9 2 1
H 10 11 1 2
V 12 9 2 1
H 12 9 1 2
H 10 7 1 4
V 8 9 6 1
V 7 9 6 1
V 10 8 2 2
V 11 9 2 1
V 9 8 2 3
V 10 8 2 1
V 9 10 2 2
H 10 8 1 4
H 9 9 3 2
V 9 9 2 1
