V 7 0 2 1
V 15 17 2 1
V 14 9 2 1
V 3 12 2 1
H 11 16 1 2
H 12 16 1 4
V 6 18 8 1
V 9 17 2 1
V 6 10 4 10
H 1 14 1 2
H 7 14 2 2
H 6 10 2 10
V 0 11 12 4
H 0 0 1 20
V 0 1 2 1
H 0 0 1 6
H 7 0 1 2
V 0 0 18 1
V 0 0 20 1
V 10 1 6 1
H 11 0 9 4
H 11 0 1 2
H 10 1 10 4
H 3 14 1 2
V 0 11 8 4
H 0 0 1 20
H 0 0 2 2
V 0 0 16 1
V 0 0 20 1
H 17 0 2 4
H 13 1 6 4
V 14 16 6 1
H 15 6 1 2
H 15 16 1 2
H 14 7 3 10
V 12 5 4 7
H 12 5 1 14
V 9 19 2 1
V 6 18 8 2
V 6 11 4 9
V 10 11 2 1
H 6 10 5 10
H 2 13 1 2
V 0 10 12 4
H 0 0 1 20
H 0 0 1 6
V 0 0 18 1
H 2 0 1 2
V 0 0 20 1
H 8 0 12 2
H 12 0 8 4
V 0 10 12 3
V 0 10 8 2
H 0 0 1 20
V 0 0 16 1
V 0 0 20 1
H 13 0 6 2
H 12 0 7 4
V 0 10 12 5
V 0 12 8 3
H 0 0 1 20
H 0 0 1 8
V 0 0 20 1
H 10 0 8 4
V 2 2 18 1
V 14 0 6 2
H 2 1 17 2
H 13 1 5 4
H 18 7 1 2
V 15 15 2 1
V 12 8 8 8
H 12 9 5 4
V 13 11 2 1
H 12 6 2 14
H 11 17 1 2
V 6 18 8 2
V 6 16 4 4
H 6 10 3 10
V 0 11 12 4
H 0 9 1 2
H 0 0 1 20
V 0 4 2 1
H 0 0 1 6
H 1 0 1 2
V 0 0 14 1
V 0 0 20 1
V 7 3 10 1
V 3 1 12 1
H 13 0 5 4
H 17 1 1 4
V 5 2 4 1
V 2 0 10 4
V 2 3 16 1
H 5 14 1 2
V 0 14 12 1
H 0 0 1 20
V 0 0 20 1
V 0 1 2 1
V 0 13 2 1
H 0 0 1 8
V 0 0 20 1
H 5 0 7 4
H 12 1 1 2
V 3 2 16 1
V 0 14 8 1
H 0 0 1 20
H 0 0 1 8
V 3 0 14 1
V 0 0 18 1
V 0 0 20 1
H 19 0 1 2
H 7 0 10 4
H 13 0 6 2
V 12 0 8 1
V 2 2 14 2
H 13 0 1 4
V 3 3 14 1
H 0 0 1 20
H 0 0 1 14
V 0 0 18 1
H 5 0 5 4
V 2 2 16 1
H 6 10 2 10
H 9 10 1 2
V 0 11 12 2
H 0 0 1 20
H 1 3 1 2
H 7 3 1 2
H 0 0 2 4
V 0 0 12 1
V 0 0 18 1
H 12 0 4 4
H 15 1 1 4
V 6 18 8 2
V 6 10 6 9
H 6 10 2 10
H 6 11 1 2
H 11 11 1 2
V 0 12 12 3
H 0 0 1 20
V 0 5 2 1
H 0 0 1 6
V 0 0 18 1
V 1 0 18 1
H 18 0 1 2
V 12 1 2 1
H 13 1 3 2
H 12 1 3 4
V 1 5 2 1
V 0 5 2 15
H 0 0 1 20
H 0 0 1 6
V 0 0 18 1
H 1 0 1 2
V 1 0 18 1
H 17 12 1 2
V 12 10 8 3
V 13 14 2 1
H 12 8 2 12
H 6 17 1 2
V 6 18 8 2
V 6 12 4 8
H 6 10 1 10
V 0 13 12 1
H 0 0 1 20
H 0 0 1 6
V 0 0 12 1
V 0 0 18 1
H 2 0 15 2
H 13 0 3 4
V 4 0 8 4
V 2 2 14 1
H 6 10 1 10
V 0 14 12 1
H 0 0 1 20
H 0 7 1 2
H 0 0 1 8
V 0 0 16 1
V 0 0 18 1
H 0 0 2 4
V 0 0 16 1
H 0 0 1 2
V 1 0 16 1
V 0 17 2 1
H 0 0 1 20
H 0 0 1 8
V 7 0 2 1
V 0 0 8 1
V 0 0 16 1
V 8 2 2 1
H 9 0 5 4
H 12 1 1 4
H 3 5 1 2
V 0 6 12 3
V 0 8 2 9
H 0 0 1 16
V 0 0 14 1
H 0 0 1 2
V 0 0 16 1
H 15 0 1 2
V 12 9 8 6
H 12 9 1 10
V 6 18 8 2
V 6 16 4 4
H 6 10 1 10
H 12 10 2 10
H 9 12 1 2
V 0 13 12 2
H 0 0 1 20
H 0 0 1 6
V 0 0 10 1
H 0 0 1 2
V 0 0 16 1
H 1 0 1 2
H 2 0 12 2
H 13 0 1 4
V 0 8 6 5
V 0 14 2 1
H 0 0 1 16
H 2 0 1 2
V 0 0 6 1
V 0 0 16 1
H 9 0 3 4
V 11 3 2 1
H 10 1 2 4
V 6 18 8 2
V 6 16 4 4
H 6 10 2 10
V 7 15 2 1
V 0 13 12 2
H 0 0 1 20
H 0 0 1 6
V 0 0 14 1
V 0 0 16 1
V 1 8 2 1
V 1 13 2 1
V 0 5 4 9
V 0 3 2 1
H 0 0 1 18
V 0 0 12 1
V 0 0 14 1
H 13 0 1 2
H 0 0 1 16
V 0 0 6 1
V 0 0 14 1
H 9 0 2 4
H 10 1 1 4
H 12 9 1 4
H 12 6 2 14
V 6 18 8 2
V 6 18 4 2
H 6 10 5 10
V 0 12 12 2
H 0 0 1 20
V 0 0 2 1
H 0 0 1 6
V 0 0 14 1
V 1 0 14 1
H 14 0 1 2
V 0 18 6 1
H 0 18 1 2
H 9 18 1 2
V 0 16 4 3
H 0 0 1 20
H 0 0 1 16
V 0 0 8 1
V 1 0 14 1
H 2 0 11 2
H 6 0 6 4
V 14 19 4 1
V 13 14 2 1
V 14 16 2 1
H 14 6 1 14
V 13 10 2 1
H 13 6 1 2
V 12 7 4 9
H 12 7 2 12
V 6 18 8 1
V 6 18 4 1
V 9 14 2 1
H 6 10 4 10
V 0 13 12 2
H 0 0 1 20
V 0 0 2 1
H 0 0 1 6
V 0 0 14 1
V 1 0 14 1
H 12 5 4 8
H 12 5 1 14
V 6 18 8 1
V 6 17 4 2
V 6 15 2 1
H 6 10 1 10
V 0 13 12 2
H 0 0 1 20
H 0 5 1 2
H 8 5 1 2
H 0 0 1 6
V 0 0 14 1
V 10 2 2 1
H 2 0 9 4
H 10 2 1 2
V 3 0 10 3
V 7 3 4 1
H 2 9 1 2
V 0 6 12 4
V 0 6 8 2
H 0 0 1 12
H 0 11 1 2
V 0 0 12 1
H 2 0 5 4
V 11 1 2 1
V 2 1 10 2
H 12 17 2 2
V 6 18 8 2
V 6 13 4 7
H 6 10 2 10
V 0 13 12 1
V 0 11 2 1
H 0 0 1 20
H 0 0 1 6
H 1 0 1 2
V 0 0 12 1
H 0 0 1 2
V 0 0 14 1
H 9 2 1 2
V 0 3 2 1
V 0 11 2 8
H 0 0 1 20
V 0 10 6 1
V 0 6 2 1
H 0 0 1 14
H 8 0 1 2
V 0 0 10 1
V 0 0 12 1
V 0 13 12 2
H 11 0 1 2
V 0 12 2 7
H 0 0 1 20
V 0 1 2 1
H 0 0 1 6
V 0 0 4 1
H 0 0 1 2
V 0 0 12 1
H 5 0 4 4
H 7 1 2 4
V 14 18 6 1
V 15 14 2 1
H 14 6 2 14
V 12 10 6 5
H 12 5 1 14
V 6 18 8 2
V 6 18 4 2
H 6 10 4 10
V 0 13 12 1
H 0 0 1 20
H 0 0 1 6
V 0 0 12 1
H 5 0 4 4
H 6 0 1 2
V 3 1 8 2
V 12 7 8 1
H 12 7 4 8
H 12 5 1 14
V 6 18 8 2
V 6 13 4 6
H 6 10 1 10
V 0 13 12 2
H 0 0 1 20
H 0 0 1 6
V 0 0 12 1
V 1 0 12 1
H 8 2 1 2
V 14 19 6 1
H 14 6 1 14
V 12 11 4 2
H 12 8 2 12
V 6 18 8 2
V 6 16 4 4
H 6 10 1 10
V 0 13 12 2
H 0 0 1 20
H 0 0 1 6
V 0 0 10 1
H 3 0 5 4
H 3 2 1 2
V 2 2 8 1
V 14 18 6 1
H 14 6 2 14
V 12 11 6 5
H 12 5 1 14
H 6 18 1 2
V 6 18 8 1
V 6 16 4 3
H 6 10 1 10
V 0 13 12 2
H 0 0 1 20
V 0 1 2 1
H 0 0 1 6
V 0 0 10 1
H 0 0 1 2
V 0 0 12 1
V 12 9 8 1
V 12 9 4 1
H 12 8 6 4
V 12 18 2 1
H 12 5 1 14
V 6 18 8 1
H 7 15 1 2
V 6 16 4 4
H 6 10 1 10
H 4 13 1 2
V 0 13 12 1
H 0 0 1 20
H 0 0 1 6
V 3 1 4 1
V 0 0 4 1
H 6 0 1 2
V 0 0 10 1
H 7 0 1 4
H 4 1 4 4
V 9 0 2 1
H 1 0 1 2
H 9 0 1 2
V 12 12 8 3
H 13 12 1 8
V 6 18 8 2
V 6 18 6 2
V 5 12 2 1
H 6 10 1 10
V 0 13 12 2
H 0 0 1 20
H 0 0 1 6
V 0 0 4 1
V 0 0 10 1
H 2 0 7 2
H 2 0 6 4
V 0 7 12 1
H 0 0 1 14
V 0 0 2 5
V 0 0 8 1
H 2 0 5 4
H 4 1 2 4
H 2 5 4 14
V 0 7 8 2
H 0 0 1 16
V 0 0 8 1
H 4 3 1 2
H 2 0 4 4
V 2 0 6 3
V 6 18 8 1
V 6 18 4 1
H 6 10 1 10
V 0 12 12 3
H 0 0 2 2
V 0 0 8 1
H 2 0 4 4
H 5 2 1 2
V 3 0 4 3
H 12 16 2 4
H 10 17 1 2
V 6 18 8 2
V 6 18 4 2
H 6 10 1 10
V 0 13 12 1
H 0 0 1 20
H 0 0 1 6
V 0 0 8 1
V 1 0 8 1
H 12 8 5 4
V 13 5 2 1
V 13 7 2 1
H 12 6 2 14
V 6 18 8 2
V 6 18 6 1
H 6 10 1 10
V 0 13 12 1
H 0 0 1 20
H 0 0 1 6
V 0 0 8 1
H 2 0 3 4
H 4 1 1 4
H 1 14 1 2
V 0 5 4 10
H 0 0 1 20
V 0 0 6 1
H 0 0 1 2
V 0 0 8 1
H 0 9 1 2
V 1 9 4 1
V 0 9 12 1
H 9 8 1 2
H 6 7 1 2
V 0 8 8 2
H 0 0 1 18
V 0 0 2 5
V 0 0 6 1
H 2 0 4 2
H 2 0 3 4
H 0 5 5 14
V 0 7 8 3
H 0 0 1 18
H 3 0 1 2
V 0 0 6 1
H 2 0 2 4
H 2 1 2 4
V 0 13 12 2
V 0 9 2 5
V 0 16 2 1
H 0 0 1 20
H 0 0 1 6
V 0 0 6 1
V 0 17 6 3
V 2 2 2 1
H 3 0 1 4
V 2 0 4 3
H 11 5 1 2
V 0 5 12 1
H 3 8 1 2
V 0 5 8 4
H 0 0 1 10
V 0 0 6 1
H 2 0 3 2
H 2 0 2 4
V 0 16 4 4
H 0 0 1 20
H 0 0 1 18
V 0 0 6 1
V 1 0 6 1
V 6 18 4 1
H 6 10 2 10
V 0 13 12 1
H 0 0 1 20
V 0 0 2 3
V 0 5 2 1
H 0 0 1 6
V 0 0 2 5
V 0 0 6 1
H 2 0 3 2
H 4 1 1 2
V 0 5 12 3
V 3 8 2 1
V 0 5 4 9
V 3 6 2 1
H 0 0 1 12
V 0 0 4 1
H 2 0 1 4
V 2 2 2 1
H 12 13 2 6
H 11 18 1 2
V 6 18 8 1
V 6 18 6 1
V 5 14 2 1
H 6 10 1 10
H 0 12 1 2
V 0 13 12 1
H 0 0 1 20
H 0 0 1 6
V 0 0 2 2
V 0 0 6 1
H 4 0 1 2
V 12 12 8 1
V 12 10 4 6
H 12 8 2 12
V 6 18 8 2
V 6 18 4 2
H 6 10 2 10
V 0 13 12 2
H 0 0 1 20
H 0 0 1 6
V 0 0 4 1
V 0 0 6 1
V 12 8 8 1
V 12 8 4 1
H 15 7 1 2
H 12 7 6 6
H 12 6 1 14
V 6 18 8 2
V 6 18 4 2
H 6 10 1 10
V 0 13 12 2
H 0 0 1 20
H 0 0 1 6
H 1 0 1 2
V 0 0 4 1
H 2 0 2 2
H 2 0 1 4
H 12 10 4 2
H 12 6 1 14
V 6 18 8 2
V 6 18 4 1
V 6 16 2 1
V 6 19 2 1
H 6 10 1 10
V 0 13 12 1
H 0 0 1 20
H 0 0 1 6
V 0 0 4 1
H 2 0 1 2
H 2 1 1 2
V 14 19 6 1
V 14 19 4 1
H 14 6 2 14
V 12 12 4 2
H 12 8 2 12
H 11 18 1 2
V 6 18 8 1
V 6 18 4 2
H 7 14 1 2
H 6 10 2 10
H 1 12 1 2
H 2 13 1 2
V 0 13 12 1
H 0 0 1 20
H 0 0 1 6
V 0 0 2 2
V 0 3 2 1
V 0 5 2 1
V 0 9 2 1
V 0 12 2 1
V 0 0 4 1
H 0 0 1 16
V 0 3 2 1
H 0 1 1 6
V 0 3 2 1
V 9 6 2 1
V 8 5 4 5
H 7 13 1 2
V 0 11 10 3
H 4 11 1 2
H 2 5 4 14
V 1 5 10 4
H 12 10 4 2
H 12 5 1 14
V 6 18 8 1
H 7 18 1 2
H 9 17 1 2
V 6 18 4 1
V 5 13 2 1
H 6 10 3 10
V 0 12 12 3
H 0 6 1 14
H 0 5 1 2
H 3 5 2 2
H 9 5 1 2
V 10 7 2 1
H 8 6 3 4
H 5 5 3 4
H 9 5 1 4
V 9 6 2 1
V 12 8 8 4
H 13 5 1 14
V 6 18 8 1
V 6 18 6 2
H 6 10 1 10
H 1 10 1 4
V 0 12 12 3
H 0 6 5 14
H 1 6 2 4
V 5 7 6 3
V 12 6 4 5
H 12 10 2 2
V 11 19 2 1
H 12 6 2 14
V 6 18 8 1
V 7 12 2 1
H 8 10 1 10
V 3 11 6 4
V 4 6 2 1
H 5 6 1 14
V 5 7 2 1
V 5 12 2 1
V 2 6 8 4
V 10 8 2 1
V 4 10 2 4
V 4 16 2 1
V 1 10 2 1
H 2 8 4 6
H 1 9 1 2
V 1 8 10 2
V 12 10 8 3
H 12 10 6 2
H 12 6 1 14
H 14 6 1 14
V 6 18 8 1
V 6 18 4 2
H 6 10 2 10
V 0 11 12 3
H 0 8 2 10
H 6 7 1 2
V 4 8 6 1
V 1 10 6 4
H 4 5 1 12
H 5 5 1 10
V 5 5 2 1
H 0 10 1 2
V 0 10 10 1
H 0 10 2 8
V 3 13 2 1
H 0 10 4 10
H 1 9 5 4
V 5 11 2 2
H 5 5 1 12
V 5 6 2 1
H 3 7 3 4
V 2 9 8 1
H 4 11 1 2
V 0 12 10 1
V 2 14 2 1
H 3 7 3 10
H 6 10 1 10
V 5 12 2 2
H 5 16 1 2
H 5 5 1 12
V 4 7 4 3
V 12 12 4 3
V 12 11 2 1
H 12 7 1 12
V 6 18 8 1
V 6 17 4 3
H 6 11 1 8
V 0 14 12 1
H 0 11 1 8
V 14 16 6 1
V 14 19 6 1
V 15 17 2 1
V 14 10 2 1
H 15 8 1 10
V 12 9 6 3
H 12 6 1 14
V 6 18 8 1
V 8 16 2 1
H 8 10 1 10
V 1 13 8 2
H 4 6 1 14
V 3 8 2 1
V 14 16 6 3
H 14 7 3 12
V 12 10 8 2
H 12 12 1 2
V 12 7 2 1
H 12 6 1 14
V 6 18 8 2
V 6 13 4 7
H 6 11 3 8
V 1 14 10 1
H 1 10 2 10
V 12 5 8 3
V 12 5 6 4
H 12 5 1 12
H 12 12 1 2
V 12 9 2 1
H 12 6 1 14
V 6 18 8 2
V 5 14 4 1
H 7 10 2 10
V 4 13 6 2
V 4 8 2 1
H 5 6 1 10
H 6 7 1 2
V 3 8 6 2
H 3 18 2 2
V 1 12 4 7
V 0 11 2 7
H 0 16 1 2
V 0 14 10 1
H 2 11 1 6
V 0 16 2 1
H 1 10 5 8
V 1 13 4 2
H 3 8 3 10
V 12 11 8 4
V 12 12 4 4
H 12 12 1 8
V 9 15 2 1
V 9 18 2 1
V 6 18 8 1
V 7 16 2 1
H 11 18 1 2
V 6 15 4 5
H 6 10 1 10
H 10 13 2 2
V 6 18 2 1
V 0 13 12 1
H 0 11 12 4
V 2 11 2 5
H 3 9 3 8
H 7 13 1 2
V 2 11 8 3
V 5 12 2 1
H 5 7 1 12
H 13 9 1 2
H 13 12 1 2
H 12 6 6 8
V 12 12 2 1
V 12 18 2 1
V 11 19 2 1
H 12 6 1 14
V 6 18 8 2
V 6 18 4 2
H 6 10 1 10
V 0 12 12 2
H 0 12 1 2
V 17 19 2 1
V 14 19 4 1
H 14 6 2 14
H 12 10 1 8
V 12 5 4 8
H 12 8 1 12
H 13 17 1 2
V 6 18 8 2
H 8 10 2 10
V 2 12 8 3
V 5 9 2 1
H 5 12 1 2
H 4 8 2 10
V 12 5 8 1
H 13 5 1 12
H 12 5 2 14
V 6 18 8 2
H 8 12 2 8
H 3 11 1 6
H 1 13 1 2
V 0 14 12 1
H 4 14 1 2
H 3 10 2 10
H 3 10 3 4
V 5 10 2 1
H 2 14 2 4
V 0 14 4 2
H 1 13 1 2
H 6 13 1 2
H 4 10 2 2
V 2 12 2 1
V 3 11 4 3
H 5 8 1 6
V 8 13 2 1
V 14 19 6 1
V 14 19 4 1
H 14 6 1 14
V 15 9 2 1
V 12 9 4 5
H 12 8 2 12
V 6 18 8 2
H 13 17 1 2
H 8 11 4 8
H 6 11 1 4
H 3 13 1 2
V 0 14 12 1
H 2 11 2 6
V 3 17 2 1
V 2 12 6 3
H 5 9 1 8
V 4 18 2 1
V 2 12 2 1
V 14 16 6 2
H 15 8 1 12
H 13 10 1 2
V 14 12 2 1
V 12 11 6 5
H 6 11 1 2
H 13 11 1 2
H 12 5 2 14
V 6 18 8 1
V 7 17 2 1
V 6 14 4 5
H 6 12 1 8
V 2 14 8 1
H 2 13 4 4
H 2 13 1 2
V 4 14 2 1
H 3 12 2 4
V 1 14 4 1
V 11 18 2 1
H 12 16 1 4
H 13 17 1 2
V 6 18 8 1
H 8 12 4 8
V 4 14 8 1
H 4 12 2 6
H 12 8 7 4
V 13 9 2 1
H 12 5 2 14
V 6 18 8 2
V 9 11 2 1
H 8 11 2 8
H 7 10 1 6
V 2 14 10 1
H 3 13 3 4
H 5 17 1 2
V 12 5 8 1
H 13 5 1 12
H 13 6 1 14
V 6 18 8 1
H 8 10 2 10
V 3 13 2 1
V 4 13 8 2
H 5 10 1 6
H 3 13 1 2
V 2 14 8 1
H 3 14 1 2
H 6 12 5 6
H 5 11 1 2
V 4 12 4 1
V 6 13 2 1
H 6 10 1 8
H 12 10 1 8
V 12 10 8 2
V 12 9 6 3
H 12 6 1 14
H 13 17 1 2
V 6 18 8 2
H 8 11 1 8
V 3 14 6 1
H 5 12 1 6
H 5 11 1 2
V 4 14 2 2
H 4 14 1 2
V 6 14 6 6
H 6 12 1 8
H 13 12 1 8
V 6 11 2 1
H 6 11 1 8
V 6 18 8 2
V 8 12 2 1
H 9 11 2 8
V 4 14 8 1
H 5 13 1 4
H 6 12 6 6
V 5 13 2 1
H 8 10 1 10
V 4 14 8 1
H 6 12 1 2
V 7 11 2 1
V 8 11 2 4
H 8 11 4 6
V 16 11 2 1
H 15 9 2 10
V 12 10 8 4
V 11 18 2 1
H 12 6 1 14
V 6 18 8 2
V 7 12 2 1
H 8 12 1 8
V 5 14 6 1
V 9 12 2 1
V 8 12 2 8
H 9 10 2 8
V 10 10 2 1
V 8 12 2 5
H 8 12 1 2
V 7 14 2 6
H 8 13 3 4
H 14 10 2 10
V 13 8 6 1
V 12 8 4 4
H 12 6 2 14
H 9 17 1 2
V 8 18 6 2
H 9 12 1 8
H 9 12 3 4
H 14 7 1 12
V 12 7 4 6
V 12 18 2 1
H 12 6 1 14
V 6 18 8 1
H 8 14 2 6
V 6 15 4 2
V 13 13 2 1
H 14 7 1 10
V 12 10 4 4
H 12 6 1 14
V 11 18 2 2
H 11 10 1 10
H 11 10 1 6
H 11 11 1 2
V 8 14 2 6
H 9 18 1 2
H 9 13 3 6
H 16 5 1 14
V 14 5 6 3
V 12 10 8 3
V 12 11 4 2
H 12 7 2 12
V 6 18 8 1
H 8 14 1 6
H 8 14 1 2
H 11 14 1 2
V 6 19 2 1
H 12 5 1 4
V 18 6 2 10
H 17 5 2 2
V 6 17 6 2
H 7 16 1 2
H 14 6 1 14
V 12 12 4 1
H 12 8 2 12
V 9 18 4 1
V 9 16 2 1
H 10 13 1 6
H 10 13 2 4
V 14 19 6 1
H 15 18 1 2
V 14 19 4 1
V 13 13 2 1
V 14 5 2 1
V 14 18 2 1
H 14 6 1 14
V 15 12 2 1
V 12 12 4 2
V 13 7 2 1
H 12 7 2 12
H 7 17 2 2
H 11 17 1 2
V 6 18 8 1
H 8 15 1 4
H 8 15 1 2
V 17 6 2 1
H 13 5 1 10
H 10 14 1 2
H 19 7 1 6
H 8 17 1 2
V 18 8 2 1
V 10 15 2 1
H 9 18 1 2
V 12 8 4 3
V 13 8 6 5
H 16 6 2 4
H 14 5 1 12
V 15 8 2 10
V 13 7 4 1
H 16 5 1 14
H 9 16 1 2
V 8 19 2 1
V 14 17 6 2
H 14 7 3 12
H 18 10 1 4
V 12 12 8 2
V 11 19 2 1
H 12 8 2 12
V 7 18 6 1
V 7 18 4 1
V 9 17 2 3
H 9 18 1 2
V 17 11 2 1
V 16 10 4 6
H 18 8 1 4
V 12 8 6 1
V 15 8 2 1
V 12 8 4 1
H 18 12 1 2
H 17 10 3 6
H 16 9 4 6
H 12 10 2 10
V 8 18 6 1
V 11 18 2 1
H 10 16 2 4
V 12 9 2 3
H 13 7 1 8
V 13 10 2 6
H 14 6 1 8
H 11 15 1 2
H 13 15 1 2
V 12 15 8 1
H 12 14 1 6
V 8 18 6 1
V 8 18 2 1
V 16 8 2 3
H 17 8 1 2
H 13 11 1 8
V 10 18 4 2
V 11 18 2 1
H 11 16 1 4
V 10 17 2 1
V 13 8 2 1
H 16 16 1 2
H 19 16 1 2
V 14 16 4 1
H 16 7 1 12
H 15 7 2 6
V 14 8 2 1
H 15 7 1 12
V 12 13 6 3
H 12 10 2 10
V 9 18 4 1
V 9 18 2 1
H 13 9 5 6
V 14 9 2 2
H 15 7 1 4
H 12 10 1 10
H 12 10 7 6
V 13 9 4 3
H 13 10 5 2
V 12 11 8 2
V 13 15 2 1
H 14 10 3 8
V 13 11 2 4
H 13 9 1 10
V 10 18 4 1
H 11 17 1 2
H 14 9 1 2
V 13 13 2 1
V 12 16 2 1
H 12 12 2 8
H 14 11 4 2
V 14 12 6 1
H 14 12 2 8
V 12 14 6 2
H 12 13 1 6
V 11 18 2 1
H 15 10 3 6
H 17 10 1 4
H 12 15 1 2
H 15 12 1 2
V 12 13 4 3
H 12 12 1 2
H 15 12 1 2
V 13 11 4 1
H 14 10 1 2
H 16 10 1 2
H 15 9 1 4
V 12 17 2 1
V 13 13 2 1
H 13 12 1 8
H 13 14 1 2
H 15 14 1 2
H 15 12 2 6
H 17 13 1 2
V 14 13 6 1
H 16 14 1 4
V 13 11 4 4
V 13 12 4 1
H 13 11 1 6
V 12 13 2 2
V 12 18 2 1
H 15 10 1 2
H 12 13 1 2
H 18 13 1 2
V 14 11 2 1
V 12 14 6 1
H 16 11 1 6
H 13 17 1 2
H 12 15 1 2
H 16 14 3 2
H 13 13 1 2
H 17 13 1 2
H 15 12 1 8
V 12 15 8 1
H 18 14 1 2
V 14 13 2 7
V 14 16 4 2
H 14 14 3 4
V 15 15 4 1
V 12 15 4 1
V 14 14 4 2
V 14 17 2 1
H 15 13 1 6
V 14 16 2 1
H 14 17 6 2
H 15 16 1 2
H 18 16 1 2
V 16 18 4 1
H 14 14 1 6
H 16 15 1 4
V 14 16 4 3
V 14 18 6 1
H 19 17 1 2
V 16 16 2 1
V 14 17 4 2
V 15 17 4 2
V 18 18 2 1
H 14 18 2 2
H 15 16 1 2
V 14 19 6 1
V 15 18 2 1
V 15 18 4 1
H 14 18 2 2
H 15 17 2 2
V 15 17 2 1
H 15 18 1 2
V 14 19 6 1
V 15 19 2 1
H 15 18 1 2
H 15 17 1 2
V 15 19 2 1
H 15 18 1 2
V 15 19 4 1
V 17 19 2 1
