V 11 0 2 1
H 11 1 1 2
V 9 2 2 1
V 1 8 2 1
H 16 16 1 2
H 11 14 1 2
V 0 0 8 8
V 10 1 2 1
V 10 3 2 1
V 10 14 2 1
H 0 0 11 2
H 12 0 2 2
V 1 0 14 1
V 12 1 2 1
H 13 0 1 14
V 13 1 2 1
V 13 3 2 1
H 13 9 1 2
H 11 0 1 20
H 12 0 2 20
V 12 17 4 3
H 15 0 1 20
H 15 0 1 14
V 15 0 2 6
H 16 0 1 12
H 16 0 1 20
H 17 2 1 16
V 16 16 2 2
V 17 14 2 6
H 18 0 1 20
V 18 0 2 11
V 18 9 2 1
H 19 0 1 12
V 10 0 4 1
H 12 6 1 2
H 12 0 2 14
V 13 16 2 1
H 12 0 2 20
V 12 17 4 2
H 15 0 1 20
H 15 0 1 14
V 15 0 2 6
H 16 0 1 12
H 16 0 1 20
V 16 16 2 2
V 17 0 2 20
V 16 16 2 1
H 17 7 2 12
V 18 9 2 2
H 19 2 1 18
H 11 7 1 2
V 10 7 2 1
V 10 8 2 12
H 11 0 1 20
V 10 2 2 1
H 11 0 1 14
V 11 0 4 1
V 13 3 2 1
H 13 0 1 14
V 13 4 2 1
H 13 0 1 20
V 12 17 4 2
H 15 0 1 20
H 15 0 1 14
V 15 0 2 6
H 16 0 1 12
H 16 0 1 20
V 16 16 2 2
V 17 13 2 6
H 18 0 1 20
V 17 5 2 1
H 18 0 1 12
H 1 8 5 10
H 9 10 1 2
V 2 8 8 3
V 8 9 2 1
H 2 8 4 12
H 6 8 3 12
H 5 13 1 2
H 10 13 1 2
V 6 14 6 6
H 11 0 1 20
H 6 0 6 8
V 10 0 4 1
V 13 4 2 1
V 13 11 2 1
H 12 0 2 14
H 12 0 2 20
H 11 9 1 2
H 12 9 1 2
V 12 17 4 1
H 15 0 1 20
H 15 0 1 14
V 15 0 2 6
V 15 1 2 1
H 16 5 1 2
H 16 0 1 12
V 15 2 2 1
H 16 0 1 20
V 16 16 2 4
V 17 8 2 10
V 17 19 2 1
H 18 2 1 18
V 18 1 2 10
H 19 1 1 12
H 13 2 2 10
V 13 12 2 1
H 14 0 1 20
V 14 17 2 3
H 15 0 1 20
H 15 0 1 14
H 15 5 1 2
H 19 5 1 2
V 15 0 2 6
H 16 0 1 12
H 16 0 1 20
V 16 16 2 2
H 17 0 1 20
H 17 0 1 12
H 11 0 1 6
V 10 0 4 1
H 13 0 1 14
H 13 0 2 20
V 12 17 4 3
H 15 0 1 20
H 15 13 1 2
H 15 0 1 14
V 15 0 2 6
H 16 0 1 12
H 16 0 1 20
V 16 16 2 2
H 18 6 1 10
V 17 14 2 6
H 17 2 2 18
V 18 6 2 5
H 19 2 1 10
V 6 18 6 2
H 11 0 1 20
V 10 12 2 1
V 11 0 2 1
H 11 0 1 16
V 10 0 4 1
H 13 0 2 14
V 12 17 2 1
H 13 0 1 20
V 12 17 4 3
V 14 19 2 1
H 15 0 1 20
H 15 0 1 14
V 15 0 2 6
H 16 0 1 12
V 15 3 2 1
H 16 0 1 20
V 16 16 2 4
V 17 5 2 15
H 17 6 2 12
V 18 3 2 8
H 19 3 1 16
V 18 3 2 1
V 10 12 2 6
H 11 0 1 20
H 11 0 1 10
V 10 0 4 1
H 13 0 2 14
H 13 9 1 8
V 13 3 2 1
H 13 0 1 20
V 12 17 4 1
V 14 18 2 1
H 15 0 1 20
H 15 0 1 14
V 15 0 2 6
H 16 0 1 12
H 16 0 1 20
V 16 16 2 2
H 17 1 1 18
H 17 1 1 12
V 2 9 2 1
V 2 15 2 1
V 3 8 6 3
H 6 8 3 10
V 6 14 6 5
H 11 0 1 20
H 11 0 1 8
H 10 0 1 2
V 10 0 4 1
H 13 0 2 14
H 13 0 1 20
V 12 17 4 1
V 15 1 2 1
H 15 0 1 20
H 15 0 1 14
V 15 0 2 2
H 16 0 1 12
H 16 0 1 20
V 16 16 2 4
V 17 14 2 6
H 17 7 2 12
H 19 10 1 2
V 18 4 2 7
H 19 4 1 14
V 12 0 2 1
H 13 0 2 8
H 14 9 1 2
H 14 0 1 20
V 14 17 2 3
H 15 0 1 20
H 15 0 1 14
V 15 0 2 6
H 16 0 1 12
H 16 0 1 20
V 16 16 2 2
V 17 3 2 17
H 17 6 2 12
V 18 4 2 7
H 19 5 1 12
V 6 0 6 8
H 11 0 1 14
V 10 0 4 1
H 13 0 1 14
H 13 0 2 20
V 12 17 4 1
H 15 0 1 20
H 15 0 1 14
V 15 0 2 6
H 16 0 1 12
V 15 0 2 1
H 16 0 1 20
V 16 16 2 4
V 18 4 2 1
V 17 4 2 16
V 16 18 2 1
H 17 3 2 16
V 18 4 2 7
V 18 9 2 1
H 19 4 1 8
H 11 1 1 2
V 0 2 12 5
H 0 0 11 4
V 0 0 14 1
H 13 0 2 14
V 12 11 2 2
V 12 15 2 1
H 13 0 2 20
V 12 17 4 3
H 15 0 1 20
H 15 0 1 14
V 15 0 2 6
H 16 0 1 12
H 16 0 1 20
V 16 16 2 4
H 17 11 1 2
V 17 12 2 5
V 16 16 2 1
H 17 4 2 16
V 17 9 2 1
H 18 3 1 10
V 1 8 4 12
H 7 8 1 2
H 4 10 1 2
V 0 9 10 2
H 8 8 1 10
V 6 14 6 3
H 11 0 1 20
H 10 0 2 8
V 11 0 4 1
V 12 3 2 1
H 13 0 2 14
H 13 0 1 20
V 12 17 4 3
H 15 0 1 20
H 15 13 1 2
H 15 0 1 14
V 15 0 2 2
H 16 0 1 12
H 16 0 1 20
V 16 16 2 1
V 17 5 2 12
H 17 5 2 14
V 18 5 2 6
H 19 12 1 2
H 19 5 1 8
V 5 0 2 2
V 1 0 14 1
H 13 0 1 14
V 13 14 2 1
H 13 9 1 2
H 13 0 1 20
V 12 17 4 3
H 15 0 1 20
H 15 0 1 14
H 16 3 1 2
V 15 0 2 4
H 16 0 1 12
H 16 0 1 20
V 16 16 2 1
V 16 18 2 1
V 17 12 2 1
H 17 4 1 16
H 17 4 1 8
H 4 0 5 8
H 11 0 1 2
V 4 0 10 1
H 13 0 1 14
H 13 0 1 20
V 12 17 4 3
H 15 0 1 20
H 15 0 1 14
V 15 0 2 6
H 16 0 1 12
H 16 0 1 20
V 16 16 2 1
V 17 6 2 13
V 16 17 2 1
H 17 6 2 14
V 17 10 2 1
V 18 8 2 3
H 19 6 1 6
H 0 8 6 12
V 1 8 8 1
V 8 18 2 1
V 5 10 2 1
H 6 8 3 12
V 6 14 6 6
H 11 0 1 20
H 10 0 2 8
V 10 0 4 1
H 13 0 1 14
H 13 0 1 20
V 12 17 4 2
H 12 18 1 2
H 15 0 1 20
H 15 0 1 14
V 15 0 2 6
H 16 0 1 12
H 16 0 1 20
V 16 16 2 4
V 17 8 2 12
H 17 8 2 12
H 19 10 1 2
V 18 8 2 3
H 19 7 1 8
V 6 13 4 5
V 6 14 6 4
H 11 0 1 20
H 10 0 2 8
V 11 0 4 1
H 13 0 1 14
H 13 0 1 20
V 12 17 4 3
H 15 0 1 20
H 15 0 1 14
V 15 0 2 2
H 16 0 1 12
H 16 0 1 20
V 16 16 2 3
H 17 6 2 14
H 17 5 1 8
V 1 15 4 5
H 1 8 5 12
V 0 10 10 1
H 6 8 3 8
V 6 14 6 1
H 11 0 1 20
H 11 0 1 8
V 10 0 4 1
H 13 0 2 14
H 11 0 1 20
H 13 0 2 20
V 12 0 2 1
V 12 17 4 1
H 15 0 1 20
H 15 0 1 14
V 15 0 2 6
H 16 0 1 12
H 16 9 1 2
H 16 0 1 20
V 16 16 2 4
V 17 10 2 1
V 17 16 2 4
H 18 7 1 12
V 18 8 2 3
H 19 8 1 6
H 0 0 12 2
H 13 0 1 2
V 11 0 4 1
H 13 6 1 2
H 13 0 2 14
V 12 13 2 1
H 13 0 1 20
V 12 17 4 1
H 15 0 1 20
H 15 0 1 14
V 15 0 2 4
H 16 0 1 12
H 16 0 1 20
V 16 16 2 4
H 17 6 1 14
H 17 6 1 6
V 7 9 2 9
H 8 9 1 6
H 10 17 1 2
V 6 14 6 4
H 11 0 1 20
H 11 0 1 8
V 13 0 2 1
V 10 0 4 1
H 13 13 1 2
H 13 0 1 14
H 13 0 1 20
V 12 17 4 1
H 15 0 1 20
H 15 0 1 14
V 15 0 2 1
H 16 0 1 12
H 16 0 1 20
V 16 16 2 1
V 17 11 2 9
H 18 10 1 2
H 8 8 2 12
H 17 8 2 12
V 18 9 2 2
H 19 8 1 4
V 8 14 4 6
H 11 0 1 20
H 10 3 1 2
H 10 0 2 8
V 11 0 4 1
H 13 0 2 14
V 12 10 2 1
H 13 0 2 20
V 12 17 4 3
H 15 0 1 20
H 15 0 1 14
V 15 0 2 6
H 16 0 1 12
H 16 0 1 20
V 16 16 2 4
V 17 8 2 12
H 18 8 1 12
V 18 9 2 2
H 19 9 1 4
H 8 0 4 2
H 14 0 1 2
V 8 0 6 1
H 13 0 1 14
H 13 0 1 20
V 12 17 4 1
H 15 0 1 20
V 15 4 2 1
H 15 0 1 14
V 15 0 2 6
H 16 0 1 12
H 16 0 1 20
V 16 16 2 4
V 17 11 2 9
H 17 8 2 12
V 18 9 2 2
H 19 10 1 2
H 8 0 4 4
V 6 0 8 1
H 13 0 1 14
H 13 0 1 20
V 12 17 4 3
H 15 0 1 20
H 15 0 1 14
V 15 0 2 1
H 16 0 1 12
H 16 0 1 20
V 16 16 2 4
H 6 13 4 2
H 17 13 1 2
H 17 8 2 12
H 17 7 1 6
H 0 0 9 8
V 5 0 10 1
H 13 0 1 14
H 13 0 1 20
V 12 17 4 1
H 15 0 1 20
H 15 0 1 14
V 15 0 2 6
H 16 0 1 12
H 16 0 1 20
V 16 16 2 1
V 17 11 2 9
H 17 8 2 12
V 18 9 2 2
H 19 9 1 2
V 8 14 4 3
V 10 1 2 1
H 11 0 1 20
H 10 0 2 8
V 10 0 4 1
H 13 0 1 14
H 13 0 1 20
V 12 17 4 3
H 15 0 1 20
H 15 0 1 14
V 15 0 2 5
H 16 0 1 12
H 16 0 1 20
V 16 16 2 1
V 17 8 2 12
H 17 8 2 12
H 17 8 2 4
H 3 3 1 2
H 5 3 1 2
V 5 5 2 1
V 0 4 12 2
H 1 0 6 8
H 2 0 1 2
V 0 0 14 1
H 13 0 1 14
H 13 0 1 20
V 12 17 4 3
H 15 0 1 20
H 15 0 1 14
V 15 0 2 1
H 16 0 1 12
H 16 0 1 20
V 16 16 2 1
H 17 8 1 12
V 17 11 2 1
H 17 8 1 4
V 6 12 4 6
H 7 13 1 2
H 6 10 1 8
V 6 14 6 2
H 11 0 1 20
H 11 0 1 8
V 10 0 4 1
H 13 0 2 14
H 11 0 1 20
H 13 0 2 20
V 12 17 4 2
H 15 0 1 20
H 15 0 1 14
V 15 0 2 4
H 16 0 1 12
H 16 0 1 20
V 16 16 2 4
V 17 11 2 9
H 17 10 2 10
H 18 10 1 2
V 17 11 2 1
H 16 2 1 2
V 11 0 2 1
H 11 0 1 4
V 10 0 4 1
H 13 0 1 14
H 13 0 2 20
V 12 17 4 3
H 15 0 1 20
H 15 0 1 14
V 15 0 2 1
H 16 0 1 12
H 16 0 1 20
V 16 16 2 4
H 17 12 2 8
H 17 11 1 2
V 10 12 2 8
H 11 0 1 20
H 11 0 1 16
V 11 0 4 1
H 13 0 1 14
V 12 11 2 1
H 13 0 2 20
V 12 17 4 3
V 14 18 2 1
H 15 0 1 20
H 15 0 1 14
V 15 0 2 4
H 16 2 1 10
H 16 0 1 12
H 16 0 1 20
V 16 16 2 4
H 17 12 1 8
V 17 16 2 3
V 17 12 2 3
H 3 18 1 2
H 11 2 1 2
V 0 12 6 7
V 0 16 2 1
H 1 8 3 12
H 3 8 1 8
V 0 8 10 3
H 8 8 1 12
V 6 14 6 2
V 10 10 2 1
H 11 0 1 20
H 11 0 1 8
V 10 0 4 1
H 13 0 2 14
H 13 0 2 20
V 12 17 4 3
H 15 0 1 20
H 15 0 1 14
V 15 0 2 6
H 16 0 1 16
V 15 5 2 1
V 16 18 2 1
H 16 0 1 20
V 16 18 2 1
V 17 18 2 1
H 16 6 1 14
V 8 15 2 1
V 7 9 2 7
H 8 12 2 4
V 6 14 6 1
H 11 0 1 20
V 10 5 2 1
V 10 13 2 7
H 11 0 1 8
H 10 0 1 2
V 10 0 4 1
H 13 0 1 14
V 12 8 2 1
H 11 0 1 20
H 13 0 1 20
V 12 17 4 2
H 15 0 1 20
H 15 0 1 14
V 15 0 2 4
H 16 0 1 18
H 16 1 1 18
V 16 18 2 1
H 11 0 1 16
H 13 0 1 2
V 10 0 4 1
H 13 0 1 14
V 13 11 2 1
H 13 0 1 20
V 12 17 4 3
V 15 0 2 1
H 15 0 1 20
H 15 0 1 14
V 15 0 2 4
H 16 0 1 14
H 16 0 1 18
V 16 16 2 1
V 17 16 2 1
H 1 15 1 2
H 17 15 1 2
V 10 1 2 1
V 10 13 2 3
H 11 0 1 20
H 11 0 1 10
V 10 0 4 1
H 13 0 1 14
H 13 0 1 20
V 12 17 4 3
H 15 0 1 20
H 15 0 1 14
V 15 0 2 6
V 15 3 2 1
H 16 0 1 14
H 16 0 1 18
V 16 16 2 1
V 3 0 12 1
H 13 0 2 14
H 13 0 2 20
V 12 17 4 3
H 15 0 1 20
H 15 0 1 14
V 15 0 2 6
H 16 0 1 16
H 16 1 1 16
H 4 0 4 8
H 5 0 1 2
V 1 0 14 1
H 13 13 1 2
H 13 0 1 14
H 13 0 1 20
V 12 17 4 1
H 15 0 1 20
V 15 4 2 1
H 15 0 1 14
H 15 13 1 2
V 15 0 2 6
H 16 0 1 14
H 16 0 1 16
V 2 8 2 4
H 7 10 1 2
V 0 9 10 2
H 8 8 1 8
V 6 14 6 3
V 10 11 2 1
H 11 0 1 20
H 11 0 1 8
V 11 0 4 1
H 13 0 1 14
H 13 0 1 20
V 12 17 4 3
H 15 0 1 20
H 15 0 1 14
V 15 0 2 6
H 16 0 1 14
H 16 1 1 14
V 0 9 6 2
H 2 9 1 4
V 0 9 10 2
H 8 11 1 2
H 0 8 4 8
H 8 8 1 8
V 6 14 6 1
H 11 0 1 20
H 11 0 1 8
V 10 0 4 1
V 12 4 2 1
H 13 0 1 14
H 13 0 1 20
V 12 17 4 3
H 15 0 1 20
H 15 4 1 4
V 15 0 2 6
H 16 0 1 12
V 2 0 8 6
H 0 0 12 4
V 0 0 14 1
H 13 0 1 14
V 13 17 2 1
H 13 0 1 20
V 12 17 4 2
H 15 0 1 20
H 15 0 1 14
V 15 0 2 1
V 0 8 10 1
H 8 8 1 12
V 6 14 6 1
H 11 0 1 20
V 10 0 2 1
V 10 15 2 1
H 11 0 1 8
V 10 0 4 1
V 13 8 2 1
H 13 0 1 14
H 13 0 1 20
V 12 17 4 2
H 15 0 1 20
H 15 4 1 4
V 15 1 2 5
H 16 1 1 10
V 2 6 10 1
H 11 3 1 16
V 6 14 6 1
H 8 8 1 12
H 1 8 1 2
H 3 8 1 2
H 9 8 1 2
V 0 8 10 1
V 0 8 6 2
H 2 12 1 2
H 0 8 4 10
H 0 8 2 12
H 4 8 2 12
H 9 0 3 6
V 10 0 4 1
H 13 0 1 14
H 13 0 2 20
V 12 17 4 3
H 15 1 1 18
V 15 5 2 1
H 15 4 1 6
V 15 1 2 5
H 16 2 1 8
H 4 8 1 6
V 2 8 8 1
H 8 8 1 12
V 6 14 6 1
H 11 0 1 20
H 10 0 2 8
V 10 0 4 1
H 13 0 2 14
H 13 0 1 20
V 12 17 4 1
V 15 2 2 1
H 15 1 1 18
V 15 2 2 1
H 15 1 1 14
V 15 1 2 1
H 9 8 1 12
V 9 14 2 1
V 8 8 2 1
H 9 8 1 10
V 0 8 10 1
V 0 8 8 1
H 0 8 2 10
H 0 9 2 10
V 3 0 4 7
V 0 0 14 1
H 13 3 1 6
H 13 0 2 14
H 14 9 1 2
H 13 0 2 20
H 15 16 1 2
V 12 17 4 3
H 15 1 1 18
H 15 3 1 6
V 15 2 2 4
H 16 3 1 6
H 16 2 1 2
V 3 11 2 1
V 0 11 4 7
H 4 10 1 2
H 0 8 6 6
H 4 9 1 2
V 0 8 10 2
H 6 8 3 12
V 6 14 6 3
V 10 16 2 1
H 11 0 1 20
H 11 0 1 8
V 10 0 4 1
H 13 0 2 14
H 13 0 1 20
V 12 17 4 3
H 15 1 1 18
H 15 1 1 14
H 3 9 1 2
V 8 15 2 1
H 9 12 1 4
V 8 14 4 6
V 7 16 2 1
V 9 16 2 1
H 11 0 1 20
H 11 0 1 8
V 11 0 4 1
H 13 0 1 14
H 13 0 1 20
V 12 17 4 2
H 15 6 1 8
H 15 3 1 16
H 15 3 1 8
V 15 4 2 2
H 16 4 1 4
V 1 5 8 2
V 0 5 12 2
H 11 0 1 18
V 6 14 6 2
V 6 13 4 3
H 8 13 1 2
H 6 8 3 12
V 8 19 2 1
V 2 8 8 3
H 2 8 4 10
H 2 8 4 12
V 1 15 2 1
H 16 5 1 2
V 15 4 2 2
H 15 3 1 8
V 15 5 2 1
H 15 3 1 16
V 12 17 4 2
H 13 0 1 20
H 13 0 1 14
V 10 0 4 1
H 11 0 1 8
H 11 0 1 20
V 6 14 6 5
H 8 8 2 12
V 0 8 10 1
V 0 8 6 2
H 1 15 1 2
H 0 8 2 8
H 1 12 1 2
H 0 8 2 10
V 15 4 2 2
H 15 3 1 2
V 8 1 4 7
H 11 0 1 18
V 8 14 2 1
V 6 14 6 3
H 8 8 2 8
V 0 8 10 3
H 3 8 3 12
V 0 15 6 2
H 5 16 1 2
H 11 7 1 2
V 11 0 2 1
V 10 0 2 8
V 10 16 2 1
H 9 3 3 2
H 11 0 1 20
V 6 14 6 1
V 6 13 4 4
H 6 8 1 12
V 0 8 8 3
H 2 8 2 10
H 2 9 2 10
V 3 3 4 4
V 0 5 12 2
H 3 4 1 2
H 6 4 1 2
H 11 0 1 16
V 6 14 6 6
H 8 8 2 12
V 0 8 10 1
H 3 8 3 10
V 2 10 2 1
H 3 8 3 12
V 7 13 2 5
H 6 13 4 2
V 6 14 6 2
V 8 4 4 1
H 11 0 1 20
H 8 0 4 8
V 10 0 4 1
H 13 0 1 14
H 13 0 1 20
V 12 17 4 2
H 15 4 1 16
H 15 4 1 8
V 15 5 2 1
H 16 5 1 2
H 0 14 1 2
V 10 17 2 1
H 11 0 1 20
H 4 0 8 6
V 10 0 4 1
H 13 0 2 14
H 13 0 1 20
V 12 17 4 1
H 15 11 1 2
H 15 5 1 14
H 15 5 1 10
V 15 5 2 1
H 3 16 1 2
V 4 4 2 1
V 4 8 2 1
V 4 18 2 1
V 6 9 2 1
V 8 14 2 1
H 7 8 2 12
V 8 9 2 1
H 7 8 2 8
V 0 8 10 1
V 2 15 2 2
H 1 8 2 8
H 2 9 1 8
H 13 0 1 18
V 11 0 4 1
H 6 0 6 8
H 11 9 1 2
H 11 0 1 20
H 6 13 1 2
V 6 14 6 2
H 8 8 2 12
V 3 8 6 3
V 2 10 6 1
H 5 8 1 10
H 5 8 1 12
V 11 0 2 1
H 12 0 2 20
H 12 0 2 16
V 1 15 2 1
V 6 15 4 5
V 6 16 6 4
H 11 9 1 2
H 11 0 1 20
H 11 0 1 18
V 10 0 4 1
V 12 10 2 1
H 13 0 2 14
H 13 0 1 20
V 12 17 4 3
H 15 18 1 2
H 15 5 1 14
H 15 5 1 10
V 10 3 2 1
H 11 2 1 18
V 6 14 6 1
H 7 10 3 8
H 2 10 1 2
V 0 10 10 1
H 3 8 1 8
V 1 13 4 2
V 10 0 2 8
V 10 17 2 1
H 11 0 1 8
H 11 0 1 20
V 6 14 6 1
H 8 8 1 12
H 4 10 1 2
V 1 8 8 3
V 3 10 2 1
H 4 8 1 8
H 4 8 1 10
H 12 0 1 6
V 11 0 2 1
H 11 0 1 8
V 10 16 2 1
H 11 0 1 20
V 6 14 6 1
V 8 1 2 1
V 8 19 2 1
H 7 8 2 12
V 3 8 6 1
H 5 8 1 10
H 5 9 1 10
H 5 16 1 2
V 4 16 2 1
V 13 9 2 1
H 14 0 1 12
V 9 0 6 1
H 11 0 1 8
V 10 6 2 1
V 10 14 2 1
H 11 0 1 20
V 6 14 6 2
H 8 9 1 10
V 0 9 10 1
H 8 9 1 2
V 1 10 2 1
H 2 8 4 4
H 3 8 1 8
H 11 0 1 14
H 12 0 1 2
V 11 0 4 1
V 12 5 2 1
H 13 0 2 14
H 13 0 2 20
V 12 17 4 1
H 15 7 1 12
H 15 7 1 8
V 0 0 8 2
V 0 11 2 1
H 2 12 1 2
H 3 11 3 4
V 1 12 4 1
H 4 4 1 2
V 0 5 12 2
H 11 2 1 18
V 6 1 6 6
V 6 14 6 2
V 8 10 2 1
V 8 16 2 1
V 7 11 2 1
H 8 8 1 10
H 6 10 1 2
V 0 9 10 2
H 1 10 1 2
V 0 9 6 2
H 11 4 1 16
H 6 13 1 2
V 8 17 2 1
V 6 14 6 6
H 7 8 3 12
V 2 8 8 1
H 5 10 1 2
H 3 8 3 6
H 4 8 2 8
H 3 0 9 2
V 7 0 8 1
V 12 1 2 1
H 12 0 2 14
H 13 0 2 20
V 12 17 4 3
H 15 8 1 12
H 15 8 1 6
V 2 8 6 1
H 9 14 1 2
V 10 0 2 8
H 11 0 1 6
V 10 1 2 1
H 11 0 1 20
H 13 0 1 20
H 10 13 1 2
V 8 14 2 1
V 6 14 6 1
V 6 10 2 2
H 7 9 2 10
V 2 9 8 2
H 2 9 4 4
H 5 8 1 2
H 4 9 2 6
V 2 9 8 2
V 4 0 2 8
V 0 0 12 2
H 4 1 8 6
V 10 15 2 1
H 11 0 1 20
H 8 13 1 6
V 6 14 6 1
H 8 8 2 12
V 3 8 6 3
H 4 8 2 6
H 5 9 1 6
V 11 0 2 1
H 10 0 2 8
H 11 0 1 20
V 6 14 6 4
H 6 8 3 8
V 2 10 8 1
V 4 9 4 1
H 4 8 1 6
V 3 10 2 1
H 12 0 2 12
V 11 0 4 1
H 11 0 1 8
H 11 0 1 20
H 6 13 1 2
H 7 15 1 2
V 6 14 6 2
V 6 10 4 10
V 5 10 2 1
H 6 8 1 12
H 4 10 1 2
V 3 8 6 3
H 6 8 4 2
H 5 9 1 2
H 9 9 1 2
V 3 9 6 1
H 7 1 1 2
H 4 0 5 4
H 9 0 1 2
V 5 0 10 1
H 13 0 1 14
H 13 0 1 20
V 12 17 4 1
H 15 11 1 8
H 15 11 1 4
H 5 11 1 2
H 4 9 3 2
V 3 10 2 1
H 8 10 1 2
V 4 10 6 1
V 6 8 2 1
H 6 9 1 2
H 6 10 2 10
V 7 8 2 1
H 8 8 1 8
V 6 14 6 1
H 11 0 1 20
H 11 9 1 2
H 11 0 1 8
V 10 0 4 1
V 12 1 2 1
H 13 0 2 14
H 13 0 2 20
V 12 17 4 1
H 15 14 1 6
V 7 9 2 11
H 8 8 1 2
V 6 10 4 1
H 7 9 1 2
V 6 13 2 3
V 6 18 2 1
H 8 12 1 8
V 13 15 2 1
V 12 0 2 20
H 13 14 1 6
V 12 17 4 2
H 4 5 1 2
H 12 0 3 2
H 13 1 1 2
V 11 0 2 1
H 11 15 1 2
H 11 0 1 16
V 11 0 2 1
H 11 0 1 20
V 8 14 4 5
V 10 18 2 1
H 10 16 1 2
V 7 14 4 2
V 7 17 4 2
H 14 18 1 2
V 13 18 2 1
H 12 0 2 12
V 7 11 2 1
H 11 0 1 18
V 10 0 4 1
H 12 0 2 14
H 12 0 2 20
V 12 17 4 1
H 6 13 1 2
H 9 10 1 4
V 8 11 2 1
H 9 11 1 8
H 14 5 1 6
H 13 0 2 18
V 4 6 2 1
V 0 4 10 3
V 0 4 12 1
H 11 0 1 20
V 6 14 6 1
H 7 15 1 2
H 14 15 1 2
V 7 12 2 4
H 9 11 1 2
H 7 12 3 4
H 13 0 2 14
V 10 0 4 1
H 11 0 1 10
V 10 0 2 1
V 10 14 2 1
H 11 0 1 20
V 6 14 6 2
V 6 14 4 2
V 13 4 2 1
H 13 0 1 10
V 10 0 4 1
H 11 0 1 12
H 11 0 1 20
H 9 13 1 2
V 8 14 4 3
V 7 16 4 1
V 4 2 2 6
V 0 4 12 3
V 10 5 2 1
H 11 0 1 12
V 10 0 4 1
H 12 0 2 18
V 13 12 2 1
H 12 1 2 18
V 2 5 10 3
H 11 2 1 18
V 6 14 6 1
V 7 6 2 1
H 8 13 2 2
V 7 13 2 2
V 0 5 10 1
H 3 3 1 2
V 0 4 12 2
V 10 8 2 1
H 11 2 1 18
V 8 14 4 2
V 8 12 2 5
H 8 12 2 4
V 13 2 2 1
V 13 4 2 1
H 14 0 1 10
H 14 4 1 2
V 9 0 6 1
V 10 4 2 1
V 10 10 2 1
H 11 0 1 16
V 10 7 2 1
H 11 0 1 20
V 10 9 2 1
V 10 17 2 2
H 12 0 1 18
H 12 9 1 2
H 12 0 1 10
V 11 0 2 1
H 11 0 1 14
H 11 0 1 18
H 10 16 1 2
V 8 0 4 4
V 8 15 4 2
V 8 16 2 1
V 12 9 2 1
V 13 0 2 12
H 13 5 1 2
H 12 4 3 4
H 13 0 2 16
H 11 0 1 10
H 13 0 2 10
H 11 0 1 18
V 8 14 4 2
H 9 12 1 4
V 8 13 2 1
V 10 0 4 1
H 11 0 1 10
H 11 0 1 18
H 9 14 1 2
V 8 14 4 1
V 10 8 2 1
V 10 13 2 4
H 11 0 1 18
H 11 0 1 10
V 11 0 2 1
H 12 0 1 16
V 12 2 2 1
H 12 0 1 18
V 2 3 4 1
V 4 3 2 2
H 5 0 2 8
V 0 0 14 1
H 12 0 1 16
H 12 1 1 16
H 11 13 1 2
V 10 13 2 2
H 11 13 1 4
V 13 0 2 4
H 14 0 1 12
H 14 0 1 14
V 11 0 2 1
V 12 13 2 1
H 12 0 1 14
H 12 0 1 16
H 9 13 1 4
V 9 14 2 2
H 13 12 1 2
V 4 5 8 3
V 10 5 2 1
V 10 13 2 1
H 11 1 1 14
V 12 12 2 1
H 7 0 4 4
V 7 0 8 1
H 13 0 2 10
H 13 0 2 12
V 11 0 2 1
V 12 3 2 1
V 12 8 2 1
H 12 0 1 12
V 12 5 2 1
H 12 0 1 14
H 12 3 1 10
V 12 0 2 12
H 12 10 2 2
V 13 10 2 1
H 13 9 1 2
V 1 3 10 2
H 5 0 6 8
H 11 0 1 2
V 1 0 14 1
H 14 0 1 8
H 14 0 1 10
V 12 10 2 1
H 11 3 1 8
V 10 0 2 8
V 10 10 2 1
H 11 9 1 2
V 10 9 2 1
H 11 5 1 6
H 0 0 12 2
H 12 0 1 2
V 9 0 6 1
H 13 0 2 6
V 13 5 2 1
H 14 0 1 8
H 11 7 1 2
V 10 8 2 1
H 11 8 1 2
H 12 0 3 4
H 14 3 1 2
H 13 1 2 6
V 2 7 10 1
H 11 7 1 2
V 13 4 2 1
H 12 2 2 4
H 11 6 1 2
V 6 7 6 1
H 12 5 1 2
H 9 0 2 8
V 6 0 2 5
V 3 2 4 1
H 5 0 5 4
V 1 0 14 1
H 0 1 1 2
H 14 1 1 2
H 14 0 1 2
H 13 0 2 4
H 12 4 1 2
V 9 0 2 7
H 10 5 1 2
V 12 0 2 4
H 12 3 1 2
V 0 0 12 1
H 3 0 1 2
V 0 0 14 1
H 5 0 1 2
H 12 0 3 2
H 12 0 2 4
V 6 2 2 1
H 7 2 2 6
H 7 0 1 6
H 9 4 1 2
V 7 5 4 1
H 6 4 1 4
V 1 3 2 1
V 2 3 8 4
H 9 5 1 2
H 0 0 11 2
V 4 0 2 1
V 5 0 10 1
H 14 0 1 2
V 10 2 2 2
H 7 4 1 4
V 5 4 6 1
V 7 0 8 1
H 12 0 2 2
H 12 1 1 2
V 8 0 2 6
H 8 0 2 6
H 7 1 2 6
V 4 4 4 1
V 0 4 6 3
V 0 4 10 2
H 9 4 1 2
H 8 0 1 6
H 12 0 1 2
V 12 0 2 1
V 4 0 6 5
H 5 3 3 4
V 6 3 2 1
V 7 0 4 4
H 10 2 1 2
H 2 0 1 4
H 7 0 2 4
V 5 0 8 1
H 12 0 1 2
V 10 0 2 2
H 4 1 1 2
H 10 1 1 2
V 5 0 2 6
V 5 2 2 1
H 2 2 4 6
H 0 6 5 2
H 3 6 1 2
V 0 4 6 3
V 1 3 6 4
H 2 5 1 2
H 1 0 3 6
H 3 1 1 2
V 1 0 10 2
V 1 0 12 1
V 6 0 2 5
H 5 0 4 4
H 6 0 1 6
H 0 1 5 6
H 0 4 1 2
V 0 4 8 1
V 1 2 8 2
V 0 0 6 5
H 8 0 1 2
V 0 0 12 1
H 3 3 2 2
V 2 3 6 1
H 6 1 1 2
H 1 0 8 2
V 5 0 6 1
H 4 1 1 2
H 0 2 7 2
H 3 0 1 8
V 0 4 6 2
V 1 4 6 1
H 1 6 1 2
V 4 1 2 1
V 4 3 2 1
V 1 0 4 7
V 1 0 8 3
H 4 5 1 2
V 8 0 2 1
H 1 4 2 2
V 0 0 6 5
V 2 1 2 1
V 3 0 4 3
H 4 0 1 6
V 2 2 2 1
H 4 1 1 2
V 1 2 4 1
V 1 2 6 1
H 3 1 1 2
H 1 0 4 4
H 1 0 1 8
V 2 0 6 2
V 7 0 2 1
H 2 4 1 2
V 2 0 2 2
V 2 4 2 1
V 6 0 2 1
H 6 0 1 2
V 1 2 2 3
H 3 2 1 2
V 1 3 4 1
V 0 0 2 7
H 0 1 2 6
H 0 0 1 2
V 0 0 8 1
V 1 0 2 5
H 2 3 1 2
H 1 2 1 4
H 0 0 3 4
H 1 2 1 2
V 1 0 4 3
V 1 0 6 1
V 1 2 2 1
V 0 0 2 4
H 1 3 1 2
H 0 2 3 2
H 3 0 1 2
V 3 1 2 1
V 2 2 2 1
H 2 1 1 2
H 3 0 1 2
V 0 1 2 1
H 0 0 1 4
