H 11 8 1 2
H 12 9 1 2
V 11 2 2 1
V 11 7 2 1
V 6 13 2 1
H 4 0 3 14
V 3 0 10 1
H 10 0 1 8
V 10 4 2 2
H 11 7 1 2
V 11 4 4 4
H 11 4 3 4
V 12 9 2 1
H 13 4 2 16
V 12 14 4 6
H 15 4 1 16
V 16 6 2 1
H 15 10 1 2
V 15 4 2 7
V 15 4 4 3
H 17 4 2 10
H 17 4 2 16
V 18 19 2 1
H 19 4 1 16
H 19 4 1 14
H 9 0 1 16
V 9 0 2 1
H 10 0 1 8
V 11 4 2 1
V 10 4 2 2
V 11 4 4 3
H 12 4 2 4
V 12 8 2 1
H 13 4 1 16
V 12 14 4 3
H 15 4 1 16
V 15 4 2 3
V 15 6 4 1
H 18 4 1 10
H 17 4 2 16
V 18 19 2 1
H 19 6 1 14
H 19 5 1 14
V 18 19 2 1
V 17 4 2 16
H 17 18 1 2
H 6 0 3 20
H 5 0 3 8
V 7 0 6 2
H 10 0 1 8
V 10 4 2 2
V 10 4 4 1
H 12 4 2 4
H 13 4 1 16
V 12 14 4 3
H 15 4 1 16
V 15 4 2 5
V 15 4 4 3
H 17 4 2 10
V 17 15 2 1
H 18 4 1 16
V 18 19 2 1
H 19 6 1 14
H 19 6 1 12
H 5 0 1 20
V 8 4 2 1
H 5 0 4 14
V 3 0 10 2
H 10 0 1 8
V 10 4 2 2
V 11 4 4 3
H 12 4 2 4
H 13 4 1 16
V 12 14 4 2
H 15 4 1 16
V 14 14 2 1
V 15 4 2 3
V 15 4 4 3
H 18 4 1 10
H 18 4 1 16
V 18 19 2 1
H 19 8 1 12
H 19 7 1 12
H 0 2 2 10
V 1 10 2 2
V 1 17 2 1
H 2 10 1 4
H 2 10 1 10
V 2 17 2 3
V 2 18 2 1
V 4 13 2 1
H 3 0 2 20
H 3 0 3 14
V 3 0 14 2
H 10 0 1 8
V 10 4 2 2
V 10 4 4 2
H 12 4 2 4
H 13 4 1 16
H 15 13 1 2
V 12 14 4 1
H 15 4 1 16
V 15 4 2 5
V 15 4 4 3
H 18 5 1 10
H 18 4 1 16
V 18 19 2 1
H 19 8 1 12
H 19 8 1 10
H 10 0 1 4
H 6 1 1 2
V 6 0 14 2
H 10 1 1 6
V 10 4 2 2
V 11 4 4 1
H 12 4 2 4
H 13 4 1 16
V 12 14 4 2
H 15 4 1 16
V 15 4 2 3
V 15 4 4 3
H 18 4 1 10
V 17 6 2 1
V 17 17 2 1
H 18 4 1 16
V 18 19 2 1
H 19 10 1 10
H 19 9 1 10
V 7 7 2 1
H 8 0 1 12
V 7 0 4 2
H 10 0 1 8
V 10 4 2 2
V 10 4 4 1
H 13 7 1 2
H 11 4 3 4
V 13 15 2 1
H 13 4 1 16
V 12 14 4 1
V 14 16 2 1
H 15 4 1 16
H 16 8 1 2
V 15 6 2 3
V 15 6 4 1
H 18 5 1 10
H 18 4 1 16
V 18 19 2 1
H 19 10 1 10
H 19 10 1 8
V 8 8 2 1
H 3 0 6 12
H 6 1 1 2
V 3 0 14 2
H 10 0 1 8
V 10 4 2 1
V 11 4 4 3
H 11 4 3 4
H 13 4 1 16
H 14 11 1 6
V 12 14 4 2
V 14 17 2 1
H 15 4 1 16
V 15 6 2 3
V 15 6 4 1
H 18 5 1 10
V 17 16 2 1
H 16 4 1 16
H 18 4 1 16
V 18 19 2 1
H 19 12 1 8
H 19 11 1 8
H 15 4 2 6
V 15 4 4 1
H 15 4 1 2
H 18 4 1 14
H 18 4 1 16
V 18 19 2 1
H 19 12 1 8
H 19 12 1 6
V 8 0 6 2
H 10 0 1 8
V 11 5 2 1
V 10 1 2 1
V 10 4 2 2
V 11 4 4 3
H 12 4 2 4
H 13 4 1 16
V 12 14 4 1
V 14 18 2 1
H 15 4 1 16
V 15 4 2 7
V 15 6 4 1
H 18 4 1 10
H 18 4 1 16
V 18 19 2 1
H 15 13 1 2
H 19 13 1 2
H 19 14 1 6
H 19 13 1 6
V 7 0 12 1
H 10 0 1 8
V 10 4 2 2
H 12 6 1 2
V 11 4 4 3
H 13 7 1 2
H 11 4 3 4
V 13 15 2 1
H 13 4 1 16
V 12 14 4 3
H 15 4 1 16
V 15 4 2 3
V 15 6 4 1
H 18 4 1 10
H 18 4 1 16
V 18 19 2 1
H 19 14 1 6
H 19 14 1 4
H 10 1 1 16
H 10 2 1 6
V 10 4 2 2
V 10 4 4 2
H 11 4 3 4
H 12 4 2 16
V 12 14 4 1
H 15 4 1 16
V 15 4 2 3
V 15 6 4 1
H 18 4 1 10
H 18 4 1 16
V 18 19 2 1
H 19 16 1 4
H 19 18 1 2
H 19 15 1 4
V 7 1 10 1
H 10 0 1 6
V 10 4 2 2
V 11 4 4 4
H 11 4 4 4
H 13 4 2 16
V 12 14 4 6
H 15 4 1 16
V 15 4 2 3
H 18 6 1 2
V 15 6 4 1
H 18 6 1 10
H 18 4 1 16
V 18 19 2 1
H 9 15 1 2
H 5 0 5 16
V 9 0 2 2
H 10 0 1 6
V 10 4 2 2
V 10 4 4 1
H 12 4 3 4
H 13 4 1 16
V 12 14 4 3
H 15 4 1 16
H 16 5 2 2
V 15 4 2 3
V 15 6 4 1
H 18 4 1 10
H 18 4 1 16
H 19 16 1 4
H 19 17 1 2
V 18 19 2 1
H 19 16 1 4
H 16 9 1 2
H 15 4 2 6
V 15 4 4 1
V 17 11 2 1
V 17 15 2 1
H 18 4 1 14
V 17 6 2 2
H 18 4 1 16
V 18 19 2 1
H 19 18 1 2
V 6 19 2 1
H 7 0 2 20
V 6 0 6 2
H 10 1 1 6
V 10 4 2 2
V 10 4 4 1
H 13 4 1 4
H 13 4 1 16
H 15 13 1 2
V 12 14 4 1
H 15 4 1 16
V 15 4 2 7
V 15 6 4 1
H 18 4 1 10
H 18 4 1 16
V 18 19 2 1
H 8 1 2 16
H 3 0 7 10
V 9 0 2 2
H 10 0 1 8
V 10 1 2 1
V 10 4 2 2
V 10 4 4 1
H 13 4 1 4
H 13 4 1 16
V 12 14 4 1
H 15 4 1 16
V 14 15 2 1
V 15 4 2 7
H 17 6 1 2
H 18 6 1 4
V 15 4 4 3
H 18 4 1 10
H 18 4 1 16
H 18 17 1 2
V 10 3 10 1
V 10 3 6 1
H 10 3 1 2
V 10 4 2 2
V 10 4 4 2
H 12 4 2 4
H 13 4 1 16
V 12 14 4 1
H 15 4 1 16
V 15 4 2 7
V 15 4 4 3
H 17 4 2 8
V 17 4 2 1
H 18 4 1 14
H 1 3 1 8
V 1 10 2 2
V 1 12 2 1
H 2 10 1 4
H 2 10 1 10
V 2 17 2 2
V 3 11 2 1
H 3 0 1 20
H 3 0 1 14
V 3 0 14 1
H 10 0 1 8
V 10 4 2 2
V 11 4 4 3
H 11 4 3 4
H 13 4 2 16
V 12 14 4 1
H 15 4 1 16
V 15 4 4 3
H 17 4 2 10
V 17 5 2 1
V 17 9 2 1
H 17 5 1 14
V 10 3 10 1
V 10 3 8 1
H 10 4 1 2
H 10 3 1 2
V 10 3 2 1
V 10 4 2 1
V 10 4 4 1
H 11 4 3 4
V 12 13 2 1
H 13 4 1 16
V 12 14 4 1
H 15 11 1 2
V 15 6 2 1
H 15 4 1 16
H 16 6 1 2
V 15 4 4 3
H 18 5 1 2
H 17 6 2 8
H 17 4 1 14
H 18 15 1 2
V 12 6 2 14
V 12 18 4 2
H 15 4 1 16
V 15 5 2 6
H 16 4 1 12
V 15 4 4 3
H 17 4 2 10
H 18 5 1 10
V 7 0 2 1
V 3 0 10 2
H 10 0 1 6
V 10 4 2 1
V 10 4 4 2
H 12 4 2 4
H 13 4 1 16
H 12 13 1 2
V 12 14 4 1
H 15 4 1 16
V 15 6 4 1
H 17 4 2 6
H 17 5 1 10
H 17 7 2 2
H 17 4 1 10
V 11 4 2 1
H 11 4 1 14
V 11 6 4 1
H 13 4 2 16
V 12 14 4 1
H 15 4 1 16
V 15 4 2 3
V 15 4 4 3
H 17 6 2 4
H 18 5 1 8
H 18 10 1 2
H 2 10 1 10
V 2 17 2 3
V 3 8 4 1
H 3 0 1 20
H 3 0 6 14
H 10 0 1 2
V 3 0 14 1
H 13 0 1 2
H 10 0 1 8
V 10 4 2 2
V 11 4 4 3
V 10 4 2 1
H 11 4 3 4
H 11 7 1 2
H 13 4 1 16
H 15 13 1 2
V 12 14 4 1
H 15 4 1 16
V 15 4 4 3
H 17 5 2 4
H 17 5 1 8
V 10 0 8 3
H 10 1 1 4
V 10 4 2 2
V 11 4 4 3
H 13 4 1 4
H 13 4 1 16
V 12 14 4 1
H 15 4 1 16
V 15 4 4 3
H 17 4 1 8
V 17 9 2 2
H 0 0 2 12
V 1 10 2 2
H 2 10 1 4
V 1 13 2 1
H 2 10 1 10
V 2 17 2 2
H 3 0 2 20
H 3 0 1 14
V 16 0 2 1
V 16 6 2 1
V 3 0 14 2
H 10 0 1 8
V 10 4 2 2
H 13 4 1 2
V 10 4 4 1
H 11 4 3 4
H 13 4 1 16
V 12 14 4 1
H 15 4 1 16
V 15 4 4 3
H 17 6 2 2
H 17 4 1 8
H 6 0 2 20
H 7 0 1 12
V 7 10 2 1
V 5 0 6 2
H 10 0 1 8
V 10 1 2 2
V 10 4 2 2
V 11 4 4 3
H 12 7 1 2
H 11 4 4 4
V 12 8 2 1
H 13 4 1 16
V 12 14 4 3
H 15 4 1 16
V 15 4 2 5
H 16 5 1 10
H 16 4 1 16
H 10 0 1 6
V 10 4 2 2
V 10 4 4 2
H 12 4 3 4
H 13 4 1 16
V 12 14 4 1
V 14 18 2 1
H 15 4 1 16
V 16 4 2 1
V 16 6 2 1
V 15 5 2 6
H 16 4 1 10
H 16 5 1 14
H 9 0 1 2
H 7 1 3 16
H 9 0 1 16
V 9 0 2 1
H 10 0 1 8
V 10 4 2 2
V 10 4 4 2
H 11 4 4 4
H 13 4 1 16
V 12 14 4 1
H 15 4 1 16
V 15 4 2 7
V 15 4 4 3
H 17 4 2 4
H 5 0 1 20
H 9 2 1 2
H 3 0 7 6
V 5 0 10 2
H 10 0 1 8
V 10 4 2 1
V 10 4 4 1
H 11 4 4 4
H 13 4 1 16
V 12 14 4 2
V 14 17 2 1
H 15 4 1 16
V 15 4 2 3
V 15 5 4 2
H 17 5 2 4
V 8 1 10 1
H 10 0 1 6
V 10 4 2 2
V 10 4 4 2
H 12 4 3 4
H 13 4 2 16
H 15 13 1 2
V 12 14 4 6
H 15 7 1 8
V 15 8 2 3
H 16 4 1 14
H 10 3 1 2
V 10 3 10 1
V 10 3 4 1
H 10 3 1 2
V 10 4 2 2
V 10 4 4 2
H 13 4 1 4
H 13 4 1 16
V 12 14 4 4
V 15 6 2 1
H 15 4 1 16
V 15 5 4 2
H 17 4 1 4
V 10 3 8 1
H 10 3 1 2
V 10 4 2 2
V 10 4 4 2
H 12 4 2 4
H 12 4 2 16
V 12 14 4 1
H 15 4 1 16
V 15 5 4 2
H 17 5 1 4
V 5 5 2 1
H 3 0 3 6
V 3 0 14 1
H 10 0 1 8
V 10 4 2 2
H 13 5 1 2
V 10 4 4 2
H 13 4 1 4
H 12 4 2 16
V 12 14 4 1
H 15 4 1 16
V 15 4 2 5
V 16 5 2 1
V 15 5 4 2
H 18 5 1 2
V 10 0 10 1
H 10 0 1 8
V 10 4 2 2
V 11 4 4 1
H 12 4 3 4
H 14 7 1 2
H 13 4 1 16
V 12 14 4 1
H 15 4 1 16
V 15 4 2 5
H 15 5 1 2
H 15 4 2 4
H 5 0 2 20
V 6 5 2 1
V 6 10 2 1
V 3 0 8 2
H 10 0 1 8
V 10 4 2 2
V 10 4 4 2
H 12 4 2 4
H 13 4 1 16
V 12 14 4 1
V 14 15 2 1
H 15 4 1 16
V 15 5 2 4
V 16 5 2 2
H 17 6 1 2
H 3 0 1 20
H 3 0 2 6
V 3 0 14 1
H 6 0 1 8
H 10 0 1 8
V 10 4 2 2
V 10 4 4 2
H 12 4 2 4
H 13 4 1 16
V 12 14 4 1
H 15 5 1 14
V 15 5 2 4
V 16 6 2 1
H 15 5 2 4
V 16 5 2 1
V 15 5 2 1
V 15 7 2 1
V 4 0 8 2
H 10 0 1 8
V 10 4 2 2
V 10 4 4 2
H 12 4 2 4
H 13 4 1 16
V 12 14 4 3
H 3 17 1 2
H 15 17 1 2
H 15 10 1 8
V 15 10 2 1
H 16 6 1 10
V 4 8 2 2
H 4 0 1 20
H 4 0 1 6
H 7 1 1 2
V 4 0 12 2
H 10 0 1 8
V 10 4 2 2
V 10 4 4 2
H 12 4 2 4
H 13 4 1 16
V 12 14 4 1
H 15 5 1 14
V 15 6 2 3
H 15 6 2 2
V 16 6 2 1
H 3 0 2 18
V 9 0 2 1
H 13 1 1 2
V 3 0 14 2
H 10 0 1 8
V 10 4 2 2
V 10 4 4 2
V 11 7 2 1
H 12 4 2 4
H 13 4 1 16
V 12 14 4 1
H 15 6 1 14
V 15 6 2 3
H 16 6 1 2
H 16 8 1 6
V 8 1 4 1
H 10 0 1 6
V 10 4 2 2
V 10 4 4 2
H 12 4 2 4
H 13 4 1 16
V 12 14 4 1
H 15 6 1 14
V 15 7 2 1
V 5 19 6 1
V 7 15 2 1
H 6 9 1 2
H 5 0 3 20
V 4 14 2 1
V 6 10 2 1
H 7 0 1 18
V 5 0 6 2
H 10 0 1 8
V 10 4 2 2
V 10 4 4 2
V 11 5 2 1
H 12 4 2 4
H 12 4 2 16
V 12 14 4 1
H 15 6 1 14
H 15 6 1 2
V 4 0 14 1
H 10 0 1 8
V 10 4 2 2
V 10 4 4 1
H 12 4 2 4
H 13 4 1 16
H 14 14 1 6
V 12 14 4 1
H 15 8 1 12
V 15 8 2 1
H 8 0 1 20
H 3 0 6 4
V 8 0 4 2
H 10 0 1 8
V 10 4 2 2
V 10 4 4 2
H 13 4 1 4
V 13 15 2 1
H 13 4 1 16
V 12 14 4 1
H 15 8 1 8
V 15 9 2 2
H 16 9 1 4
H 3 0 1 20
H 3 0 1 14
V 3 0 14 2
H 10 0 1 8
V 10 4 2 2
V 10 4 4 2
H 13 4 1 4
H 13 4 1 16
V 12 14 4 1
H 15 10 1 8
V 15 10 2 1
H 16 10 1 2
V 15 10 2 1
H 15 18 1 2
H 3 16 2 2
V 2 17 2 3
H 2 10 1 10
H 2 13 1 2
H 2 10 1 4
V 0 10 2 1
V 1 10 2 2
H 0 0 2 12
V 1 0 2 10
H 0 0 3 8
H 7 9 1 2
V 3 11 2 1
V 4 10 6 5
V 3 10 6 5
V 3 14 2 1
H 3 6 1 12
V 2 17 2 2
H 2 10 1 10
H 2 10 1 4
V 1 5 2 1
V 1 10 2 2
V 0 3 2 9
V 1 4 2 1
H 0 0 2 12
H 0 7 1 2
H 6 7 1 2
H 0 0 2 8
H 14 4 1 14
H 14 4 1 16
H 3 10 2 8
V 3 8 2 1
V 3 18 2 1
V 2 17 2 2
H 2 10 1 10
H 2 10 1 4
V 1 10 2 2
H 1 0 1 12
H 1 0 1 8
H 7 0 3 14
V 9 0 2 2
H 10 0 1 8
V 10 4 2 2
V 10 4 4 1
H 13 4 1 4
H 11 4 1 16
H 13 4 1 16
V 12 14 4 1
H 15 17 1 2
H 15 10 1 8
H 15 17 1 2
H 11 4 1 14
V 11 4 2 4
V 11 4 4 1
H 12 4 3 14
H 14 5 1 14
V 6 14 4 3
V 6 10 2 1
H 7 2 1 18
V 4 7 6 1
H 4 0 1 20
V 1 17 4 3
H 2 10 1 10
H 2 10 1 4
V 1 10 2 2
H 1 2 1 10
V 1 3 2 7
V 1 10 2 2
H 1 2 2 6
H 2 10 1 4
H 2 10 1 10
V 2 17 2 3
V 4 6 2 1
H 3 0 2 20
H 3 0 1 14
V 3 0 14 1
H 7 0 1 2
H 10 0 1 8
V 10 4 2 2
V 10 4 4 2
H 13 4 1 14
H 12 4 2 16
V 10 3 6 1
H 10 3 1 2
V 11 5 2 1
V 10 4 4 2
H 12 4 1 14
V 12 6 2 1
H 12 4 1 16
V 8 7 2 1
H 7 0 2 10
V 7 0 4 2
H 10 0 1 8
V 10 4 4 2
V 11 4 4 1
H 14 4 1 12
V 14 16 2 1
H 14 4 1 14
H 11 1 1 2
V 16 0 2 1
V 3 0 14 2
H 10 5 1 2
H 10 0 1 6
H 10 5 1 2
V 10 4 2 2
V 10 4 4 2
H 12 4 2 14
H 12 5 2 14
V 5 19 6 1
V 6 8 2 1
V 6 11 2 1
V 6 14 2 1
H 7 0 2 20
V 3 6 6 4
V 4 11 2 1
H 3 4 2 16
H 3 16 1 2
V 1 17 4 3
H 2 10 1 10
H 2 13 1 2
H 2 10 1 4
V 1 10 2 2
H 1 2 1 10
H 1 2 1 6
V 0 13 2 7
H 0 15 3 4
V 0 17 4 1
H 3 0 2 20
H 6 6 1 2
H 3 0 7 14
V 3 0 14 1
H 10 0 1 8
V 10 4 2 2
V 10 4 4 2
H 12 4 3 6
H 13 4 1 14
V 12 14 4 1
H 15 12 1 4
V 6 13 4 3
H 7 3 2 16
V 3 1 6 7
H 4 0 1 20
V 1 17 4 3
H 2 10 1 10
H 2 13 1 2
H 2 10 1 4
V 1 10 2 2
H 0 4 2 8
V 1 6 2 4
H 0 4 3 4
V 10 3 10 1
V 10 3 8 1
H 10 3 1 2
V 10 4 2 2
V 11 4 4 2
H 12 4 2 6
H 13 10 1 2
V 12 13 2 1
V 13 5 2 1
H 13 4 1 14
V 12 14 4 1
H 15 13 1 2
V 0 7 2 5
V 0 17 2 1
V 0 19 2 1
V 1 10 2 2
H 2 11 1 2
H 2 10 1 10
V 2 17 2 3
V 4 7 2 1
H 3 0 2 20
H 3 0 4 14
V 3 0 14 1
H 10 0 1 8
V 10 4 4 2
V 11 4 4 3
H 12 4 3 12
H 14 5 1 12
H 11 4 3 4
V 10 4 4 1
V 9 0 2 1
H 10 0 1 8
V 3 0 14 2
V 3 9 2 1
H 3 0 1 14
H 3 0 1 20
V 3 18 2 1
V 2 17 2 3
H 2 10 1 10
H 2 10 1 4
V 1 10 2 2
V 0 7 2 4
H 0 4 2 8
V 1 5 2 1
H 0 4 2 4
H 11 5 1 14
H 11 4 1 8
V 11 5 2 1
V 10 4 2 2
H 10 0 1 8
V 3 0 14 2
H 3 0 1 14
H 3 0 1 20
H 2 16 1 2
V 2 17 2 3
H 2 10 1 10
H 2 10 1 4
V 1 10 2 2
V 0 5 2 1
H 1 3 1 8
H 1 3 1 6
V 13 15 2 1
V 0 6 2 6
V 1 11 2 1
H 2 11 1 2
H 2 10 1 10
V 2 17 2 2
H 3 0 1 20
H 3 0 1 14
V 3 0 14 2
H 10 0 1 8
V 10 4 4 2
H 12 4 1 12
H 12 4 1 14
V 3 1 2 1
V 4 1 16 1
V 3 1 8 1
H 3 0 2 12
H 3 0 1 20
V 3 18 2 2
V 2 17 2 2
H 2 10 1 10
H 2 10 1 4
H 1 9 1 2
V 1 10 2 2
H 0 6 2 6
V 1 6 2 1
H 1 5 1 4
V 1 5 2 2
V 0 8 2 1
H 1 5 1 6
V 1 10 2 2
H 2 10 1 4
H 2 10 1 10
V 2 17 2 2
H 3 0 1 20
H 3 0 2 14
V 16 1 2 1
V 3 0 14 2
H 10 0 1 8
V 10 4 2 2
V 11 4 4 3
H 13 4 1 8
V 13 10 2 1
H 12 4 2 12
H 14 9 1 6
V 12 14 4 1
V 10 3 10 1
V 10 3 2 1
H 10 3 1 2
V 10 4 4 1
H 12 4 1 12
H 12 5 1 12
H 12 4 1 2
V 5 15 4 3
V 6 7 2 1
H 5 1 2 18
V 3 7 6 4
H 3 0 1 20
V 2 17 2 2
H 2 10 1 10
H 2 10 1 4
V 1 10 2 2
H 3 0 1 20
H 3 0 1 8
V 3 0 14 1
H 10 0 1 8
V 10 4 2 2
H 11 4 1 12
V 11 5 2 1
H 11 4 1 14
V 12 8 2 7
H 12 10 1 6
H 14 12 1 2
V 12 11 2 1
H 12 4 2 10
V 13 12 2 1
H 2 10 1 8
H 1 9 1 2
H 1 10 1 2
V 0 8 2 4
H 0 6 2 6
V 1 10 2 2
V 1 12 2 1
H 1 7 1 4
H 1 7 1 2
H 11 4 1 8
V 11 5 2 2
H 11 4 1 12
H 13 12 1 2
V 4 14 6 1
V 3 14 6 1
H 3 13 2 6
V 2 17 2 1
H 2 10 1 10
H 2 10 1 4
V 1 10 2 2
H 1 8 1 4
V 1 8 2 1
V 12 4 2 9
H 12 8 1 2
H 12 4 1 10
H 12 4 1 6
V 10 4 4 2
V 13 4 2 1
V 9 1 2 1
H 10 1 1 8
H 10 1 1 16
H 13 4 2 8
V 10 0 8 3
H 10 7 1 2
V 10 4 2 1
H 10 0 1 8
V 10 0 2 1
V 10 2 2 1
V 10 4 2 2
H 11 4 1 10
H 11 5 1 10
V 5 0 2 1
H 6 0 2 20
V 5 1 6 1
H 10 1 1 6
H 11 5 1 2
V 10 4 2 2
V 10 4 4 2
V 12 8 2 1
H 13 4 1 8
H 12 5 2 8
H 12 4 2 8
H 12 7 1 2
V 10 4 4 2
H 10 0 1 8
V 3 0 14 2
H 3 0 3 14
H 3 0 1 20
V 2 17 2 3
H 2 10 1 10
H 2 10 1 4
V 1 10 2 2
H 1 9 1 2
V 1 9 2 1
V 3 7 4 1
H 3 0 1 20
V 2 17 2 3
H 2 10 1 10
H 2 10 1 4
V 1 10 2 2
H 1 9 1 2
H 3 6 1 12
V 2 17 2 3
H 2 10 1 10
H 2 13 1 2
H 2 10 1 4
V 0 11 2 1
V 1 10 2 2
V 0 10 2 1
V 10 3 4 1
H 10 3 1 2
V 10 4 4 2
H 12 4 3 6
H 12 4 1 8
V 3 1 14 1
H 10 1 1 6
V 10 4 4 2
V 12 7 2 1
V 10 4 2 1
V 11 4 4 4
H 14 4 1 4
H 13 4 2 6
H 13 9 1 2
H 1 10 1 2
H 11 6 1 2
H 5 0 3 20
V 3 5 4 4
H 3 0 1 20
V 1 17 4 3
V 0 13 2 7
V 1 15 2 1
H 0 12 2 8
H 0 12 1 2
H 5 1 3 16
H 7 5 1 2
V 4 6 6 2
H 3 0 2 20
V 1 17 4 1
H 2 10 1 10
H 2 11 1 2
H 10 11 1 2
V 1 11 2 1
V 1 14 2 2
H 6 3 1 2
H 4 0 6 8
V 8 0 4 2
H 10 0 1 8
V 10 4 2 2
V 11 4 4 4
H 13 4 1 4
H 12 4 2 6
H 3 0 2 20
H 3 15 1 2
H 3 0 2 16
H 9 0 1 4
V 3 0 12 1
H 10 0 1 8
H 10 5 1 2
V 10 4 2 2
H 11 4 1 6
V 11 4 2 1
V 11 6 2 1
H 11 4 1 8
V 1 17 4 2
H 3 0 2 20
V 4 1 2 1
H 3 0 2 16
V 3 0 14 2
H 10 0 1 12
H 10 1 1 12
V 0 13 2 7
V 1 17 4 3
H 3 0 2 20
H 3 0 2 16
V 3 0 14 1
H 10 0 1 8
V 10 4 4 1
V 12 7 2 1
H 12 4 1 6
H 12 5 1 6
V 13 7 2 1
V 10 4 2 1
H 10 3 1 2
V 10 3 8 1
V 11 3 8 1
V 9 0 4 1
V 4 0 16 1
H 7 0 11 2
V 8 1 12 1
H 14 1 1 2
H 19 1 1 2
V 7 1 2 1
V 4 14 6 1
H 3 14 1 2
V 3 0 4 15
H 3 14 2 6
H 1 16 1 2
V 0 17 4 2
V 0 19 2 1
H 1 12 1 8
H 1 12 1 2
H 2 11 1 2
H 10 10 1 2
V 17 0 2 1
V 14 0 2 1
V 14 2 2 1
V 15 1 4 2
H 7 1 1 2
H 18 1 1 2
V 2 18 2 1
V 1 16 2 3
H 2 12 1 8
V 10 0 4 3
H 10 4 1 2
H 10 1 1 4
V 10 4 4 1
H 11 5 1 2
H 11 4 2 4
H 12 5 1 4
V 10 4 2 1
H 10 0 1 10
V 11 1 2 1
V 10 0 2 2
V 4 1 16 1
H 13 0 1 2
V 4 10 6 1
H 5 0 2 20
V 4 0 8 1
V 9 1 2 1
H 10 0 1 8
V 10 4 2 2
H 11 4 2 4
H 11 4 1 6
V 4 9 2 1
H 5 0 5 14
V 14 1 2 1
H 10 1 1 2
H 13 1 1 2
H 16 1 2 2
V 5 0 10 2
H 10 0 1 10
V 10 4 2 2
V 11 4 4 3
H 11 7 1 2
H 11 4 3 4
H 9 1 1 16
H 9 0 1 16
V 9 0 2 2
H 10 0 1 8
V 10 3 4 1
V 10 4 4 2
H 11 4 2 4
V 11 4 4 3
V 11 7 2 1
H 0 16 3 4
V 10 3 2 1
V 11 3 6 1
V 10 3 2 1
H 10 2 1 4
V 10 4 4 2
V 11 4 4 2
H 5 4 2 16
V 6 10 2 1
V 4 10 2 1
V 3 7 4 7
H 3 0 1 20
H 8 0 1 20
V 2 17 2 2
H 2 14 1 6
H 2 13 1 2
H 11 7 1 2
H 8 0 2 12
H 7 0 1 2
V 7 1 4 1
H 10 0 1 8
V 10 4 2 2
V 10 4 4 2
H 13 5 1 2
V 1 18 4 2
V 3 1 2 1
H 3 0 1 20
H 8 0 1 20
H 3 18 1 2
V 1 17 4 2
V 0 16 2 2
H 0 16 2 2
H 13 4 1 2
H 8 0 1 6
V 8 0 4 1
H 10 0 1 8
V 10 4 4 1
H 12 4 1 2
H 12 5 1 2
H 2 14 1 2
V 11 5 2 1
V 1 17 2 2
H 1 17 1 2
H 10 4 1 4
H 2 16 1 4
V 0 17 4 1
V 3 0 2 20
H 3 0 1 10
H 10 2 1 2
V 13 3 2 1
V 10 3 4 1
V 10 3 2 1
V 11 3 4 1
V 3 10 2 7
H 3 8 2 12
V 2 19 2 1
V 5 17 6 1
H 7 0 2 20
V 4 3 6 5
V 4 2 2 1
H 4 0 1 20
V 1 17 4 1
H 2 15 1 4
V 4 0 10 1
H 8 1 1 8
H 4 0 11 2
V 3 1 14 1
V 1 17 4 1
V 9 1 6 1
H 11 0 4 2
V 14 1 2 1
H 10 3 1 4
V 7 0 8 2
V 3 9 2 6
V 4 11 2 1
H 4 8 1 2
H 3 10 2 10
V 8 0 4 2
H 10 1 3 2
H 10 0 1 6
V 10 5 2 1
H 6 0 2 20
V 3 1 6 1
V 7 9 2 1
H 8 0 1 20
H 8 0 1 4
V 6 1 2 1
V 7 1 4 1
H 10 0 1 6
V 10 4 2 1
V 11 1 2 1
V 11 4 2 1
H 8 0 2 14
V 4 0 8 2
H 4 1 5 2
H 11 1 1 2
H 3 17 2 2
V 2 17 2 1
V 10 2 2 1
H 3 16 1 2
H 10 2 1 4
V 3 2 4 3
V 10 4 2 1
V 9 0 2 2
H 10 0 1 4
V 10 3 2 1
V 11 3 2 1
V 6 4 2 1
H 5 0 2 8
V 4 1 2 14
V 4 6 2 1
H 4 1 1 8
H 11 1 1 2
V 8 0 4 2
H 10 1 3 2
H 10 0 1 2
H 10 1 1 4
H 3 3 3 4
H 7 9 1 2
V 4 10 6 4
H 4 5 1 14
V 3 17 2 1
V 5 4 2 16
H 5 1 1 12
V 5 4 2 1
H 5 2 1 18
V 5 10 4 7
V 5 10 2 1
H 5 1 1 18
H 5 1 1 12
H 8 1 2 16
V 7 3 2 1
V 7 7 2 1
H 8 0 2 14
V 6 1 8 1
H 6 1 1 2
H 10 1 1 2
H 12 1 1 2
H 3 4 1 2
H 6 12 3 8
V 5 9 2 1
V 4 8 2 5
H 5 5 2 14
V 4 9 2 1
V 5 3 2 15
H 7 0 1 2
H 7 10 1 2
H 6 1 2 10
V 4 3 6 1
H 7 1 3 4
V 7 0 4 2
H 10 0 1 4
V 8 0 4 2
H 11 1 1 2
V 7 8 2 1
V 7 13 2 1
V 8 0 2 15
H 8 2 1 18
V 7 19 4 1
H 6 7 1 2
V 3 5 6 3
H 5 2 2 6
H 5 4 1 2
V 3 12 2 4
H 4 3 1 14
V 4 3 2 1
H 4 3 1 10
V 4 9 6 5
H 7 0 2 18
H 3 6 1 10
V 3 6 4 1
H 3 5 1 2
V 3 15 2 1
V 5 6 4 5
H 6 2 2 16
V 6 13 2 6
H 6 15 3 4
V 8 12 2 1
H 7 2 2 18
V 7 17 4 2
V 7 3 2 1
V 7 9 2 1
H 8 0 1 14
V 6 6 2 1
V 6 10 2 1
V 4 5 6 1
H 7 4 1 16
H 5 7 1 2
H 5 4 5 4
V 6 3 4 9
H 8 16 1 4
V 8 2 2 1
H 9 1 1 6
V 9 1 2 1
H 5 14 1 2
H 7 3 1 2
V 4 9 2 1
V 4 13 2 1
V 3 7 2 6
H 6 9 1 2
H 4 6 4 4
H 3 7 7 6
V 5 6 2 1
V 5 14 2 1
H 6 4 4 4
V 5 10 4 1
H 5 6 1 8
H 3 12 1 2
V 3 13 4 1
H 6 12 1 2
H 4 10 1 4
V 4 13 4 2
H 6 13 4 4
H 4 7 6 4
V 7 16 2 1
H 8 3 1 16
V 8 10 2 1
V 8 17 2 1
H 9 1 1 16
H 9 1 1 8
V 8 11 2 5
H 8 9 1 10
H 6 5 3 4
H 6 6 4 2
V 4 7 4 1
H 9 5 1 2
V 6 6 4 6
V 6 13 2 1
H 7 4 3 10
V 6 6 2 1
V 6 13 2 1
V 8 3 2 13
V 6 6 4 1
H 8 3 1 4
V 8 4 2 1
H 9 3 1 14
H 9 9 1 2
H 9 2 1 8
V 8 7 2 1
V 8 9 2 1
V 6 6 4 1
H 8 6 1 12
V 3 9 2 1
H 6 6 3 6
H 6 9 1 6
H 5 7 2 4
V 4 8 6 2
H 5 8 4 6
H 7 12 1 2
H 8 10 1 2
V 4 11 6 2
H 4 11 1 2
H 7 8 1 8
H 9 4 1 12
V 5 9 2 1
V 6 9 4 1
H 9 8 1 2
H 7 5 3 8
H 5 8 1 4
V 6 12 2 2
H 9 14 1 2
H 7 11 3 4
V 3 10 4 1
V 7 9 2 2
H 6 7 2 6
V 6 7 2 1
V 6 11 2 1
H 6 7 1 4
H 7 6 1 8
H 9 7 1 8
V 4 11 6 1
H 7 9 1 2
V 4 10 4 2
V 8 14 2 1
V 7 8 2 5
H 8 6 1 8
H 9 6 1 2
V 8 7 2 1
V 6 9 4 2
V 6 9 2 1
H 8 12 1 2
H 7 9 3 4
H 7 8 1 2
V 7 9 2 3
H 8 10 1 4
H 9 13 1 2
V 8 9 2 1
V 8 12 2 1
H 9 7 1 4
H 8 9 2 2
H 8 10 1 2
H 8 11 1 2
