V 17 8 2 1
V 2 18 10 1
H 13 18 1 2
H 8 16 1 2
H 2 17 12 2
H 2 16 1 2
H 4 16 1 2
V 2 17 2 1
H 12 8 1 2
H 15 8 1 2
H 10 10 1 2
V 10 9 10 2
H 14 5 1 10
V 3 14 16 1
H 7 13 1 2
H 18 13 1 2
H 2 14 12 2
H 10 14 1 2
V 2 15 18 1
H 15 15 5 4
V 17 16 2 1
H 14 16 4 4
V 9 19 10 1
H 10 16 2 4
V 2 17 12 1
V 3 16 2 3
H 3 16 1 2
V 4 11 2 1
H 1 4 4 8
V 0 9 20 2
V 13 14 2 1
H 14 5 2 10
H 3 13 1 2
H 7 14 1 2
V 2 14 16 1
V 3 15 8 1
H 7 13 2 2
H 5 14 7 2
V 2 15 18 1
H 15 15 5 4
H 14 16 6 4
V 7 19 10 1
H 10 16 2 4
V 2 17 12 1
V 2 17 4 2
V 2 8 2 1
V 3 0 2 9
H 3 6 1 2
H 5 6 1 2
H 1 7 6 4
V 0 9 20 2
V 15 5 2 1
H 14 5 2 10
V 2 14 16 1
H 2 14 10 2
V 10 0 2 1
V 10 15 2 1
H 10 13 1 2
V 2 15 18 1
H 15 15 5 4
V 13 8 2 1
V 13 19 2 1
H 14 16 2 4
H 13 18 1 2
V 9 19 10 1
V 9 14 2 1
V 9 18 2 1
H 10 16 2 4
H 11 18 1 2
V 3 17 10 2
V 3 17 4 2
V 6 5 2 1
V 1 1 6 6
H 0 4 5 6
H 1 8 1 2
V 0 9 20 2
H 14 5 1 10
V 2 14 16 1
H 5 14 5 2
V 2 15 18 1
H 15 15 4 4
H 16 15 1 2
H 14 16 6 4
H 12 18 1 2
V 10 19 10 1
H 10 18 2 2
H 9 17 1 2
V 2 18 12 1
V 2 18 4 1
H 0 0 2 20
H 5 2 1 2
V 0 3 8 9
H 17 8 1 2
V 0 9 20 1
V 13 13 2 1
H 14 5 1 10
H 6 13 1 2
H 13 13 1 2
V 18 14 2 1
V 3 14 16 1
H 3 14 11 2
V 10 15 2 1
V 2 15 18 1
H 15 15 2 4
H 14 16 6 4
V 9 19 10 1
H 10 16 2 4
V 4 16 10 2
V 4 16 2 3
H 4 16 1 2
H 12 16 1 2
V 4 17 10 1
V 4 17 2 1
V 9 15 8 1
H 15 15 5 4
H 14 16 6 4
V 2 19 18 1
V 2 19 8 1
V 13 5 2 1
V 12 3 4 8
H 14 3 6 6
V 15 7 2 1
V 15 10 2 1
H 14 3 2 12
V 2 14 16 1
H 3 14 8 2
V 2 15 18 1
H 15 15 5 4
H 14 16 3 4
H 10 18 1 2
V 10 19 10 1
H 10 16 4 4
V 5 16 8 2
V 5 16 2 3
H 5 16 1 2
V 6 16 2 1
V 8 16 4 2
H 10 16 2 4
V 3 19 14 1
H 14 5 2 10
V 2 14 16 1
H 6 14 4 2
V 2 15 18 1
H 15 15 5 4
H 14 16 6 4
V 10 19 10 1
H 10 16 2 4
H 8 16 1 2
V 5 17 8 1
H 6 16 1 2
H 1 2 7 2
H 7 0 1 12
H 9 9 1 2
V 5 9 14 1
V 15 3 2 1
V 15 11 2 1
H 14 5 2 10
V 2 14 16 1
H 4 14 3 2
H 15 15 1 2
V 2 15 18 1
H 15 15 1 4
H 14 16 6 4
V 10 19 10 1
H 10 16 4 4
V 5 17 8 1
V 5 17 2 2
V 8 18 4 1
H 10 16 2 4
V 4 19 14 1
H 1 11 1 2
V 1 0 4 12
H 2 11 1 2
H 11 8 1 2
V 0 7 2 2
V 0 9 20 2
V 13 14 2 1
H 14 7 1 8
H 15 13 1 2
V 2 14 16 1
H 9 14 1 2
H 6 14 5 2
V 2 15 18 1
H 15 15 4 4
H 14 16 6 4
V 7 19 10 1
H 11 17 1 2
H 10 18 4 2
V 6 17 8 2
V 5 18 2 1
H 7 9 1 2
H 0 8 10 2
H 17 8 1 2
H 7 10 1 2
V 0 9 20 2
H 14 5 1 10
V 2 14 16 1
H 4 14 3 2
V 2 15 18 1
H 15 15 4 4
H 14 16 2 4
V 6 19 10 1
H 10 16 4 4
V 6 17 8 2
V 14 2 6 1
V 12 1 8 2
H 16 1 4 4
V 13 3 4 8
H 12 3 3 10
V 14 10 2 1
H 14 3 1 12
V 2 14 16 1
H 6 14 5 2
V 2 15 18 1
H 15 15 4 4
H 14 16 2 4
H 10 18 1 2
V 6 19 10 1
H 10 16 2 4
V 7 16 6 3
H 7 16 1 2
V 4 2 2 1
H 1 0 4 6
H 8 0 3 6
V 7 8 2 1
H 4 0 4 12
H 11 9 1 2
H 12 8 1 2
V 0 9 20 1
H 14 5 1 10
V 2 13 16 2
H 4 14 6 2
V 2 15 18 1
H 15 15 4 4
V 15 18 2 1
H 14 16 2 4
H 16 18 1 2
V 5 19 14 1
V 5 19 6 1
H 2 10 1 2
H 10 8 1 2
V 0 9 20 2
H 14 7 1 8
V 2 13 16 2
H 6 14 2 2
V 2 15 18 1
H 15 15 4 4
H 14 16 6 4
V 7 19 10 1
V 16 19 2 1
H 10 16 4 4
V 12 10 6 1
H 14 7 2 8
V 2 13 16 2
H 4 14 6 2
V 2 15 18 1
V 18 15 2 1
H 15 15 4 4
H 17 17 1 2
H 14 16 6 4
V 7 19 12 1
V 7 19 4 1
V 11 9 2 1
H 8 0 4 12
V 5 9 10 2
H 14 5 1 10
V 2 13 16 2
H 7 13 1 2
H 6 14 6 2
V 2 15 18 1
H 15 15 4 4
H 14 16 6 4
V 8 19 10 1
V 9 16 2 2
H 9 16 1 2
H 10 16 4 4
H 10 16 1 2
H 12 16 2 2
H 5 1 3 4
H 4 0 3 12
H 7 8 1 2
H 10 9 1 2
V 2 9 16 1
H 14 5 2 10
V 2 13 16 2
H 4 14 5 2
V 2 15 18 1
H 15 15 4 4
H 14 16 6 4
V 8 19 10 1
H 10 18 4 2
V 8 18 4 1
H 9 17 1 2
V 8 19 2 1
H 14 3 2 10
H 14 3 1 12
H 8 14 1 2
V 2 13 16 2
H 6 14 1 2
V 2 15 18 1
H 15 15 4 4
H 14 16 3 4
V 9 19 10 1
H 10 18 4 2
V 9 18 2 1
H 8 0 2 6
H 9 1 1 12
H 10 8 1 4
V 8 9 10 1
V 13 13 2 1
H 15 4 1 2
H 14 5 2 10
V 2 13 16 2
H 4 14 8 2
V 2 15 18 1
H 15 15 4 4
H 14 16 6 4
H 14 17 1 2
V 9 19 10 1
H 10 18 2 2
H 10 17 1 2
V 11 17 2 1
H 12 11 1 2
V 12 12 8 1
H 14 11 3 4
V 17 14 2 1
H 7 14 1 2
H 13 14 1 2
V 2 13 16 2
H 6 14 6 2
H 8 14 1 2
V 2 15 18 1
V 14 17 2 1
H 15 15 4 4
H 14 16 6 4
V 9 19 10 1
H 10 18 1 2
H 5 7 5 4
V 2 9 14 3
H 14 5 1 10
V 2 13 16 2
H 5 13 1 2
H 4 14 4 2
V 2 15 18 1
H 15 15 1 4
V 14 16 2 4
H 14 16 2 4
V 9 19 10 1
V 12 16 2 1
V 14 3 4 4
H 13 3 3 10
V 15 9 2 1
H 14 3 2 12
V 2 13 16 2
H 6 14 6 2
H 9 14 1 2
V 2 15 18 1
V 18 17 2 1
H 15 15 4 4
V 13 8 2 1
V 13 19 2 1
H 14 16 5 4
V 10 19 10 1
V 11 19 4 1
H 13 16 1 4
H 13 16 1 2
V 5 4 2 1
H 6 0 2 6
H 7 11 1 2
H 6 0 2 12
V 2 9 14 2
V 15 9 2 1
V 15 12 2 1
H 14 5 2 10
H 15 9 1 2
V 2 14 18 1
V 4 13 2 1
V 2 13 6 3
H 2 14 1 2
V 12 18 2 1
V 15 10 2 1
H 13 8 1 2
V 10 9 6 4
H 14 7 2 8
V 11 13 6 2
H 9 14 3 2
V 4 15 16 1
H 17 15 3 4
H 17 16 3 4
V 13 4 2 9
H 13 5 7 6
H 14 3 2 12
V 3 13 14 2
H 7 14 7 2
V 4 15 16 1
H 15 15 5 4
H 14 16 5 4
V 12 19 4 1
H 13 18 1 2
H 13 17 1 2
V 0 1 4 3
H 0 0 1 14
V 0 7 8 5
H 5 8 1 2
V 0 9 20 1
H 14 5 1 10
H 16 12 1 2
V 4 13 14 2
H 7 14 1 2
V 4 15 16 1
H 15 15 5 4
H 14 16 5 4
H 13 18 1 2
V 11 19 8 1
V 4 8 2 1
V 4 15 2 1
V 5 15 2 1
V 14 18 6 1
H 4 5 2 2
V 2 3 4 3
H 4 1 1 12
H 11 5 1 6
H 14 9 1 2
V 0 9 20 1
H 14 7 2 8
H 8 13 1 2
V 2 13 18 1
V 2 13 6 1
H 5 13 1 2
V 14 10 2 1
V 13 4 2 1
H 14 3 1 12
H 5 14 1 2
V 4 13 16 2
V 3 13 6 1
V 8 10 12 1
V 15 3 2 1
H 16 1 4 10
V 15 2 2 1
V 15 8 2 1
V 15 10 2 1
V 17 2 2 2
V 17 8 2 1
H 16 0 2 10
V 12 0 8 1
V 18 17 2 1
H 17 18 1 2
H 7 1 1 2
H 6 2 2 10
H 15 10 1 2
V 3 9 14 2
V 14 9 2 1
V 13 9 2 2
H 14 5 2 10
V 9 14 6 1
H 10 14 4 2
V 6 15 14 1
H 15 15 5 2
H 15 15 4 4
V 13 1 4 2
V 14 2 4 1
H 8 0 2 4
H 16 0 2 4
V 17 7 2 1
V 15 8 2 1
V 14 3 4 8
H 14 3 1 10
H 14 3 1 12
V 5 14 12 1
H 8 14 5 2
V 6 15 14 1
H 15 15 3 4
H 14 16 3 4
V 13 19 4 1
V 18 0 2 11
H 19 0 1 2
H 14 16 3 4
V 14 17 2 1
H 17 17 1 2
V 15 15 4 3
V 16 1 2 1
H 16 1 1 10
H 16 0 1 4
V 12 1 8 2
H 17 17 1 2
H 16 0 1 2
H 6 5 5 6
H 7 9 1 2
V 0 9 16 1
H 14 7 1 8
V 4 13 16 1
V 4 13 4 1
H 0 9 1 6
V 0 3 8 1
V 0 9 8 1
H 5 8 1 2
V 0 9 20 1
H 14 5 2 10
V 9 13 8 2
H 7 14 7 2
V 7 15 12 1
H 15 15 2 4
H 15 16 2 4
H 0 0 5 12
H 8 8 1 2
H 10 9 1 2
V 0 9 20 1
V 14 14 2 1
V 14 16 2 1
V 13 10 2 1
H 1 9 1 2
H 14 5 1 10
H 15 12 1 2
V 6 13 14 2
V 5 13 4 2
H 7 13 13 2
V 5 13 4 1
H 14 8 1 4
V 14 5 6 6
H 19 1 1 10
H 19 1 1 4
V 12 5 8 2
V 16 1 2 1
H 16 0 1 10
V 14 0 4 1
V 7 9 8 3
H 14 5 2 10
V 11 13 4 2
H 9 14 5 2
V 8 15 12 1
H 18 15 1 2
H 18 4 1 2
V 12 5 8 3
H 12 5 7 4
H 15 3 1 12
V 6 13 2 1
H 11 14 1 2
V 7 13 10 2
H 13 13 1 2
H 8 14 6 2
V 8 15 12 1
H 15 15 3 2
H 15 15 2 4
H 14 3 2 12
V 14 7 4 4
H 16 0 1 10
V 16 0 2 1
V 12 2 8 1
H 9 1 2 12
V 2 9 18 2
V 15 1 2 1
V 15 9 2 1
H 16 0 3 10
H 16 0 3 8
H 0 4 2 16
V 7 10 2 1
V 0 9 8 3
H 10 8 1 2
V 7 11 2 1
V 0 9 20 1
V 13 13 2 1
H 14 5 1 10
V 10 14 8 1
H 9 14 5 2
V 17 15 2 1
V 8 15 10 1
H 15 15 3 2
H 15 15 1 4
V 14 18 2 1
H 16 0 1 2
H 14 1 5 2
V 13 2 2 1
V 15 15 2 3
H 16 16 1 2
V 9 15 10 1
V 8 11 2 1
V 8 15 2 1
V 15 3 4 5
H 16 0 2 8
V 15 0 2 1
V 14 1 2 1
H 16 7 1 2
V 0 5 6 7
V 8 10 4 1
V 0 9 20 2
H 14 7 2 8
V 8 14 12 1
V 7 14 2 1
H 2 1 4 12
H 13 8 1 2
V 2 9 18 2
H 14 5 2 10
H 8 13 1 2
H 13 13 1 2
V 9 14 8 1
H 10 14 1 2
V 13 15 2 1
V 9 15 10 1
H 15 15 1 4
V 14 17 2 1
V 12 3 8 2
H 16 0 1 4
V 15 1 2 1
V 13 4 2 9
V 12 6 2 1
H 14 9 2 6
H 11 14 1 2
V 8 14 12 1
V 9 11 6 2
H 14 9 1 6
H 13 14 1 2
V 10 14 6 1
H 10 14 3 2
V 13 5 2 1
V 13 15 2 1
V 10 15 8 1
H 15 15 2 2
H 15 16 1 2
H 15 3 1 12
V 14 5 6 2
V 18 3 2 1
H 18 2 1 8
H 17 2 1 2
V 12 5 8 1
H 17 4 1 2
H 19 4 1 2
H 14 5 2 10
V 11 13 4 2
V 13 14 2 1
H 11 14 3 2
V 11 15 6 1
H 15 15 1 2
V 15 7 2 1
H 14 7 1 2
H 14 6 2 4
H 15 3 1 12
V 9 14 10 1
H 10 14 1 2
H 1 8 11 2
H 5 7 1 2
V 8 9 10 1
H 16 1 1 10
V 16 5 2 1
V 16 9 2 1
H 16 1 1 6
V 9 13 2 1
V 16 3 2 1
V 17 4 2 4
H 17 3 1 2
H 11 13 8 2
V 16 12 4 2
V 14 15 2 1
H 18 4 1 2
V 11 15 2 1
H 7 6 5 6
V 3 9 14 1
H 5 8 1 2
H 14 5 2 10
V 11 14 6 1
H 11 14 1 2
V 0 3 8 5
H 1 4 4 6
H 5 7 1 4
V 0 9 20 2
V 13 11 2 1
H 14 5 1 10
V 11 14 8 1
V 16 5 2 1
V 16 7 2 1
V 5 9 10 4
H 15 4 1 2
H 14 5 2 10
V 12 14 2 1
V 13 13 2 2
H 13 14 1 2
V 13 15 2 1
V 0 5 2 1
V 1 1 2 10
H 2 5 2 8
H 13 11 1 2
V 2 12 14 1
V 15 12 2 1
V 2 12 18 1
H 18 12 1 2
H 2 11 14 2
V 6 12 14 1
V 0 7 8 3
H 3 6 4 4
V 8 9 4 1
H 16 8 1 2
V 0 9 20 1
H 14 7 2 8
H 17 13 1 2
V 10 13 8 1
H 0 0 1 20
V 0 8 8 2
H 3 7 1 2
H 0 9 1 4
V 0 9 20 1
V 15 14 2 1
H 14 5 2 10
V 12 13 6 2
H 17 12 1 2
V 13 4 4 1
H 13 14 1 2
H 10 10 1 2
V 2 11 18 1
H 14 9 1 6
H 16 13 1 2
V 13 14 4 1
H 6 8 1 2
V 5 9 14 2
V 13 9 2 1
H 14 5 2 6
H 17 6 1 2
V 12 7 8 4
V 11 13 2 1
H 8 1 4 8
V 10 2 2 1
H 11 1 1 12
H 10 7 1 6
H 7 6 1 6
H 15 10 1 2
V 4 11 16 1
H 5 0 3 6
H 5 1 1 12
V 0 9 20 1
H 15 3 1 12
V 14 4 2 1
V 14 14 2 1
H 14 3 1 12
H 14 3 1 2
H 13 6 1 2
H 15 6 1 2
H 12 7 4 6
H 15 12 1 2
V 12 12 6 1
H 14 7 3 4
V 10 10 10 1
V 13 7 6 4
H 1 9 1 2
H 6 9 1 2
H 18 9 1 2
H 0 0 2 20
V 0 9 8 1
V 0 9 20 1
V 14 10 2 1
H 14 5 1 10
V 13 14 2 1
V 17 10 2 1
H 13 7 1 4
V 8 9 12 1
H 16 6 1 2
V 10 9 4 4
H 13 3 1 10
V 12 8 6 1
H 12 3 2 8
H 8 10 1 2
H 8 7 3 4
V 10 9 2 1
V 7 9 10 1
V 12 5 4 1
H 14 4 1 10
V 2 12 10 1
V 3 12 14 1
V 2 2 4 11
V 0 11 18 1
H 14 9 1 6
V 4 1 2 1
H 5 0 3 12
H 5 9 1 2
H 16 9 2 2
V 1 9 18 1
H 14 5 2 8
H 12 11 4 2
V 15 11 2 1
V 2 11 14 2
H 13 6 3 6
V 15 7 2 1
H 15 9 1 2
H 13 6 3 4
V 13 6 2 7
V 13 7 2 1
H 14 6 1 4
V 12 8 6 1
H 12 7 4 6
V 10 9 8 1
H 16 7 1 4
V 13 6 2 1
V 6 5 4 7
H 8 1 2 12
H 5 11 1 2
V 3 12 12 1
H 0 10 15 2
H 5 10 1 2
H 12 10 1 2
V 3 9 14 2
H 15 8 1 2
V 13 7 2 5
H 13 11 1 2
H 7 5 4 6
H 6 9 1 2
H 13 9 1 2
V 2 9 14 1
H 14 7 1 4
V 12 9 4 1
H 12 6 2 6
V 9 9 6 1
H 12 8 3 4
H 4 8 4 2
H 13 10 1 2
V 0 9 14 2
H 12 6 1 6
H 13 9 1 2
V 8 9 8 1
H 14 8 1 2
H 9 1 1 12
H 11 1 1 10
V 9 5 2 1
V 4 9 12 1
H 1 7 1 4
V 10 7 2 1
H 2 4 1 2
V 1 5 10 5
H 6 5 2 8
V 3 12 10 1
H 12 7 1 2
H 10 3 1 8
V 7 9 8 1
V 2 3 4 3
H 2 4 1 2
V 0 5 12 1
H 11 0 1 12
H 6 10 4 2
V 6 7 6 4
V 10 9 2 1
V 5 5 6 6
V 10 5 2 1
H 9 2 2 10
V 0 5 12 1
H 11 6 1 2
H 0 5 12 2
H 9 1 1 12
H 11 0 1 2
V 6 5 4 3
V 9 9 2 1
H 9 2 1 10
H 8 5 1 4
H 6 3 1 6
H 8 2 1 8
V 5 5 4 5
H 8 1 1 12
H 10 1 1 2
H 9 2 3 6
V 2 6 8 3
H 8 7 2 4
V 0 0 2 19
V 1 9 2 1
H 0 5 2 14
H 6 4 2 2
V 6 5 4 5
H 8 0 1 12
V 9 7 2 1
V 7 8 2 1
V 8 0 2 1
V 8 4 2 5
H 9 0 1 8
V 0 6 6 6
H 0 4 1 16
V 10 6 2 1
V 9 3 2 1
H 10 1 1 8
H 6 9 1 4
V 6 5 6 3
V 6 12 2 1
H 7 1 1 12
V 9 1 2 1
V 9 3 2 1
V 0 17 2 1
H 0 11 1 8
V 0 8 6 2
V 0 8 10 2
H 8 6 1 2
V 1 0 2 11
H 3 5 1 2
V 0 5 12 1
H 3 1 2 10
H 8 1 1 10
V 2 5 10 1
H 8 1 2 8
H 8 1 1 2
H 9 5 1 4
V 3 5 8 3
V 1 9 2 1
V 0 1 2 15
H 0 6 1 12
V 5 1 2 1
V 6 0 2 5
H 1 0 1 2
H 0 1 8 6
H 6 1 2 10
V 0 5 6 1
V 0 5 12 1
H 8 2 2 6
H 0 4 1 2
H 3 5 5 4
H 8 4 3 2
V 10 5 2 1
V 5 5 6 1
H 10 4 2 2
V 4 0 2 10
H 5 4 1 8
V 3 0 2 13
H 4 3 1 10
V 0 8 2 1
V 1 7 8 2
H 8 7 1 2
H 3 3 1 10
V 4 2 2 1
V 0 7 2 1
V 1 0 4 10
H 1 0 1 16
H 0 15 1 2
H 8 2 1 2
H 3 7 1 2
H 1 5 5 6
V 7 5 2 3
H 8 3 1 4
H 8 3 1 2
V 8 5 2 2
H 9 5 1 2
H 4 2 1 8
H 3 7 4 2
V 3 7 6 1
V 3 5 8 1
H 2 8 3 4
V 1 8 6 2
V 2 6 4 1
V 3 7 2 1
H 3 1 1 12
H 1 9 1 2
H 0 0 4 10
H 0 4 1 2
H 1 1 1 14
H 1 12 1 2
V 2 0 2 12
H 2 11 1 2
V 3 7 2 4
H 3 10 1 2
H 4 6 2 4
H 4 5 5 2
H 5 4 1 2
V 4 5 6 1
V 0 6 8 1
H 6 3 1 6
H 8 4 1 2
V 5 5 4 2
V 6 0 2 5
H 6 0 2 4
V 7 5 2 1
H 7 0 1 8
V 2 4 6 3
H 2 2 1 4
H 0 3 5 8
V 0 6 8 1
H 0 6 2 2
H 0 1 1 14
V 1 8 4 2
V 3 1 2 7
H 0 7 4 4
H 4 2 1 8
V 1 0 2 12
H 1 0 7 6
H 3 1 5 6
V 0 5 8 1
H 4 4 3 4
H 0 12 1 2
V 0 3 2 9
H 0 8 2 4
H 4 1 3 6
V 6 4 2 1
H 4 1 1 8
V 1 2 4 6
V 0 2 2 1
V 0 7 2 4
H 0 3 1 10
H 0 4 1 2
V 0 5 6 2
H 6 5 1 2
V 1 6 6 1
H 0 4 1 8
H 4 6 1 2
V 1 5 2 1
V 2 0 2 9
H 2 0 1 10
V 2 1 2 4
V 0 3 8 1
H 7 3 1 2
V 4 0 4 4
H 5 0 1 6
H 4 1 2 6
H 5 4 1 2
H 1 0 1 8
V 1 2 2 1
H 1 1 1 10
H 2 2 2 6
H 2 6 1 2
V 1 6 4 1
H 0 5 3 4
H 4 3 1 4
V 1 6 4 1
H 0 4 3 2
H 0 1 1 10
H 3 0 1 6
H 5 3 1 2
V 0 3 8 1
H 5 1 1 4
V 1 2 2 1
V 2 2 6 1
H 2 3 3 2
V 1 3 6 1
V 0 1 2 5
H 1 1 1 8
V 5 0 2 2
H 6 1 1 2
V 0 5 2 1
H 1 1 2 6
H 0 1 1 8
H 0 2 2 6
V 2 0 6 1
H 0 0 5 4
H 4 1 1 4
H 0 2 1 6
V 1 5 2 1
V 2 0 2 5
H 3 1 1 4
V 1 0 2 5
V 0 2 2 1
V 1 2 4 2
V 4 0 2 2
V 2 0 6 1
H 6 0 1 2
H 1 1 1 2
V 0 0 4 2
H 1 3 1 2
V 1 1 2 1
H 0 0 2 4
H 0 1 1 6
H 0 0 2 6
V 4 0 2 1
V 0 2 4 1
H 4 0 1 2
H 0 2 1 2
V 0 1 2 4
V 1 0 2 1
H 1 1 2 2
V 1 1 4 1
H 3 0 1 2
V 2 1 2 1
V 0 0 2 1
H 0 0 1 2
