H 0 0 1 2
V 6 10 2 1
H 19 5 1 2
H 5 17 1 2
H 16 0 4 12
H 7 1 1 2
V 0 0 20 2
V 0 0 8 4
V 4 13 2 1
V 2 3 2 1
V 2 5 2 1
H 3 0 2 14
V 3 4 2 1
V 3 8 2 1
V 3 13 2 1
H 3 1 1 16
V 3 14 2 1
V 3 15 10 2
V 7 18 4 1
V 5 17 6 1
H 8 15 7 4
H 8 16 2 4
V 0 17 16 3
H 1 18 15 2
V 0 17 12 2
H 2 5 1 2
V 1 4 14 2
H 3 2 4 6
V 4 2 2 1
V 4 13 2 2
H 6 7 1 2
V 5 5 2 1
H 5 0 1 16
V 5 15 6 2
H 8 15 8 4
H 8 16 4 4
V 1 19 14 1
H 10 12 1 2
V 3 13 12 1
H 3 12 3 4
V 3 15 10 2
H 8 15 1 4
H 15 16 1 2
V 2 17 14 1
H 14 16 2 4
V 10 15 4 1
V 12 15 4 4
V 13 18 2 1
H 1 4 2 10
V 1 4 4 2
H 3 4 6 6
V 5 10 2 1
V 5 16 2 1
V 2 5 2 1
H 3 1 3 16
V 3 15 10 2
V 6 16 4 1
H 8 15 3 4
H 4 17 1 2
V 0 17 16 1
V 11 1 8 3
V 10 0 2 1
H 11 0 9 4
H 9 0 1 2
H 16 0 1 2
V 0 1 20 1
V 6 0 2 1
H 4 5 1 2
H 3 0 4 12
H 4 0 2 16
V 4 15 8 2
V 4 15 12 2
H 11 16 1 4
H 11 15 4 4
V 14 16 2 1
H 13 16 2 4
V 16 2 2 1
V 16 5 2 1
H 16 0 1 12
V 0 0 20 2
V 2 1 2 1
V 3 0 6 4
H 5 7 1 2
H 3 0 3 16
V 3 5 2 1
H 3 1 1 16
V 3 16 10 1
H 8 16 1 4
V 1 18 14 1
H 2 18 10 2
V 5 18 10 1
V 17 11 2 1
H 18 0 2 20
H 17 0 3 16
V 0 0 20 3
V 11 2 2 1
V 0 0 12 3
V 3 1 2 2
H 3 0 1 14
V 2 3 2 1
H 3 0 1 16
V 3 15 10 2
H 8 15 6 4
H 8 16 3 4
H 5 17 1 2
V 2 18 12 2
V 5 10 2 1
H 3 10 3 6
V 3 15 8 2
H 8 15 6 4
H 8 16 2 4
V 3 18 10 2
V 1 0 4 2
H 3 0 3 16
H 3 1 1 16
V 3 15 10 2
V 9 19 2 1
H 8 16 2 4
H 9 18 1 2
V 2 18 12 1
H 0 4 1 8
V 0 11 2 3
V 1 4 2 10
V 1 14 2 3
H 2 0 1 14
V 3 5 2 1
V 2 0 2 6
H 3 6 1 2
H 3 4 3 6
V 3 2 2 1
H 3 0 1 16
V 3 15 10 2
H 8 15 1 4
H 12 17 1 2
V 1 17 14 1
V 0 14 2 3
H 0 9 1 6
V 0 11 2 3
V 1 4 2 10
H 2 0 1 14
V 2 4 2 2
H 3 2 2 6
H 3 1 1 16
V 3 15 10 1
H 8 15 1 4
V 2 17 14 1
V 2 17 4 1
V 12 15 2 4
H 3 15 11 2
V 8 18 6 1
H 12 15 2 4
V 4 19 8 1
V 3 17 2 1
V 4 17 6 3
H 4 7 2 10
V 3 15 8 2
V 4 13 12 1
V 4 15 12 2
V 3 5 8 9
H 3 13 2 4
H 5 14 1 2
V 3 15 6 2
V 3 15 12 2
H 12 15 1 4
H 8 16 5 4
V 11 3 8 1
H 11 1 1 2
H 11 0 8 4
V 2 1 18 2
H 3 6 1 2
H 3 1 2 12
V 2 5 2 1
H 3 1 2 16
V 3 15 10 1
V 11 17 2 1
H 9 16 1 2
H 8 15 4 4
V 3 17 12 1
V 13 16 2 1
V 3 15 8 2
V 3 16 2 1
V 4 16 10 1
H 13 16 1 2
V 4 13 12 2
V 3 13 2 1
V 3 14 8 1
H 4 9 1 8
H 3 14 3 2
V 3 15 10 2
H 8 15 5 4
H 8 16 4 4
V 5 19 6 1
V 4 4 12 8
H 9 10 1 2
V 3 6 10 5
H 3 3 1 14
V 3 9 2 1
V 3 15 10 2
H 8 15 3 4
V 4 18 8 1
H 12 17 1 2
H 18 0 1 18
V 0 0 20 1
V 5 0 6 4
V 5 11 2 1
H 3 0 3 14
H 5 8 1 2
H 5 1 1 16
V 3 15 12 1
H 8 15 4 4
H 10 16 2 4
H 19 0 1 20
H 18 0 2 18
V 0 0 20 1
V 3 0 12 2
V 4 7 2 1
H 3 0 2 14
V 2 1 2 1
V 2 3 2 1
H 3 1 2 16
V 8 15 6 1
V 3 15 12 1
V 4 15 12 1
V 5 15 4 2
H 5 14 1 2
V 3 15 12 1
H 5 0 1 2
V 1 1 14 1
H 4 0 2 12
H 5 0 1 16
V 3 15 10 1
H 8 15 3 4
V 9 19 2 1
H 10 16 1 4
H 17 0 1 20
H 12 2 1 2
H 10 1 1 2
V 0 2 20 1
H 11 2 1 2
H 15 2 1 2
V 2 0 8 3
V 2 3 2 1
V 5 3 2 1
H 3 2 3 12
H 4 8 1 2
V 2 5 2 1
V 4 14 2 1
H 3 1 2 16
V 3 16 10 1
V 4 15 10 2
V 9 15 2 4
H 7 15 6 2
H 10 15 1 4
H 0 11 1 6
V 0 14 2 3
V 1 14 2 1
V 1 16 2 1
V 3 9 12 1
H 13 9 1 2
H 3 5 3 12
V 3 15 10 1
H 8 15 1 4
V 5 17 6 1
H 8 2 1 2
V 2 1 10 2
H 2 1 1 6
H 2 0 1 14
V 1 8 2 6
V 0 11 2 3
H 0 4 1 12
H 0 4 1 2
V 2 0 6 4
H 3 0 3 14
H 3 0 1 16
V 3 15 10 1
H 8 15 1 4
V 6 17 6 1
H 0 8 1 8
V 0 11 2 3
V 1 8 2 5
H 2 0 1 14
H 2 5 1 2
V 2 3 2 3
H 5 7 1 2
H 3 2 3 6
V 2 5 2 1
H 3 0 1 16
V 5 15 8 1
V 3 15 10 1
H 8 15 1 4
V 6 16 6 1
H 8 16 1 4
V 7 19 2 1
H 8 18 1 2
V 8 6 2 1
V 8 18 2 1
H 9 4 5 8
V 1 4 14 1
V 2 3 2 1
V 1 10 2 1
H 2 0 1 14
V 1 1 2 1
V 1 8 2 5
V 0 11 2 3
H 0 8 1 8
V 0 11 2 1
V 0 14 2 3
V 1 15 2 1
V 3 13 12 2
H 4 0 1 16
H 2 5 1 2
V 1 4 6 2
H 1 5 2 2
H 1 4 2 10
V 1 12 2 1
V 0 11 2 3
V 0 15 2 1
H 0 5 1 12
H 16 0 4 12
V 0 0 20 1
V 4 0 8 2
H 5 15 1 2
H 4 0 2 16
H 4 1 2 16
V 3 15 8 2
H 8 15 1 4
V 7 18 2 1
V 15 2 2 1
H 17 0 1 2
V 16 1 2 19
V 16 13 2 1
H 16 0 1 20
V 0 2 20 1
H 5 4 1 2
H 18 2 1 2
H 5 0 2 10
H 4 1 3 14
V 5 14 6 1
V 4 13 12 2
V 17 2 2 1
H 18 0 2 20
H 16 0 3 12
H 4 0 1 2
H 18 11 1 2
V 0 0 20 1
V 1 0 12 1
H 2 0 1 8
H 2 0 1 14
V 1 4 2 10
V 1 12 2 1
V 0 11 2 3
H 0 7 1 10
V 0 16 2 1
V 8 9 2 1
V 8 15 2 3
H 8 17 1 2
V 5 16 6 1
H 5 12 1 4
V 3 13 12 2
V 4 16 2 1
H 3 11 2 6
V 4 15 2 1
V 3 15 4 2
V 3 5 8 2
V 3 15 8 2
V 3 5 2 1
H 4 6 1 2
H 3 0 1 16
V 3 5 2 1
H 8 13 1 2
V 3 14 10 1
V 3 13 12 2
H 3 2 1 2
H 2 1 5 4
H 2 0 1 14
V 1 4 2 9
V 0 11 2 3
H 0 9 1 6
V 0 14 2 2
V 1 14 2 1
H 9 4 2 8
V 1 4 14 1
V 2 2 2 1
V 2 5 2 1
H 5 4 1 2
H 2 0 1 14
V 1 4 2 10
V 0 11 2 3
H 0 7 1 10
V 0 15 2 1
H 15 0 1 2
H 14 1 1 2
V 0 1 20 1
V 4 0 4 3
V 3 14 6 1
H 3 1 4 14
H 5 1 1 16
V 3 16 6 1
H 8 16 1 2
V 7 17 2 1
V 8 16 2 1
V 10 2 8 1
V 15 3 2 1
H 16 0 4 14
H 13 0 1 2
V 0 0 20 1
V 0 0 12 2
H 3 0 1 14
H 3 1 1 16
V 3 15 8 1
V 4 15 8 1
H 8 16 1 2
V 9 7 2 1
V 9 15 2 1
H 0 14 1 2
H 3 13 1 2
V 0 0 20 3
H 4 0 1 16
V 3 16 2 1
V 4 3 2 1
H 4 1 1 16
H 3 14 1 2
V 3 15 4 2
H 4 9 1 8
V 4 15 6 2
V 0 0 6 1
H 2 0 1 8
H 2 0 1 14
H 1 12 1 2
V 1 4 2 9
V 0 11 2 3
H 0 9 1 6
V 0 14 2 1
V 11 1 8 3
V 18 1 2 1
H 12 0 5 4
V 0 0 20 2
H 3 1 2 10
H 4 1 1 16
V 3 9 8 6
H 2 8 1 2
H 3 8 1 2
H 6 8 1 2
V 4 14 10 1
H 7 12 4 2
V 8 13 6 1
V 16 1 2 13
H 16 0 2 16
V 0 0 20 1
H 6 0 1 10
V 6 2 2 1
H 6 0 1 2
H 5 1 2 14
V 4 10 6 5
H 10 12 1 2
V 4 12 12 1
V 12 10 2 1
V 10 5 6 7
V 14 7 2 4
H 13 5 1 8
H 13 7 2 6
H 3 1 3 16
V 1 4 8 1
H 1 4 2 4
H 1 4 1 10
V 0 11 2 3
H 0 8 1 6
V 8 15 2 1
H 0 13 1 2
V 11 13 2 1
H 11 13 1 2
V 7 7 4 2
H 10 4 1 6
V 4 7 12 1
V 12 10 4 1
H 15 5 1 6
H 0 12 1 2
H 16 0 2 20
H 1 9 1 2
H 17 9 1 2
H 16 0 1 14
H 4 0 1 2
V 0 0 20 1
H 6 7 1 2
H 4 0 3 8
H 6 5 1 4
V 6 13 2 1
V 4 8 2 1
H 5 1 2 14
V 4 10 4 1
V 5 5 4 7
H 9 7 1 4
V 3 10 12 2
V 13 4 2 7
H 14 9 1 2
V 5 2 2 1
V 5 12 2 3
V 3 14 8 1
V 10 13 2 1
V 7 9 2 1
V 3 9 12 1
V 4 9 4 1
H 5 3 1 14
V 5 16 2 1
H 11 8 1 2
H 14 8 1 2
H 8 6 5 6
V 9 8 4 3
H 10 6 1 8
H 10 11 1 2
H 5 2 1 14
V 5 15 2 1
H 3 13 1 2
V 1 3 10 1
H 5 5 1 2
V 2 3 4 3
V 1 4 2 1
H 2 3 3 2
H 2 0 1 14
V 1 2 2 1
V 1 4 2 9
V 0 11 2 1
H 1 11 1 2
H 7 5 2 10
H 7 4 2 10
H 2 3 1 2
V 1 4 10 1
H 1 4 2 4
V 1 10 2 1
H 2 0 1 14
V 0 2 20 1
V 2 0 6 4
H 4 0 2 10
H 4 0 1 16
H 19 0 1 18
H 11 0 1 2
H 15 0 1 2
V 0 0 20 1
V 0 0 14 1
V 1 2 2 1
H 2 0 1 12
V 2 5 2 1
V 1 8 2 1
H 2 1 1 12
V 1 12 2 1
V 16 17 2 1
H 16 0 1 20
V 16 4 2 1
H 16 0 1 12
H 4 0 1 2
H 18 1 1 2
V 0 1 20 1
H 4 1 3 14
V 4 6 6 3
H 7 8 1 2
V 4 8 12 1
H 4 9 3 6
H 5 13 1 2
V 3 5 4 9
V 4 8 6 6
H 8 13 1 2
H 4 7 1 2
H 6 7 1 2
V 3 8 12 1
H 9 8 1 6
V 3 8 4 1
H 5 2 1 14
H 3 4 7 6
H 1 6 1 2
H 4 6 1 2
H 3 3 1 2
V 4 7 12 1
V 10 11 2 1
V 17 1 2 1
H 18 0 2 16
V 0 0 20 2
H 5 9 1 6
V 7 5 4 7
H 7 9 1 6
H 9 11 1 2
H 5 7 1 2
H 4 4 6 4
H 12 4 1 2
V 4 5 12 2
V 3 8 4 4
H 3 7 3 6
V 7 7 2 1
V 16 0 2 7
H 16 1 4 10
H 11 6 1 4
V 0 0 20 2
V 3 7 12 1
V 5 11 2 1
H 6 1 1 14
V 8 11 2 1
V 5 8 4 5
V 4 4 10 5
H 14 6 1 2
H 18 0 2 10
V 0 0 20 2
V 3 1 2 1
V 3 3 2 1
V 4 0 10 3
H 4 0 2 12
H 4 0 2 14
H 5 12 3 2
V 4 12 2 1
H 2 5 1 2
V 2 4 12 2
H 5 4 2 10
V 3 10 8 1
V 1 5 4 1
V 5 4 2 1
H 3 0 3 12
V 7 7 6 2
H 12 7 1 2
V 3 7 8 1
V 4 7 10 1
V 7 1 2 1
V 13 1 2 1
V 2 0 12 2
H 2 0 1 10
H 2 1 1 10
V 6 12 2 2
V 15 1 2 1
V 18 7 2 1
H 16 0 3 16
V 0 0 20 1
H 5 0 2 8
H 6 0 1 14
H 7 11 1 2
V 4 10 6 2
V 5 7 6 3
V 9 8 2 1
V 8 7 2 3
H 9 9 1 2
V 10 6 4 1
V 10 8 2 1
H 11 5 1 4
V 10 5 2 1
V 1 4 14 1
V 2 4 14 1
H 6 12 1 2
V 7 7 2 1
V 11 5 2 1
V 8 4 4 4
H 6 6 1 2
H 11 6 1 2
H 6 9 1 4
V 3 4 2 6
H 3 3 1 2
H 3 4 4 6
V 4 0 2 11
V 6 11 2 1
H 5 4 2 8
H 6 1 1 6
V 4 6 6 4
V 4 7 4 3
H 4 7 5 4
H 3 5 7 4
H 8 6 1 2
V 3 6 10 1
V 0 0 4 2
H 1 0 2 4
V 2 1 2 1
H 2 0 1 8
V 1 7 2 1
V 16 8 2 1
H 16 0 1 20
H 13 2 1 2
V 0 1 20 2
V 9 2 2 1
H 2 2 5 4
H 6 0 1 12
V 5 10 4 1
H 7 9 1 2
H 4 8 5 2
V 8 8 2 1
H 11 4 1 2
V 8 4 6 1
H 7 4 7 2
H 11 5 1 2
V 2 1 2 5
H 1 1 1 2
H 0 2 11 2
H 11 2 1 2
V 1 4 2 1
H 2 0 1 8
V 0 2 8 2
H 6 2 1 2
H 2 3 5 2
H 3 1 2 8
V 3 7 6 1
V 5 5 4 4
H 6 7 1 4
H 4 7 5 2
V 3 4 4 4
V 6 9 2 1
V 4 4 6 2
H 5 2 1 8
H 7 8 1 2
V 4 8 2 1
V 1 3 2 1
V 1 5 2 1
V 5 5 2 1
V 5 8 2 1
V 5 4 4 4
V 8 5 2 1
H 3 5 6 2
V 7 4 4 2
V 3 6 2 1
V 5 1 10 2
H 5 6 1 2
H 4 1 3 6
H 6 0 1 10
V 2 1 14 2
H 2 0 1 6
V 5 8 2 1
H 5 2 2 6
V 6 4 2 1
V 6 7 2 1
V 5 1 8 2
H 8 2 1 2
H 3 2 8 2
H 5 0 2 8
V 8 2 2 1
H 7 2 1 2
V 3 0 12 3
H 2 0 9 4
H 4 3 1 2
H 3 0 2 6
V 12 1 8 3
H 16 2 2 12
V 16 4 2 1
H 16 1 1 18
H 16 14 1 2
H 16 1 4 14
V 4 1 4 1
H 14 2 1 2
V 9 2 2 1
V 0 0 20 3
H 15 0 1 2
V 0 1 18 2
V 16 14 2 1
V 17 0 2 15
V 16 4 2 1
H 17 2 3 14
V 16 10 2 1
V 16 13 2 1
H 17 0 1 20
H 6 2 1 2
V 1 2 18 1
V 2 2 12 1
H 2 1 5 4
H 18 0 2 20
H 14 0 1 2
V 0 1 20 1
V 6 1 6 2
V 6 5 2 1
V 4 0 4 1
H 6 0 1 8
V 4 5 6 1
V 6 6 2 1
H 5 1 2 6
V 3 0 4 5
V 4 3 2 1
H 14 0 3 4
H 11 1 1 2
V 2 1 18 1
V 4 3 4 1
H 5 0 2 6
H 8 4 1 2
V 4 4 6 1
H 3 0 2 4
V 0 0 6 2
H 16 16 1 2
V 13 0 6 4
H 18 3 2 12
V 18 0 2 1
H 18 0 1 20
H 6 5 1 2
V 6 4 2 2
H 5 0 2 6
V 8 2 2 1
V 5 0 4 3
H 17 0 1 10
H 14 2 1 2
V 2 2 18 1
H 17 0 2 14
V 16 15 2 1
H 17 1 2 18
V 5 4 2 1
V 3 0 4 4
H 5 2 2 4
H 10 0 1 2
V 0 0 20 1
V 0 0 2 1
V 18 18 2 1
H 18 1 1 18
V 16 16 4 1
V 18 15 2 1
H 17 11 1 2
H 18 0 1 18
V 10 0 4 1
V 3 0 16 3
V 3 2 14 1
H 3 2 1 2
V 17 16 2 1
V 16 12 2 1
V 17 9 2 7
H 18 14 2 4
V 3 0 2 3
H 3 1 1 2
V 4 2 16 1
V 4 1 2 1
H 5 1 2 4
V 4 2 2 1
H 5 2 6 2
H 7 1 1 2
V 4 2 4 1
H 18 11 1 2
H 17 8 3 8
V 18 9 2 1
H 16 5 3 10
V 8 2 8 1
V 6 0 4 4
H 6 0 3 2
H 6 0 3 4
H 16 0 1 14
H 19 15 1 2
V 18 10 2 4
V 17 13 2 1
H 11 2 1 2
V 6 1 10 2
H 10 0 1 4
V 9 0 4 3
V 6 1 14 1
H 16 0 4 12
V 18 0 2 1
V 18 6 2 1
H 19 0 1 16
H 19 13 1 2
V 8 0 2 4
H 8 2 1 2
V 5 0 4 1
V 16 0 2 12
H 18 12 1 2
V 16 3 2 1
H 17 3 2 10
H 18 12 1 2
V 15 2 2 2
H 16 3 4 4
H 16 6 1 2
H 16 0 2 12
V 6 0 14 1
V 18 1 2 1
H 19 0 1 6
V 6 1 14 1
V 6 0 12 2
V 7 1 12 1
H 13 1 1 2
V 8 2 12 1
H 14 2 1 2
V 8 0 4 3
H 9 2 2 2
H 19 11 1 2
V 10 0 4 1
V 10 0 2 3
H 10 2 1 2
V 17 8 2 2
H 17 7 1 4
H 14 1 1 2
V 14 3 2 1
H 13 0 2 4
V 18 0 2 1
V 18 9 2 1
V 7 0 12 1
V 9 1 10 1
V 9 1 8 1
H 9 1 2 2
H 13 0 1 2
V 12 1 8 1
H 16 1 3 8
H 18 0 1 12
V 9 0 2 2
H 9 0 1 2
H 18 5 2 6
V 16 4 2 5
H 17 4 3 6
V 16 6 2 1
H 16 6 1 2
V 11 1 2 1
H 12 0 3 4
V 9 0 6 1
H 19 9 1 2
H 18 6 2 4
H 17 4 1 2
H 16 3 2 2
H 17 1 2 8
V 10 1 2 1
V 11 0 2 2
H 11 0 2 2
V 13 3 6 1
V 18 0 2 9
H 19 4 1 6
H 18 5 2 4
V 16 6 4 1
V 17 6 2 1
V 18 5 2 3
H 18 6 1 2
V 11 0 8 1
H 17 1 1 6
H 17 5 2 2
V 16 5 4 1
V 13 1 2 1
V 14 1 4 1
V 12 0 4 1
H 15 1 1 2
H 14 0 5 4
H 18 3 1 2
V 16 3 4 1
H 16 3 4 2
H 19 1 1 8
V 15 1 2 2
H 15 2 1 2
V 14 2 2 1
H 18 0 2 6
V 18 4 2 2
H 19 0 1 8
V 18 6 2 1
V 17 1 2 4
H 18 4 1 2
V 15 2 4 1
H 15 0 5 2
V 13 0 4 1
V 17 2 2 2
H 17 0 2 4
H 16 1 1 2
V 14 1 6 1
V 16 1 4 2
H 19 0 1 4
H 19 1 1 6
V 14 0 2 1
V 15 0 2 2
V 17 0 2 3
H 18 1 2 4
H 19 3 1 2
H 19 0 1 2
V 16 1 4 1
H 17 1 1 2
V 16 0 4 2
