H 15 14 1 2
H 13 5 1 2
V 12 1 2 3
V 12 5 2 1
H 13 0 1 6
V 11 0 6 1
H 16 5 1 6
H 16 0 1 16
H 15 0 2 20
V 16 18 2 2
H 17 2 1 18
V 17 4 2 6
V 18 0 2 15
H 19 0 1 20
H 18 0 2 6
V 15 11 2 6
H 15 11 2 8
V 16 18 2 2
H 17 2 1 18
H 17 3 1 6
V 17 5 2 5
H 18 0 1 20
H 11 12 2 8
V 5 12 8 4
H 6 11 7 6
V 1 11 12 2
V 2 11 4 1
V 2 16 2 1
H 1 5 2 14
H 9 9 2 2
V 9 7 2 1
V 2 5 8 5
H 12 4 1 2
V 0 5 14 2
H 13 0 1 10
V 11 0 6 1
H 15 0 2 16
H 13 9 1 2
H 15 9 1 2
H 15 0 2 20
V 16 18 2 1
H 17 2 1 18
V 17 4 2 6
V 17 7 2 1
V 18 3 2 16
H 19 1 1 18
H 17 0 1 6
V 17 4 2 6
V 17 6 2 1
H 18 0 1 8
H 16 13 1 6
V 16 18 2 1
H 17 0 1 20
V 17 4 2 6
H 18 1 1 18
V 18 17 2 1
V 12 2 2 1
H 13 0 1 6
V 11 0 6 1
H 15 0 2 16
H 16 0 1 20
V 16 18 2 2
V 17 7 2 1
H 17 1 1 18
V 17 4 2 6
H 18 1 1 18
V 9 4 6 1
H 13 0 1 8
V 11 0 6 1
H 13 7 1 2
H 16 7 1 2
H 15 0 2 16
H 16 0 1 20
V 15 13 2 1
V 16 18 2 2
H 17 0 1 20
V 17 4 2 6
V 18 1 2 10
H 18 1 2 14
H 14 0 1 8
V 13 0 4 1
H 15 0 2 16
H 16 0 1 20
V 16 18 2 1
V 17 8 2 1
H 17 1 1 18
V 17 4 2 6
V 17 7 2 1
H 18 2 1 16
H 10 0 5 4
V 10 0 6 1
V 11 0 6 1
H 15 0 2 16
V 15 12 2 1
H 16 0 1 20
V 16 18 2 1
H 17 1 1 18
V 17 4 2 6
V 18 5 2 12
H 18 3 2 14
V 12 8 2 2
H 5 17 1 2
H 13 17 1 2
H 13 0 2 18
H 14 0 1 2
V 11 0 6 1
H 15 7 2 2
H 15 0 2 16
H 16 0 1 20
V 16 18 2 2
H 17 0 1 20
V 17 4 2 6
V 18 2 2 9
H 18 2 2 12
V 4 5 2 1
V 5 5 2 6
V 1 8 14 2
V 12 3 2 1
H 13 0 2 16
V 10 0 2 1
V 11 0 6 1
H 16 15 1 2
H 15 0 2 16
H 16 0 1 20
V 16 18 2 2
H 17 0 1 20
H 17 0 1 16
V 10 0 4 4
V 12 0 2 1
H 14 3 1 2
H 13 0 2 4
V 11 0 6 1
H 15 0 2 16
H 16 0 1 20
V 16 18 2 1
H 17 2 1 18
V 17 4 2 6
V 18 6 2 10
H 18 4 2 12
H 9 1 1 2
H 8 0 2 4
H 11 2 1 2
V 8 3 4 1
V 9 3 6 1
H 13 0 2 6
V 11 0 6 1
H 15 0 2 16
H 14 0 1 20
H 16 0 1 20
V 16 18 2 2
H 17 1 1 18
H 17 1 1 16
H 14 0 1 8
H 15 0 1 2
V 13 0 4 1
H 15 0 2 16
V 15 6 2 1
H 13 0 2 20
H 16 0 1 20
V 16 18 2 2
H 17 2 1 18
V 17 7 2 3
H 18 2 1 14
H 13 0 1 10
V 12 7 2 1
V 11 0 6 1
H 15 0 2 16
H 16 0 1 20
V 16 18 2 1
H 17 2 1 18
V 18 9 2 1
V 17 4 2 6
H 18 3 1 14
H 10 11 1 8
V 1 12 12 1
H 2 12 1 2
V 0 12 8 1
H 0 5 1 12
V 5 9 2 1
V 0 5 12 5
V 1 6 14 2
H 13 0 1 12
V 11 0 6 1
H 15 0 2 16
V 15 18 2 1
H 16 0 1 20
V 16 18 2 2
H 17 2 1 18
V 17 7 2 3
V 18 3 2 8
H 18 3 2 12
H 10 0 4 2
V 10 0 6 1
H 15 0 1 2
V 11 0 6 1
H 16 15 1 2
H 15 0 2 16
H 16 0 1 20
V 16 18 2 2
H 17 7 1 8
H 17 2 1 18
V 17 4 2 6
V 18 6 2 9
H 19 5 1 10
H 18 10 1 6
V 0 0 6 4
V 0 0 10 2
H 8 0 2 4
H 10 2 1 2
V 8 3 4 1
V 8 3 6 1
H 13 0 1 6
V 11 0 6 1
V 14 0 2 1
H 15 0 2 16
V 15 10 2 1
V 15 12 2 1
H 16 0 1 20
V 16 18 2 2
H 17 2 1 18
V 17 4 2 6
V 18 4 2 6
H 18 4 2 10
V 5 12 8 6
H 8 12 5 6
H 8 11 1 6
V 0 11 12 1
H 0 5 4 12
V 0 5 8 4
V 1 5 14 1
H 13 0 1 10
V 11 0 6 1
H 16 0 1 16
H 16 0 1 20
V 16 18 2 2
H 17 2 1 18
H 17 2 1 14
V 1 5 8 5
H 7 8 1 2
V 0 9 14 1
H 13 0 2 18
V 11 0 6 1
H 16 0 1 16
H 16 0 1 20
V 16 18 2 2
H 17 3 1 16
H 17 7 1 4
V 17 4 2 6
H 18 4 1 10
V 18 13 2 1
H 5 11 4 6
V 0 11 12 1
H 0 5 3 12
V 0 5 10 2
V 0 5 14 1
H 13 0 2 10
V 11 0 6 1
H 16 0 1 16
H 16 0 1 20
V 16 18 2 1
H 17 3 1 16
H 17 3 1 14
H 2 10 1 2
V 0 9 10 2
H 1 7 2 2
H 5 7 1 2
H 1 5 7 6
V 1 7 14 1
H 13 0 2 14
H 16 0 1 2
V 11 0 6 1
H 16 0 1 16
H 16 0 1 20
V 16 18 2 1
H 17 4 1 16
H 17 4 1 12
V 17 4 2 1
H 4 11 1 8
V 8 12 2 1
H 4 11 5 6
H 4 12 1 2
V 0 11 8 2
H 0 5 2 12
V 0 5 12 1
V 0 5 14 1
H 13 0 1 10
V 11 0 6 1
H 16 0 1 16
H 16 0 1 20
V 16 18 2 2
H 17 4 1 16
H 17 9 1 2
V 17 5 2 5
H 18 5 1 10
H 8 2 2 2
V 9 3 2 1
V 8 3 6 1
V 12 5 2 1
H 13 0 2 6
V 11 0 6 1
H 16 0 1 16
H 16 9 1 2
H 16 0 1 20
V 16 18 2 2
H 17 4 1 16
H 17 4 1 8
V 17 5 2 5
V 18 6 2 1
V 1 5 2 1
V 2 5 12 1
H 13 0 1 10
V 11 0 6 1
H 16 0 1 16
H 16 0 1 20
V 16 18 2 1
H 17 4 1 16
H 17 4 1 10
V 17 5 2 1
H 6 1 1 2
V 0 0 10 2
H 8 0 2 4
V 8 3 4 1
V 9 3 6 1
H 13 0 1 6
V 11 0 6 1
H 16 0 1 16
H 16 0 1 20
V 16 18 2 2
H 17 4 1 16
V 17 7 2 1
H 17 4 1 12
V 4 11 8 3
H 4 11 5 4
V 0 11 12 2
H 0 5 1 12
V 11 6 2 1
V 0 5 12 2
V 1 5 14 2
H 13 0 1 10
V 11 0 6 1
H 16 0 1 16
H 16 0 1 20
V 16 18 2 2
H 17 5 1 14
H 17 8 1 4
V 17 6 2 4
H 18 6 1 8
H 17 5 1 2
H 13 3 1 2
V 12 4 2 6
V 13 4 2 1
H 13 0 1 16
V 11 0 6 1
V 15 2 2 1
H 16 0 1 16
H 16 0 1 20
V 16 18 2 2
V 17 6 2 1
H 17 6 1 14
H 17 6 1 8
V 17 6 2 4
V 18 7 2 1
V 0 6 10 5
V 0 5 14 2
H 13 0 1 12
V 11 0 6 1
H 16 0 1 16
V 15 13 2 1
H 16 0 1 20
V 16 18 2 2
H 17 6 1 14
H 17 6 1 6
V 17 6 2 4
H 18 6 1 6
V 18 11 2 1
H 9 5 1 6
V 7 5 8 5
H 13 0 1 14
V 13 11 2 1
V 11 0 6 1
H 16 0 1 16
V 15 16 2 1
H 16 0 1 20
H 17 17 1 2
V 16 18 2 2
H 17 6 1 14
H 17 6 1 10
V 17 6 2 1
H 0 0 10 2
H 8 0 1 4
V 8 3 4 1
V 11 3 2 1
V 9 3 6 1
H 13 0 1 6
V 11 0 6 1
H 16 0 1 16
H 16 9 1 2
H 16 0 1 20
V 16 18 2 2
H 17 6 1 14
H 17 6 1 10
H 4 12 5 6
H 8 11 1 6
V 0 11 12 1
V 2 14 2 1
H 1 5 2 12
V 0 5 8 1
V 1 5 14 1
H 13 0 1 10
V 11 0 6 1
H 16 0 1 16
H 16 0 1 20
V 16 18 2 2
H 17 7 1 12
H 17 7 1 6
V 17 8 2 2
H 18 8 1 4
V 9 12 2 1
H 10 12 3 8
V 1 11 12 2
H 2 12 1 2
H 11 12 1 2
V 0 12 8 1
V 3 10 2 1
H 0 5 4 12
V 0 6 12 2
V 0 6 14 1
H 13 9 1 4
H 13 0 1 12
V 11 0 6 1
H 16 0 1 16
H 16 0 1 20
V 16 18 2 2
H 17 7 1 12
H 17 7 1 8
V 17 8 2 2
V 18 8 2 1
H 11 11 1 2
V 9 14 2 1
V 9 19 2 1
H 10 12 3 8
V 5 14 8 4
H 8 11 1 6
V 0 11 12 2
V 2 6 2 1
H 1 5 2 14
V 0 5 8 1
V 1 5 14 2
H 13 0 1 10
V 11 0 6 1
V 15 9 2 1
H 16 0 1 16
H 13 0 1 20
H 16 0 1 20
V 16 18 2 2
H 17 7 1 12
H 17 7 1 6
V 17 8 2 2
V 18 9 2 2
H 19 9 1 2
V 12 8 2 1
H 13 0 1 10
V 11 0 6 1
H 16 15 1 2
H 16 0 1 16
H 16 0 1 20
V 16 18 2 2
H 17 7 1 12
H 17 7 1 8
V 17 8 2 1
V 0 0 6 4
V 0 0 10 3
H 1 2 1 2
H 8 2 2 2
V 8 3 4 1
V 8 3 6 1
V 13 5 2 1
H 13 0 1 6
H 11 0 1 2
V 11 0 6 1
H 16 0 1 16
H 13 0 2 20
H 16 0 1 20
V 16 18 2 2
H 17 7 1 12
H 17 9 1 2
H 17 7 1 6
V 17 9 2 1
V 18 9 2 1
H 13 0 2 18
H 16 0 1 2
V 13 0 4 1
H 16 0 1 16
H 16 0 1 20
V 16 18 2 2
H 17 7 1 12
H 17 7 1 6
V 17 9 2 1
H 18 9 1 2
H 1 6 2 14
H 1 5 2 14
V 2 5 8 3
V 1 5 14 1
V 12 3 2 1
H 13 0 1 10
V 11 0 6 1
H 16 0 1 16
H 16 0 1 20
V 16 18 2 2
H 17 7 1 12
H 17 7 1 10
V 4 16 4 2
H 4 11 1 8
V 0 12 8 1
H 0 5 3 12
V 0 5 12 3
V 1 5 14 5
H 13 0 1 12
V 11 0 6 1
H 15 0 2 16
H 15 0 2 20
V 16 18 2 2
H 17 9 1 10
H 17 9 1 8
V 17 9 2 1
H 7 8 1 2
V 2 0 2 4
V 2 8 2 1
V 3 5 12 4
H 13 0 2 10
V 11 0 6 1
H 15 0 2 16
H 15 0 2 20
V 16 18 2 2
H 17 9 1 10
H 17 9 1 8
V 9 5 2 1
V 2 5 8 3
V 1 5 14 3
H 13 0 1 14
V 11 0 6 1
V 14 0 2 1
H 15 0 2 16
H 15 0 2 20
V 16 18 2 2
H 17 10 1 10
H 17 10 1 6
H 8 0 2 4
V 8 3 4 1
V 8 3 6 1
H 13 0 2 6
V 11 0 6 1
H 15 0 2 16
H 15 0 2 20
V 16 18 2 2
H 17 12 1 8
H 17 12 1 4
V 5 8 2 2
V 0 5 14 4
H 13 0 1 16
V 11 0 6 1
H 15 0 2 16
H 15 0 2 20
V 16 18 2 2
V 5 16 8 2
H 4 12 5 6
H 6 11 3 6
H 3 12 1 2
V 0 11 12 2
V 0 8 2 1
V 0 17 2 2
H 11 12 1 2
H 0 5 1 12
V 0 5 12 4
V 0 5 14 1
H 13 0 2 10
H 15 0 1 2
V 11 0 6 1
H 16 0 1 16
H 15 0 2 20
H 17 13 1 4
H 17 15 1 4
V 16 18 2 2
H 17 13 1 6
H 10 12 3 8
V 4 11 8 7
H 6 12 1 6
V 0 11 12 2
H 0 5 2 12
V 0 5 12 3
V 0 5 14 3
H 13 0 1 12
V 11 0 6 1
H 15 0 2 16
H 15 9 2 2
H 15 0 2 20
V 16 18 2 2
H 17 16 1 4
V 7 0 2 3
H 7 2 1 2
H 5 0 5 2
H 7 0 1 4
H 8 0 2 4
V 8 3 4 1
V 8 3 6 1
V 12 1 2 1
H 13 0 1 6
V 11 0 6 1
H 15 0 2 18
H 15 0 2 20
V 16 19 2 1
V 2 7 6 4
V 1 6 14 2
H 13 0 1 14
V 11 0 6 1
H 16 0 1 16
H 15 0 2 20
V 16 18 2 1
H 17 17 1 2
V 13 0 4 1
H 15 0 2 18
H 15 0 2 20
V 14 0 2 1
H 12 14 1 2
V 5 15 8 3
H 8 12 1 6
H 8 11 1 6
H 2 12 1 2
V 0 11 12 2
H 2 5 1 12
H 6 6 1 2
V 0 5 8 2
V 1 5 14 1
V 10 0 4 1
H 13 0 1 10
V 11 0 6 1
H 15 0 2 18
H 15 1 2 18
V 7 18 6 2
H 10 12 2 8
V 4 14 8 4
V 10 12 2 1
H 6 11 5 6
H 6 13 1 2
V 0 11 12 1
H 0 5 1 12
V 0 5 12 3
V 0 5 14 3
H 13 0 1 10
H 12 0 1 2
V 11 0 6 1
H 15 0 2 16
H 15 0 2 18
V 4 9 2 1
V 2 5 6 6
V 1 5 14 1
H 13 0 1 10
V 11 0 6 1
H 15 0 2 16
H 15 1 2 16
H 8 11 2 6
V 0 11 12 2
V 2 13 2 1
H 3 5 1 14
V 3 5 6 6
V 0 5 14 4
V 12 2 2 1
H 13 0 1 10
V 12 0 4 1
H 15 15 1 2
H 15 0 2 16
H 15 0 1 18
H 13 0 1 20
H 13 0 1 16
V 11 0 6 1
H 15 0 2 14
H 15 0 2 16
V 0 1 10 2
H 8 2 2 2
H 12 2 1 2
V 8 3 4 1
V 9 3 6 1
H 13 0 1 6
V 13 0 4 1
V 15 11 2 1
V 15 14 2 1
H 15 0 1 14
H 15 0 1 16
V 0 0 6 4
H 9 0 1 2
H 14 0 1 2
V 0 1 10 2
H 4 2 1 2
H 8 2 1 2
H 13 2 1 2
V 8 3 4 1
V 8 3 6 1
H 13 0 1 6
V 13 0 4 1
H 15 0 1 14
H 15 1 2 14
H 0 5 1 12
V 0 5 12 2
V 1 6 14 3
H 13 0 2 12
H 16 0 1 2
V 11 0 6 1
H 15 0 2 14
V 15 6 2 1
H 16 1 1 14
V 15 0 2 13
V 15 2 2 1
H 15 2 1 12
V 0 0 2 1
V 0 4 14 1
H 13 0 2 8
V 12 0 4 1
H 15 0 2 10
H 15 0 1 12
H 5 14 1 2
H 4 11 9 4
V 0 11 12 2
V 3 8 2 1
H 3 5 1 12
V 3 5 6 4
V 0 5 14 2
H 13 0 1 10
V 11 0 6 1
H 15 0 2 10
H 15 1 2 10
H 9 2 1 2
V 8 3 6 1
H 9 0 1 4
V 0 1 10 2
H 1 0 7 4
V 0 1 8 3
H 1 6 3 14
H 2 7 1 4
V 0 11 2 1
V 0 10 10 1
H 6 5 1 6
V 1 7 14 1
H 13 0 1 14
H 16 0 1 2
V 11 0 6 1
H 16 7 1 2
H 15 0 2 8
H 15 0 2 10
V 2 0 2 1
V 3 9 12 1
V 13 7 2 1
V 13 14 2 1
H 14 9 1 2
H 13 0 1 18
V 12 0 4 1
H 15 0 2 8
H 15 0 1 10
V 0 5 10 6
V 0 7 14 2
V 12 1 2 1
H 13 0 2 8
V 8 3 6 1
V 8 3 4 1
H 8 2 2 2
V 0 2 10 1
V 0 2 6 1
H 1 2 1 2
H 5 2 1 2
V 6 18 2 2
H 10 17 1 2
V 6 18 6 1
H 6 18 1 2
V 9 15 2 1
H 10 12 1 8
V 4 13 8 4
V 6 16 2 1
H 6 11 1 6
V 0 11 12 1
H 0 5 3 12
V 0 5 12 5
V 0 5 14 1
H 13 3 1 4
V 9 3 6 1
V 8 3 2 1
V 8 3 4 1
V 7 1 2 1
H 8 0 2 4
V 2 1 8 2
V 1 1 6 2
H 11 4 2 2
V 8 5 6 5
H 13 0 1 14
H 12 0 1 2
V 11 0 6 1
H 14 0 1 6
H 15 0 2 6
H 15 0 2 8
H 2 2 1 2
H 15 1 1 8
H 15 0 1 8
V 10 0 6 1
H 10 0 5 2
H 10 0 4 4
V 8 3 6 1
H 8 0 2 4
V 4 0 6 3
V 3 0 6 3
H 3 0 1 2
V 5 5 2 5
H 5 7 1 2
V 0 8 14 1
V 13 9 2 1
H 13 0 1 16
V 13 0 4 1
H 15 0 1 8
H 15 1 1 8
H 3 10 1 2
V 4 11 2 1
V 7 11 6 1
V 0 11 10 2
H 0 5 1 12
V 0 6 12 3
V 0 6 14 1
V 12 3 2 1
H 13 1 1 6
V 9 3 6 1
V 8 3 4 1
H 8 2 2 2
V 2 2 8 1
V 1 2 6 1
V 13 10 2 1
H 13 0 1 16
V 11 0 6 1
H 15 0 2 6
H 15 1 2 6
H 15 6 1 2
V 1 6 10 3
V 0 6 14 1
V 12 3 2 1
H 13 3 1 6
V 8 3 6 1
H 5 2 1 2
H 8 2 1 2
V 8 3 4 1
H 8 0 2 4
V 4 0 6 3
V 4 0 2 4
H 4 0 1 2
H 16 4 1 2
H 14 9 1 2
H 13 0 2 20
H 13 3 1 4
V 8 3 6 1
V 8 3 4 1
H 8 0 2 4
V 6 0 4 3
H 5 0 2 4
V 4 2 4 2
V 0 6 10 2
H 7 6 1 2
V 0 5 14 2
H 13 1 1 6
V 8 3 6 1
V 8 3 4 1
H 8 2 2 2
V 3 2 6 1
V 3 2 4 1
H 8 12 1 2
V 3 12 2 1
H 4 11 8 4
V 0 11 10 1
H 0 5 3 12
H 11 4 1 2
V 0 5 12 1
V 0 5 14 1
H 13 3 1 4
V 8 3 6 1
V 8 4 6 1
V 8 3 4 1
H 8 2 2 2
V 4 2 6 1
H 5 0 2 4
H 13 3 2 2
V 8 3 6 1
V 8 3 4 1
H 8 2 2 2
V 4 2 6 1
V 4 2 2 1
H 5 1 1 2
V 2 4 6 1
V 0 4 14 1
V 12 0 2 1
H 13 0 1 8
V 11 0 6 1
H 15 0 2 4
H 15 1 2 4
H 5 2 1 2
V 13 1 2 1
V 13 3 2 1
H 14 0 1 20
H 13 2 2 4
V 9 3 6 1
H 10 2 1 2
V 8 3 6 1
H 8 0 2 4
V 5 1 4 1
V 5 1 2 1
V 4 16 8 1
H 4 12 1 8
V 0 11 8 2
H 0 5 1 12
V 0 5 12 2
V 1 5 14 2
H 13 1 2 6
V 8 3 6 1
V 8 3 4 1
H 8 0 2 4
V 6 0 4 3
H 6 0 1 2
V 15 3 2 1
H 13 2 2 2
V 9 3 6 1
V 9 4 6 1
V 8 3 6 1
H 8 0 2 4
V 6 1 4 2
H 14 2 1 2
H 13 3 2 2
V 8 3 6 1
V 8 3 4 1
H 8 1 1 2
H 10 1 1 2
H 8 2 2 2
V 6 2 4 1
V 5 2 2 1
H 6 5 4 6
H 6 5 1 2
H 12 5 1 2
H 9 7 1 2
V 1 6 14 2
H 13 3 1 8
V 8 3 6 1
H 6 2 1 2
H 11 2 1 2
V 8 3 4 1
H 8 0 2 4
V 7 0 2 2
H 7 0 1 2
V 0 6 2 11
H 1 5 2 14
V 1 6 10 4
H 5 7 1 2
V 1 8 14 2
H 13 0 1 12
V 8 3 6 1
V 8 3 4 1
H 8 2 2 2
H 7 1 1 2
H 14 0 1 6
V 14 0 2 1
H 14 0 1 2
H 15 0 2 2
V 14 0 2 1
H 15 0 1 4
H 1 5 1 12
V 0 5 10 1
V 1 5 14 1
H 13 3 2 4
V 9 3 6 1
V 8 3 4 1
V 6 2 4 1
H 8 2 2 2
V 7 2 2 1
H 6 2 2 2
H 2 6 1 14
H 1 5 2 14
V 0 5 8 4
V 1 5 14 1
H 13 0 1 10
V 11 0 6 1
H 15 0 2 2
H 15 1 2 2
V 8 1 2 3
H 8 1 2 2
V 2 6 12 1
V 12 4 2 1
H 13 1 2 6
V 8 3 6 1
V 9 3 2 1
V 9 19 2 1
H 9 0 1 4
H 9 0 1 2
V 10 0 2 1
V 2 6 12 1
H 13 0 1 12
V 11 0 6 1
V 4 9 10 1
H 13 0 1 12
V 8 3 6 1
V 8 3 4 1
H 7 8 1 2
V 6 9 6 2
H 10 5 2 6
H 11 4 1 6
V 3 4 12 1
V 3 4 4 1
V 7 5 8 4
H 13 8 2 2
V 14 0 2 1
H 13 0 2 20
V 12 4 2 1
V 12 7 2 1
H 13 0 2 18
H 14 0 1 6
V 12 0 4 1
V 0 7 10 2
H 0 8 4 6
V 0 11 8 1
V 1 11 12 2
H 10 11 1 8
H 10 12 1 8
H 11 17 1 2
V 7 18 6 2
V 6 19 2 1
V 9 18 2 2
H 10 11 1 8
V 5 11 8 4
H 4 11 3 6
H 9 11 1 2
V 0 11 12 1
V 2 8 2 1
H 0 5 3 12
V 0 5 12 3
H 5 5 1 2
V 0 5 14 1
H 13 2 1 4
V 9 3 6 1
V 9 3 2 1
H 9 2 1 2
V 13 0 2 1
V 13 4 2 10
V 13 11 2 1
H 14 0 1 14
H 0 5 12 6
V 6 7 8 2
H 13 0 1 12
V 11 1 4 1
V 12 6 2 4
H 13 0 1 8
V 9 3 6 1
V 9 3 2 1
V 0 5 10 6
H 1 9 1 2
V 0 9 14 1
H 13 2 1 14
H 12 1 1 2
V 10 2 4 2
V 10 2 2 1
V 10 19 2 1
H 11 4 3 2
V 1 5 14 1
V 0 5 8 4
H 0 5 2 12
V 0 11 8 2
V 1 11 12 1
H 10 11 2 6
V 9 16 2 1
H 4 11 1 8
H 10 11 3 8
V 6 18 6 1
V 6 18 2 1
H 13 12 2 6
H 13 0 1 14
V 13 9 2 7
H 13 1 1 18
H 8 18 1 2
H 0 5 1 12
V 0 6 14 4
H 13 4 1 2
V 1 5 14 3
V 12 4 2 1
H 13 1 2 10
V 7 12 2 1
V 0 11 8 2
H 0 5 1 12
V 0 6 12 3
H 9 8 1 2
V 1 5 14 4
V 12 2 2 1
H 11 8 1 2
H 13 2 2 6
H 12 2 1 2
V 10 3 4 1
V 10 3 2 1
V 10 14 2 1
V 5 4 2 1
H 13 5 2 10
V 0 5 14 2
V 0 5 12 1
H 0 5 1 12
V 0 11 8 2
V 0 11 12 1
H 10 11 1 6
V 9 12 2 1
H 10 11 2 8
V 7 18 6 1
H 10 5 3 6
V 12 3 2 1
V 12 7 2 3
H 13 1 1 12
V 6 4 2 1
H 12 17 1 2
H 9 18 1 2
H 10 14 1 2
V 9 15 4 3
H 11 17 1 2
H 13 3 2 4
V 12 3 2 1
V 9 9 6 1
V 13 4 2 1
H 14 3 1 12
V 0 8 14 1
V 3 11 2 1
H 3 6 1 6
V 3 11 2 2
V 1 11 12 1
H 9 11 2 6
H 10 11 1 8
V 9 18 2 1
H 0 5 1 12
H 7 9 1 2
V 0 10 8 1
H 4 5 1 6
V 0 7 14 2
V 10 5 2 1
H 11 4 1 6
H 12 4 1 2
V 7 4 8 1
V 11 13 2 1
H 12 13 1 4
V 13 4 2 9
H 14 11 1 4
H 5 16 1 2
H 11 16 1 2
H 14 4 1 2
H 10 17 1 2
H 13 13 1 2
H 10 16 1 2
H 8 12 1 4
V 5 14 6 3
H 8 14 3 4
H 13 4 1 10
V 12 4 2 1
H 13 4 1 4
V 1 6 8 1
V 0 6 2 1
V 0 17 2 2
V 1 6 14 2
H 14 5 1 2
H 4 12 3 6
H 4 11 3 6
V 0 11 12 1
H 0 8 4 4
H 0 7 1 2
V 0 8 14 2
V 1 6 14 4
V 13 10 2 1
H 14 6 1 8
H 14 9 1 2
H 9 6 6 4
V 9 5 4 5
H 11 4 1 4
V 10 4 2 1
V 10 15 2 1
H 4 11 6 4
V 0 11 12 2
V 1 12 2 1
H 0 5 2 12
V 0 5 12 3
V 1 5 12 1
H 12 4 1 2
H 4 13 6 4
V 11 12 2 1
V 8 11 4 4
V 4 6 10 1
H 12 5 1 2
H 11 4 1 4
V 11 5 2 1
V 3 12 2 1
V 4 18 2 2
H 4 11 1 8
V 0 11 8 2
H 0 8 3 6
V 0 9 14 1
V 1 9 14 1
H 13 8 2 4
H 8 6 1 2
V 0 7 14 1
V 1 10 2 1
V 2 5 4 6
H 0 6 4 8
V 3 12 2 1
V 0 11 12 1
H 9 11 1 4
V 5 11 8 1
H 7 11 3 6
V 7 11 4 4
H 7 13 2 4
V 13 8 2 3
H 14 9 1 2
H 8 5 2 4
V 9 5 2 1
V 4 7 10 2
V 6 17 2 1
H 11 12 1 2
H 6 16 1 2
V 10 5 2 1
V 6 12 4 3
H 1 11 1 2
H 8 11 4 2
V 11 11 2 1
V 12 9 2 1
H 13 9 1 2
V 7 7 6 1
V 1 5 10 2
V 10 6 2 1
H 5 17 1 2
V 7 15 2 1
V 6 6 2 1
V 4 5 6 4
H 3 7 1 2
H 1 8 10 2
V 1 9 14 1
V 1 9 12 2
H 1 9 1 2
H 12 9 1 2
V 0 7 12 1
V 0 10 12 1
H 0 10 4 2
H 3 10 1 4
V 0 11 8 2
H 4 11 1 8
H 4 12 1 8
V 6 11 4 3
H 3 9 9 2
V 10 9 4 1
V 5 11 2 5
H 4 12 2 6
V 3 11 4 2
H 4 11 1 6
H 4 11 1 8
V 4 11 2 1
V 1 11 4 1
H 3 11 1 2
H 3 6 1 14
V 5 12 2 1
V 1 11 10 2
H 8 11 1 4
H 2 5 1 2
H 1 6 3 6
V 0 8 10 1
H 10 7 1 2
V 1 8 12 1
H 7 7 1 2
V 0 15 2 1
H 1 10 1 10
V 1 12 8 1
H 4 11 2 6
H 4 15 1 2
V 4 14 4 2
V 1 12 6 1
H 0 7 2 10
V 0 12 10 1
H 1 5 1 8
V 1 12 10 1
V 0 17 4 2
V 6 8 6 1
H 6 5 3 6
V 8 6 2 1
V 7 7 4 4
V 7 9 6 1
V 2 12 2 6
H 2 12 1 8
V 4 11 2 1
V 5 11 4 3
H 7 13 1 2
H 4 12 5 2
H 4 11 2 6
V 0 5 6 6
H 9 7 1 2
H 2 9 1 2
V 0 8 12 2
V 0 18 2 2
H 6 8 5 2
V 6 9 6 1
H 1 5 1 2
H 6 5 2 2
V 9 10 2 1
V 2 6 2 3
H 0 6 4 8
V 2 7 4 1
H 3 6 1 12
V 0 12 6 1
H 2 11 1 2
V 0 11 8 2
H 7 12 1 2
V 1 11 8 1
V 3 9 2 1
H 3 7 1 10
H 4 11 1 2
V 0 11 10 1
H 8 11 1 2
V 0 6 4 2
H 0 5 2 12
V 1 8 6 1
H 1 6 1 14
V 0 7 2 1
V 0 18 2 1
H 6 8 3 2
V 5 9 6 1
V 3 5 2 6
V 1 7 8 2
H 4 14 1 2
H 0 8 4 4
H 2 6 1 12
V 2 14 2 1
V 0 11 6 2
V 0 9 2 1
V 1 5 2 12
H 1 7 1 12
H 0 5 6 4
H 3 7 1 2
V 0 8 8 2
V 0 8 10 2
H 0 9 4 6
H 3 10 1 2
V 1 11 6 2
H 6 12 1 2
V 4 6 2 1
V 4 13 2 1
H 1 12 1 6
H 6 7 1 4
H 6 6 1 4
H 2 8 2 8
V 0 11 8 1
V 3 9 2 2
H 3 6 1 10
V 1 11 6 2
H 6 11 1 2
H 4 12 1 2
H 2 9 1 2
H 1 5 3 10
V 3 8 2 1
V 0 7 8 4
H 4 13 1 2
H 0 5 1 12
V 0 9 8 2
H 4 8 1 2
V 1 9 8 2
V 5 7 2 1
H 1 15 1 2
V 2 5 2 10
V 1 11 6 1
V 6 8 2 1
H 0 5 5 4
H 0 6 4 8
V 3 11 2 2
H 4 12 1 2
V 3 12 2 1
V 2 7 4 1
H 2 5 2 8
V 3 5 2 1
V 0 9 8 1
V 1 9 8 1
H 1 5 3 6
V 0 9 8 1
H 3 5 1 8
V 5 9 2 1
H 0 9 6 2
H 0 5 1 12
H 3 6 1 2
V 4 8 2 3
H 1 7 4 2
V 5 9 2 1
V 1 12 2 2
H 0 11 2 4
H 2 10 1 4
V 1 11 4 1
V 0 8 6 2
V 3 8 2 3
V 2 12 2 1
H 3 7 1 6
V 1 8 4 3
H 2 6 1 8
V 3 9 2 2
H 4 8 1 2
H 4 9 1 2
H 0 5 1 2
V 1 11 2 1
V 0 6 2 8
V 1 6 2 1
V 0 7 4 5
H 0 8 4 4
V 2 9 4 1
H 1 6 1 6
V 0 11 2 1
H 1 6 1 8
H 2 8 2 2
H 0 5 1 2
H 1 7 1 6
V 0 6 2 6
V 0 9 4 2
H 0 5 1 8
H 0 5 1 4
H 0 7 2 4
V 0 8 2 3
H 0 7 1 6
H 0 9 2 2
H 0 6 1 4
V 0 9 4 1
H 0 9 1 2
V 1 9 2 1
H 0 8 1 4
H 0 8 1 2
