V 2 11 2 1
H 14 13 1 2
V 13 11 2 1
H 6 15 1 2
H 4 1 1 2
H 18 1 1 2
H 13 17 1 2
H 18 0 2 20
H 17 0 3 4
H 5 5 1 2
H 3 6 9 4
H 2 4 1 2
H 5 4 1 2
V 4 5 12 3
H 12 5 1 2
H 12 6 5 6
H 16 18 1 2
V 14 5 2 1
H 15 5 2 14
V 12 16 8 4
H 19 1 1 18
H 17 1 3 12
H 18 12 1 2
V 18 2 2 18
H 17 0 2 4
H 12 6 5 14
H 5 4 1 2
V 0 7 2 1
H 16 7 1 2
V 8 6 2 1
V 1 5 16 3
V 5 4 2 1
V 5 7 2 1
V 5 9 2 2
V 5 15 2 1
H 3 4 3 6
V 1 4 16 1
V 11 3 2 1
H 12 3 1 2
H 9 2 1 2
V 0 3 16 1
V 0 3 8 1
H 0 0 1 4
H 0 0 1 2
H 7 7 1 2
H 14 7 1 2
V 0 5 16 3
H 0 4 6 4
V 0 4 14 1
H 12 1 4 4
V 1 2 16 1
V 1 2 6 1
H 1 0 4 4
H 14 15 1 2
V 12 16 6 4
H 12 5 4 14
H 12 5 5 10
H 15 6 1 2
V 1 5 16 2
H 5 5 1 2
H 0 4 6 2
V 1 4 16 1
H 12 2 1 2
H 12 3 5 2
V 1 2 16 2
V 0 3 8 1
H 0 2 1 2
H 6 2 1 2
H 0 1 1 2
V 5 4 2 1
V 5 5 2 1
H 1 4 5 2
V 0 5 16 1
H 12 5 5 8
V 13 13 2 1
H 13 5 1 14
V 12 16 8 1
V 17 4 2 1
H 17 0 1 20
H 17 0 1 12
V 7 5 2 1
V 7 8 2 1
V 6 5 2 14
H 3 11 1 2
V 7 11 2 1
H 0 5 8 14
V 7 13 2 1
H 7 5 1 10
H 5 7 1 2
V 1 5 16 3
H 15 5 2 8
H 12 6 5 14
H 17 16 2 2
V 12 16 8 1
H 17 2 3 18
H 18 2 2 10
H 18 1 1 2
V 12 11 4 9
V 15 12 2 1
H 12 12 4 6
V 12 16 8 2
H 18 2 1 18
H 18 2 1 10
V 10 5 4 3
H 12 8 1 2
H 12 7 4 4
V 14 7 2 1
H 12 6 3 14
H 15 15 1 2
V 12 16 8 1
H 12 16 1 2
H 17 1 1 18
H 17 1 1 12
V 12 16 8 1
H 12 12 1 6
V 12 16 6 3
V 12 16 8 1
H 17 4 3 16
H 18 3 2 10
H 12 5 1 6
H 11 6 1 2
H 13 6 1 2
V 0 5 16 2
H 1 5 1 2
H 0 4 6 2
V 0 4 16 1
H 12 3 4 2
V 1 3 16 1
V 0 3 8 1
H 0 2 1 2
H 12 2 1 2
V 0 6 6 10
V 4 17 2 1
H 4 4 1 16
H 3 7 1 2
V 5 6 2 1
V 3 10 2 1
V 3 12 2 1
H 0 4 6 4
V 1 4 16 1
H 12 1 4 4
V 1 2 16 1
V 1 1 4 3
H 2 0 1 4
H 3 15 1 2
V 1 16 10 3
H 4 11 1 2
H 4 4 1 16
H 4 4 2 12
V 0 4 16 1
V 11 2 2 1
H 12 1 1 4
H 10 2 1 2
V 1 2 16 1
H 1 1 1 2
H 13 1 1 2
V 1 2 6 2
H 1 1 1 2
H 14 0 3 4
H 6 2 1 2
V 1 2 16 1
H 11 1 1 2
V 1 2 12 2
H 2 1 1 2
V 1 9 10 1
V 4 12 2 1
V 3 6 2 1
H 4 4 1 10
V 3 5 2 1
H 5 4 1 2
V 0 4 16 1
H 12 3 5 2
V 1 3 16 1
V 0 3 8 1
V 0 13 8 7
V 4 5 2 1
V 1 6 4 1
H 4 4 1 16
H 3 4 3 2
V 0 4 16 1
H 12 1 4 4
V 1 2 16 2
V 3 3 2 1
V 3 11 2 1
V 1 2 6 2
V 2 5 6 3
V 8 7 2 1
V 1 6 16 2
H 13 6 3 6
V 15 7 2 1
V 15 10 2 1
H 13 5 3 14
V 12 16 8 4
H 19 9 1 6
H 17 4 3 16
H 18 11 1 2
H 17 4 3 8
V 4 5 4 11
V 4 7 2 1
V 4 11 2 1
H 5 5 3 10
V 1 5 16 3
H 13 5 3 8
H 13 5 3 14
H 13 15 1 2
V 12 16 8 4
H 18 3 1 16
H 18 3 1 10
V 0 17 8 1
V 3 9 2 1
H 4 4 2 16
H 5 11 1 2
H 3 4 3 8
V 4 6 8 1
V 1 5 16 2
H 13 5 1 8
H 13 5 1 14
H 19 15 1 2
V 12 16 8 2
H 17 2 1 18
H 17 2 1 10
H 12 5 1 14
V 12 5 2 1
H 12 5 1 12
V 1 5 16 1
H 4 4 2 2
H 12 3 1 2
V 0 4 16 1
H 12 1 2 4
H 13 1 1 2
V 3 2 14 1
V 2 2 4 2
H 3 0 2 4
V 18 5 2 12
H 17 4 2 16
H 17 4 2 4
V 17 5 2 1
V 18 5 2 1
H 3 1 1 2
V 3 6 2 1
V 4 5 4 10
V 1 5 2 1
H 2 4 3 4
V 0 4 16 1
H 12 3 4 2
V 9 3 2 1
V 3 3 14 1
V 2 3 6 1
V 1 7 4 13
H 4 4 1 16
V 3 13 2 1
H 4 4 2 14
V 0 4 16 1
H 13 2 1 2
H 12 1 3 4
V 3 2 14 2
V 4 3 2 1
H 5 0 1 4
H 17 4 1 2
V 3 10 8 5
V 6 13 2 1
V 6 15 2 1
H 5 5 2 12
V 1 5 16 1
H 14 5 1 8
H 14 6 1 14
V 12 16 8 1
H 17 6 2 14
H 17 5 2 8
H 18 8 1 2
H 16 12 1 2
H 17 12 1 2
V 12 16 8 4
V 12 19 6 1
H 12 6 2 14
V 13 16 2 1
H 12 5 2 14
V 1 5 16 1
H 0 4 6 2
H 3 4 1 2
V 1 4 16 1
H 12 1 2 4
V 3 2 14 1
V 6 2 2 1
V 3 2 4 1
H 4 2 13 2
V 3 3 12 1
V 16 17 4 3
H 17 5 1 14
V 17 13 2 1
H 17 5 1 10
V 2 4 4 7
H 3 4 2 12
V 1 4 16 1
H 12 1 4 4
H 5 2 1 2
H 13 2 1 2
V 7 0 10 3
H 7 0 10 4
V 6 0 2 1
V 0 11 12 3
H 4 4 2 16
V 2 4 10 1
H 5 4 1 2
V 3 4 14 1
H 12 1 2 4
V 5 2 12 1
V 5 2 2 2
H 5 1 1 2
H 5 5 3 10
H 3 5 1 2
V 0 5 16 1
H 14 5 2 8
V 14 6 2 1
V 15 17 2 1
H 15 5 1 14
V 12 16 8 4
H 17 6 1 2
H 17 7 3 12
H 19 7 1 6
H 6 2 5 2
V 4 3 4 1
V 5 5 2 1
H 0 4 6 14
H 7 0 1 2
V 3 7 2 4
H 4 4 1 8
V 0 4 16 1
V 11 2 2 1
H 12 1 5 4
H 14 1 1 2
V 6 2 10 1
H 7 1 2 2
V 6 1 2 1
V 6 3 2 1
V 1 17 8 3
H 1 5 7 14
H 3 5 5 12
V 1 5 16 1
V 15 11 2 1
H 14 5 2 8
V 15 10 2 1
H 15 5 1 14
V 12 16 8 2
V 17 16 2 1
H 18 8 2 12
H 19 13 1 2
H 18 8 2 4
V 17 9 2 11
V 18 9 2 1
V 18 14 2 1
V 7 1 6 2
V 7 4 6 1
H 8 0 1 2
H 11 0 1 2
V 17 10 2 6
H 17 18 1 2
H 17 7 1 12
H 12 1 1 4
V 7 2 10 2
V 0 12 12 2
V 5 16 2 1
V 5 18 2 1
H 4 4 2 16
H 0 4 6 2
V 9 4 2 1
V 2 4 8 1
V 1 4 16 1
H 12 1 5 4
H 16 1 1 2
V 18 10 2 1
V 17 10 2 5
H 17 16 1 2
H 19 16 1 2
H 17 11 3 6
V 12 16 8 2
H 13 6 1 14
V 12 6 2 1
H 13 5 1 8
V 0 5 16 2
H 2 4 4 2
H 3 5 1 2
V 0 4 14 1
H 12 1 1 4
H 14 0 1 4
V 9 2 6 2
H 9 0 4 4
H 0 15 7 4
V 12 4 2 1
V 13 0 2 5
H 14 0 1 2
V 9 1 4 3
V 10 1 6 3
H 9 1 1 2
H 8 2 9 2
V 7 3 8 1
H 8 2 1 2
H 12 2 1 2
V 0 11 12 2
V 0 14 10 1
H 4 4 1 16
H 4 4 2 4
V 0 4 16 1
H 12 1 3 4
V 9 2 8 1
H 12 3 5 2
V 0 4 16 1
H 4 4 1 2
V 0 4 10 1
H 1 4 1 14
H 2 11 1 2
H 18 11 1 2
H 1 4 2 16
V 3 12 6 8
V 0 8 6 1
H 4 4 2 16
V 1 7 16 1
H 12 6 3 4
H 12 6 2 14
V 12 16 8 2
H 17 9 1 10
H 17 9 1 4
V 18 12 2 4
H 19 12 1 2
V 11 2 4 1
H 11 0 2 4
H 11 0 1 2
V 15 3 2 1
V 4 12 2 1
V 3 4 2 15
V 5 6 2 1
V 5 9 2 1
V 5 12 2 1
V 4 11 2 1
H 4 4 2 16
V 5 6 2 1
V 0 4 16 1
H 12 3 4 2
V 8 3 8 1
V 0 4 12 1
H 1 4 4 14
V 1 8 2 1
H 1 5 1 14
H 10 1 1 2
V 4 17 6 3
V 4 6 2 1
H 4 4 1 16
H 1 4 4 14
V 1 4 16 1
H 12 1 1 4
V 9 2 6 2
H 3 17 1 2
V 2 18 10 1
V 2 18 2 1
V 4 19 2 1
H 5 17 1 2
V 3 15 4 5
H 3 4 3 16
H 4 4 2 12
H 13 3 1 2
H 15 3 1 2
V 1 4 16 1
H 12 1 2 4
H 12 3 1 2
V 10 2 6 2
H 15 6 2 14
H 13 5 3 8
H 13 5 1 2
V 0 5 16 1
H 12 5 1 2
V 0 5 14 3
H 0 4 2 10
H 0 4 1 14
H 17 11 1 4
H 1 16 11 2
V 0 16 6 1
V 8 16 4 2
V 7 16 2 1
H 5 16 7 4
H 12 0 1 2
V 3 5 14 3
V 0 6 4 1
H 3 5 5 8
H 3 4 3 16
H 5 15 1 2
H 13 15 1 2
V 2 16 4 3
H 8 17 1 2
H 10 17 1 2
H 5 16 6 4
H 3 15 1 2
V 1 16 8 2
H 2 4 4 4
V 0 4 10 1
V 1 4 16 1
V 2 13 2 1
V 3 4 2 15
V 4 5 2 1
V 3 6 2 1
H 4 4 1 12
V 0 4 16 1
H 12 1 2 4
V 11 2 4 2
V 1 5 16 3
H 14 5 2 8
H 15 5 1 14
V 12 16 8 1
H 19 13 1 6
V 5 6 2 6
H 4 5 3 10
V 0 5 16 3
H 14 5 1 8
H 13 5 3 14
V 12 6 2 1
V 12 16 8 1
V 16 17 4 1
H 17 12 2 8
V 4 16 8 3
V 2 17 6 1
V 3 17 8 2
V 14 18 6 1
H 18 18 1 2
V 2 14 4 1
H 4 10 2 10
V 4 4 12 1
H 12 1 1 4
V 12 2 2 1
H 12 5 1 2
V 0 5 16 1
H 3 4 3 2
V 0 4 14 1
H 12 1 1 4
H 12 1 1 2
H 7 6 5 4
V 11 6 4 2
H 13 5 1 6
H 15 11 1 2
H 13 5 3 14
V 12 16 8 2
H 17 12 1 8
H 5 7 1 2
V 1 5 16 3
V 2 5 2 1
H 3 4 2 6
V 1 4 6 1
V 0 4 16 1
H 14 3 1 2
H 4 12 1 2
V 0 10 12 3
V 3 10 2 1
H 4 4 1 14
V 3 4 6 1
V 0 4 16 1
V 12 5 4 6
V 12 7 2 1
H 13 5 1 8
H 4 4 1 2
V 0 5 16 3
H 0 4 6 2
V 1 4 14 1
H 12 3 2 2
V 10 3 4 1
H 19 16 1 2
V 4 18 6 1
V 9 10 2 1
V 9 16 2 3
H 9 18 1 2
V 0 14 6 1
V 17 14 2 5
H 17 15 1 2
H 17 14 2 2
V 18 15 2 1
V 2 16 4 1
H 4 15 2 4
V 13 16 6 3
H 18 15 1 4
V 0 11 12 1
H 3 4 2 14
V 3 4 4 1
V 0 4 14 1
H 13 3 1 2
V 13 4 2 1
H 12 5 5 14
V 15 12 2 1
H 12 5 4 12
V 2 5 14 2
H 1 4 5 2
V 0 4 14 1
H 12 3 1 2
V 11 3 2 1
H 4 14 1 2
V 2 13 10 2
V 7 7 2 1
H 6 6 2 14
V 1 6 16 2
H 12 5 5 6
V 13 16 2 1
H 14 5 1 14
H 6 15 1 2
H 17 15 1 2
V 12 16 8 1
H 18 14 1 4
V 2 13 10 3
V 5 5 2 1
H 4 4 2 14
H 5 5 1 6
V 1 5 16 2
H 12 5 4 8
H 13 6 4 14
H 15 15 1 2
V 12 16 8 1
V 16 17 2 2
H 17 13 1 6
V 13 17 6 1
V 8 13 4 1
V 8 10 2 1
V 8 12 2 1
V 8 15 2 1
V 6 12 6 4
H 7 12 2 6
V 5 16 6 2
V 3 7 2 1
H 4 6 4 8
H 4 4 1 14
V 3 14 2 1
V 4 6 4 3
H 6 5 2 2
V 4 6 2 1
H 5 4 1 8
V 6 4 2 1
V 6 10 2 1
V 6 16 2 1
V 0 4 14 1
H 12 3 1 2
H 6 18 1 2
H 13 6 2 14
H 12 5 5 6
V 5 5 12 2
H 7 5 1 12
V 6 6 2 1
V 7 14 2 1
H 7 5 1 14
V 6 16 4 3
V 10 8 2 1
V 5 5 6 5
V 6 6 8 1
H 5 6 2 10
H 5 5 2 14
V 2 5 2 1
V 2 14 2 1
V 7 10 2 9
H 7 16 1 4
H 8 17 1 2
V 6 17 4 1
V 12 8 2 12
V 12 12 4 8
V 12 16 4 3
V 12 16 6 1
H 17 15 1 2
V 0 4 6 9
H 5 8 1 10
H 2 11 1 4
H 2 5 2 8
H 2 5 1 10
V 0 11 2 1
V 2 7 2 1
V 1 4 4 8
H 1 6 1 8
H 1 9 1 2
H 5 8 1 2
V 6 10 2 1
H 5 9 2 8
V 0 12 12 1
V 4 12 2 1
H 3 4 2 10
H 3 4 1 12
V 11 4 2 1
V 7 18 2 1
V 6 6 2 11
H 7 5 1 14
V 6 12 2 1
H 7 5 1 8
V 1 5 16 1
V 14 11 2 1
H 15 5 1 8
H 15 11 1 8
H 15 5 1 14
H 12 16 1 2
H 16 16 1 2
V 13 16 6 1
V 3 9 2 4
H 3 9 1 6
H 4 8 1 8
H 5 12 6 4
V 2 11 8 3
V 7 15 4 1
H 7 14 2 4
V 2 12 10 1
H 10 11 2 4
V 13 13 2 1
H 13 8 2 12
H 12 14 1 6
V 12 16 4 1
V 12 16 6 1
V 4 7 2 8
H 6 8 1 2
H 4 10 1 2
H 3 7 4 4
H 5 5 1 12
V 14 5 2 1
V 14 7 2 1
V 14 9 2 1
V 15 5 2 11
V 15 6 2 1
H 16 6 1 12
V 2 7 6 3
H 1 9 7 4
H 7 5 1 14
V 3 13 8 1
H 5 4 1 12
H 5 4 1 6
V 0 4 12 1
V 1 12 2 1
V 9 15 2 1
H 1 4 1 8
V 4 8 4 6
H 6 11 1 6
H 14 9 1 10
V 4 4 2 2
V 1 4 10 1
V 13 13 4 3
H 14 10 2 8
V 5 6 2 1
H 3 10 1 2
V 0 4 6 7
V 3 5 2 1
H 0 4 4 6
H 0 5 6 6
V 4 5 10 3
H 13 15 1 2
H 13 6 2 10
V 13 6 2 1
H 13 6 1 14
V 10 13 2 1
H 13 5 2 12
V 1 5 14 1
H 5 5 3 6
V 7 5 2 1
V 7 13 2 1
V 7 15 2 1
H 7 10 1 2
H 7 5 1 12
H 9 13 1 2
V 5 14 6 1
H 5 9 1 2
V 2 10 10 2
H 4 4 1 10
V 2 4 8 1
V 2 5 8 2
H 1 6 1 2
V 1 6 16 1
H 12 5 5 8
H 14 5 3 12
V 9 10 2 4
H 9 13 1 2
V 1 4 4 7
H 5 4 1 10
V 5 12 2 1
H 5 5 1 10
V 0 9 2 1
H 9 5 1 2
V 3 6 14 2
H 5 4 1 10
V 3 6 4 7
V 1 7 6 2
H 1 5 7 6
H 10 11 2 2
V 1 5 16 1
V 7 5 2 2
H 7 5 1 10
V 6 8 2 1
H 7 5 1 12
V 8 4 2 1
V 8 10 2 1
H 7 14 1 2
H 15 14 1 2
H 3 8 4 4
V 2 7 4 4
H 4 7 1 6
V 5 11 4 3
H 6 11 3 4
H 9 6 1 2
V 0 6 14 1
H 10 10 1 2
H 12 10 4 2
H 12 5 1 14
V 6 7 2 1
V 4 5 6 5
H 7 5 1 10
V 5 5 2 5
V 5 13 2 1
V 6 11 4 3
V 6 11 2 1
H 6 5 1 8
H 6 5 2 10
H 0 7 1 2
H 14 7 1 2
H 2 4 1 2
H 12 5 2 12
V 9 6 2 1
V 4 5 12 3
V 4 11 8 1
V 5 10 2 1
V 7 8 2 1
V 7 13 2 1
H 6 5 2 8
H 6 11 1 2
V 4 11 8 1
V 8 12 2 1
V 12 16 2 1
V 10 10 2 1
H 10 10 1 2
H 2 5 8 2
V 1 6 4 3
H 8 11 1 2
H 3 9 5 2
V 2 9 8 1
H 3 6 4 4
H 5 5 1 8
V 14 6 2 9
V 14 8 2 1
H 15 5 1 10
H 4 8 1 2
V 3 7 2 1
V 4 5 4 4
H 5 4 1 6
V 4 4 4 1
V 10 10 2 1
H 4 7 1 4
V 4 9 8 1
H 7 5 1 10
V 3 5 2 5
V 3 4 4 1
H 3 4 1 6
H 3 4 1 4
V 11 5 4 3
H 14 5 2 8
H 13 6 2 10
V 4 7 10 1
V 2 8 2 1
H 6 5 1 2
H 3 6 5 4
H 6 6 2 8
H 12 16 1 2
V 3 5 14 1
H 6 5 2 4
H 2 6 1 2
H 9 6 1 2
V 0 7 14 1
H 4 4 1 2
V 7 12 2 1
V 12 9 2 1
V 12 15 2 1
H 12 15 1 2
V 15 8 2 1
H 16 7 1 6
V 4 8 2 1
V 5 7 2 1
H 5 4 1 6
H 6 6 1 4
V 1 7 8 1
V 3 5 2 4
V 2 6 2 1
H 3 5 1 4
H 8 10 1 2
V 5 10 4 1
H 13 11 1 4
V 12 10 4 3
H 4 8 1 2
V 3 7 14 1
H 15 6 1 2
H 14 7 1 4
H 13 6 2 8
V 7 10 2 1
V 15 7 2 1
H 7 5 1 6
V 6 5 10 1
H 12 5 1 10
H 12 6 1 10
V 13 9 2 1
V 12 9 2 5
V 13 12 2 1
H 6 5 1 2
V 4 6 4 3
H 6 7 1 4
V 3 7 2 1
V 4 7 4 2
H 15 6 1 2
V 14 7 2 4
H 12 11 1 2
H 12 6 4 6
V 3 7 12 1
H 5 6 2 2
H 7 7 1 2
V 4 7 2 1
H 5 5 2 4
H 7 7 1 4
V 6 8 6 2
H 7 6 1 6
V 7 7 10 1
H 13 5 4 6
V 13 8 2 1
H 12 5 2 8
H 12 5 1 10
H 5 6 1 2
H 16 8 1 2
V 12 7 4 4
V 13 5 2 7
H 12 9 2 4
V 14 8 2 1
H 12 6 3 6
H 15 5 1 4
V 15 6 2 3
H 16 6 1 2
H 13 6 3 4
H 7 7 2 2
H 15 7 1 2
V 5 7 4 1
V 6 8 6 1
H 7 6 9 2
H 8 7 1 2
H 7 6 2 4
V 12 5 2 6
H 12 9 1 4
V 13 5 2 4
H 14 8 1 2
V 7 6 2 1
H 8 7 1 2
H 9 5 1 2
V 8 6 8 2
H 14 5 1 2
H 11 6 1 2
V 6 7 8 1
V 7 7 2 1
H 8 6 4 4
V 7 8 4 1
V 12 9 2 2
V 15 7 2 1
H 13 5 1 4
H 13 5 1 2
H 8 7 4 2
V 9 7 6 1
H 14 7 1 2
V 10 6 2 1
H 10 5 1 4
V 10 6 4 2
H 13 7 1 2
H 12 5 1 6
V 8 7 2 1
H 9 6 1 2
V 10 5 2 1
V 12 8 2 1
H 11 5 2 2
V 10 6 4 2
V 9 7 2 2
H 11 5 1 4
H 12 5 1 4
V 10 7 2 1
H 10 6 2 4
V 9 7 6 1
V 9 7 4 1
V 11 6 2 2
H 11 7 1 2
H 11 6 2 2
H 12 7 1 2
V 11 7 2 1
H 11 6 1 2
