H 0 3 1 6
V 0 4 4 14
H 0 0 20 12
V 12 3 8 8
H 15 7 1 2
H 14 0 6 8
V 0 15 8 5
H 0 1 20 18
V 0 8 2 1
H 0 1 1 16
V 0 7 20 1
V 1 7 6 7
H 1 0 1 14
V 14 7 6 4
H 18 1 2 16
V 6 7 4 1
V 4 4 6 16
H 14 14 1 2
H 19 6 1 4
V 0 7 20 8
H 10 11 1 4
V 0 2 8 1
H 7 0 12 14
V 0 2 14 10
H 1 1 1 10
V 16 3 4 2
H 19 2 1 2
V 0 5 6 15
H 18 1 1 2
H 1 2 18 6
V 0 4 6 2
H 3 0 1 8
V 0 17 20 2
V 0 15 2 5
H 0 18 1 2
H 3 18 1 2
H 3 1 1 8
V 0 3 14 5
V 0 4 20 2
H 15 0 3 10
V 15 19 4 1
V 18 11 2 1
H 14 2 5 18
H 18 1 1 18
H 9 8 1 2
V 0 9 20 1
V 0 18 20 1
H 4 7 1 2
V 2 8 12 2
V 2 7 2 1
H 2 1 1 16
V 0 18 4 1
H 0 3 10 16
V 4 3 2 1
H 0 3 5 14
H 19 18 1 2
V 6 18 14 1
H 19 18 1 2
V 6 2 8 1
V 7 8 2 1
V 8 2 2 13
V 2 3 18 1
H 18 2 1 2
V 2 8 4 7
H 2 2 3 18
H 2 2 1 6
H 5 6 1 6
H 6 4 1 14
V 0 6 20 2
V 0 6 6 2
H 0 4 4 4
V 16 1 2 7
H 9 0 8 14
V 18 6 2 1
V 18 11 2 7
H 19 9 1 4
H 19 3 1 16
H 19 3 1 12
H 0 11 1 2
H 18 15 1 2
V 0 12 20 4
V 1 16 2 1
V 0 10 4 9
H 0 11 2 8
H 8 2 1 18
H 8 7 1 2
V 1 8 14 12
V 0 11 20 1
V 3 11 10 2
H 4 0 1 20
H 4 0 1 2
V 3 5 6 7
V 0 5 20 1
V 0 16 20 2
H 15 1 3 8
V 1 7 8 11
H 3 2 1 2
H 1 3 3 16
H 1 3 1 10
H 2 3 1 2
H 17 15 3 4
H 5 0 5 8
H 1 10 1 4
H 3 4 1 2
V 1 5 8 7
H 1 4 16 6
V 0 5 2 1
H 13 2 2 18
V 11 9 8 11
V 15 8 4 7
H 17 2 1 18
V 3 3 14 1
V 3 3 16 1
H 2 7 1 4
H 18 6 1 4
V 0 9 20 1
V 0 14 20 1
H 19 4 1 10
V 1 5 4 10
H 2 10 1 10
V 1 17 2 1
H 12 0 1 20
H 5 7 1 6
V 2 9 16 1
H 4 1 2 16
V 0 17 2 1
V 9 0 6 20
V 7 11 2 1
V 7 14 2 1
V 14 11 2 1
V 2 4 6 13
H 3 14 3 6
V 1 17 18 1
V 5 16 14 1
H 7 15 12 4
V 2 17 16 1
H 2 17 1 2
H 5 5 1 14
H 9 5 8 14
V 14 17 6 1
H 14 17 1 2
V 13 4 4 11
V 16 14 2 1
H 11 2 6 14
V 0 16 10 1
V 0 10 4 1
V 3 5 12 7
H 3 3 1 12
V 1 5 14 2
H 1 5 1 2
H 10 8 1 2
V 10 1 6 8
V 15 9 2 1
H 12 1 4 14
V 1 16 8 1
H 2 4 2 14
H 2 4 1 10
V 2 11 16 1
H 14 4 4 16
H 7 2 1 14
V 0 12 20 1
V 4 9 16 1
H 5 5 14 12
H 0 6 1 4
V 0 6 18 1
H 3 17 1 2
V 6 1 2 1
H 7 0 1 2
V 0 7 8 1
V 1 8 2 8
H 1 6 19 6
V 13 5 6 9
H 14 1 1 8
V 16 10 2 8
H 13 8 4 12
H 15 7 3 12
V 9 17 6 1
V 9 7 10 11
H 18 16 1 2
V 6 1 6 14
V 6 1 8 2
H 13 0 1 2
V 11 7 8 10
H 15 5 4 4
H 6 4 1 8
V 4 6 16 1
H 8 0 5 6
V 2 5 14 2
V 3 5 14 2
H 6 3 11 6
V 3 13 2 1
V 16 7 2 1
H 4 7 2 8
H 4 4 1 16
V 5 9 12 10
V 5 6 2 1
V 5 11 2 1
H 5 2 1 14
V 8 13 6 1
V 4 14 2 1
H 10 0 1 20
V 6 1 8 1
H 4 13 1 4
V 2 12 18 3
H 17 16 1 2
H 10 13 10 4
H 12 0 1 20
H 17 6 1 2
V 8 4 10 3
V 6 2 2 1
H 5 18 11 2
V 4 18 2 1
H 3 6 16 4
H 11 7 1 2
V 10 6 8 2
H 17 5 1 2
V 8 2 6 1
H 8 0 2 4
V 5 3 8 1
V 3 11 4 5
H 5 12 5 8
V 3 16 14 2
H 15 15 1 2
V 1 15 16 1
V 6 3 10 9
H 8 0 1 6
V 16 7 4 9
H 15 5 2 14
V 14 6 4 10
H 13 8 3 12
H 12 5 1 8
H 5 6 13 10
V 14 7 6 1
H 7 1 1 10
V 3 5 6 10
V 2 11 2 1
H 3 5 1 8
H 3 6 1 2
V 2 7 4 10
H 2 7 2 10
V 4 4 12 4
H 4 4 3 6
V 10 3 6 9
H 15 3 1 8
V 1 14 18 1
H 3 13 16 4
V 13 13 2 6
H 9 2 2 18
H 13 2 1 18
H 12 4 1 2
H 11 1 3 8
V 14 10 2 1
H 14 2 1 18
H 13 2 2 14
V 2 15 18 1
V 0 11 18 1
H 0 9 3 6
H 9 1 1 2
V 7 2 4 4
H 12 1 1 6
V 11 2 2 18
H 11 0 1 4
H 11 13 5 6
V 14 12 2 1
V 11 4 4 15
H 13 3 2 4
H 9 0 2 6
V 5 4 8 1
V 5 5 6 2
H 8 1 2 8
H 5 7 6 10
V 1 8 8 3
V 3 7 6 4
H 4 5 4 4
H 5 7 1 12
H 9 0 1 18
H 16 5 1 2
V 6 13 2 1
H 7 8 2 6
H 3 10 1 2
V 0 11 14 3
V 0 9 6 4
H 1 11 2 4
H 9 8 1 2
H 15 15 3 2
V 13 14 6 2
V 5 7 14 1
H 10 0 1 20
V 5 17 12 1
V 6 3 2 17
H 6 4 7 8
H 6 3 1 2
H 6 4 1 16
V 1 11 8 3
H 4 6 1 12
V 5 6 12 7
H 13 2 1 8
V 10 3 2 6
V 10 5 2 1
H 10 0 1 20
V 4 16 14 1
H 1 9 1 2
H 15 5 1 2
V 16 9 4 5
H 19 9 1 2
V 2 9 4 4
H 2 9 1 6
V 4 16 6 1
H 7 14 4 6
H 4 6 2 10
V 3 7 2 1
H 4 6 12 4
H 4 11 9 6
V 5 5 4 7
H 7 3 5 8
V 8 3 6 4
H 6 4 3 2
V 5 5 6 10
V 9 1 2 11
H 9 1 1 6
H 3 12 3 4
V 1 12 6 2
H 7 6 1 4
H 15 6 1 4
H 6 5 9 6
V 15 10 2 1
V 2 8 14 3
H 12 2 1 16
H 10 5 4 12
V 16 12 2 1
V 11 11 6 6
H 7 9 1 4
V 7 6 10 4
V 7 4 2 10
V 7 4 4 1
H 8 2 1 14
V 11 11 8 1
H 14 8 1 2
V 12 13 2 1
H 13 9 6 6
H 13 10 1 10
V 10 6 2 11
V 9 3 2 1
V 9 6 2 1
H 10 0 1 16
H 7 4 4 14
V 10 14 8 1
V 6 5 2 1
V 3 8 8 8
H 3 7 1 2
H 5 14 6 4
V 17 8 2 1
V 11 9 2 1
V 5 9 14 2
H 11 1 1 16
H 9 8 1 4
V 2 9 8 5
V 3 13 16 1
V 14 12 2 1
V 12 12 2 1
H 13 9 2 10
H 1 10 1 2
H 9 2 3 2
V 8 3 2 1
H 8 12 11 2
V 18 12 2 1
V 7 12 4 7
H 7 17 1 2
V 6 14 4 3
H 6 16 1 2
V 11 3 2 16
H 11 16 2 4
V 4 14 2 1
H 4 7 1 8
H 5 13 11 4
V 3 13 6 2
H 10 8 7 6
V 13 9 6 5
V 9 12 2 4
H 14 15 1 2
V 5 7 12 9
V 4 14 4 2
H 4 14 1 2
V 6 11 2 1
V 5 7 2 9
H 8 11 1 2
H 5 6 11 6
H 6 5 1 2
H 6 7 2 2
H 5 8 1 2
V 3 8 8 1
V 15 7 2 1
H 8 8 1 2
H 4 8 13 4
V 14 10 6 1
V 8 10 2 1
V 9 4 2 12
V 10 5 2 1
H 10 1 1 12
H 6 8 1 2
H 6 6 3 6
V 2 9 10 1
H 9 11 1 8
V 2 13 14 1
V 12 7 4 1
V 7 6 8 10
V 13 11 2 1
H 10 9 4 10
V 10 4 2 10
H 11 2 1 14
V 3 10 16 1
H 8 11 1 2
H 3 10 8 2
H 14 8 1 4
V 0 11 16 1
V 14 15 2 1
V 10 13 8 1
H 11 15 1 2
H 11 6 4 10
H 15 7 1 8
V 3 11 14 3
H 5 7 1 10
H 5 8 8 8
V 7 9 12 1
V 3 10 16 3
H 12 5 3 10
V 9 18 2 2
V 9 15 4 4
V 3 9 8 2
V 13 10 6 2
H 17 9 1 2
H 18 10 1 2
V 9 18 2 2
H 9 10 1 10
H 7 8 7 10
V 4 13 6 2
H 12 4 1 10
V 4 8 12 5
V 13 8 4 3
H 3 12 15 2
V 2 10 6 3
H 6 13 1 2
V 5 12 2 2
H 6 9 9 8
V 8 13 10 1
V 8 8 4 10
V 11 6 2 1
V 10 5 2 1
H 11 3 1 14
H 7 10 5 8
V 7 13 10 2
V 12 7 2 1
V 11 7 4 10
H 7 13 8 4
H 10 8 6 4
V 10 11 10 1
V 7 12 12 1
V 10 6 2 1
H 11 6 1 14
V 10 14 2 1
H 10 3 1 16
V 1 11 18 1
V 7 6 2 1
H 14 7 1 2
V 3 10 2 2
H 3 11 1 2
V 9 4 2 1
H 10 3 1 8
H 10 16 1 2
V 6 15 2 1
V 7 12 6 5
H 12 16 1 2
H 9 11 1 8
V 5 11 2 1
V 6 7 2 9
H 7 9 2 8
V 8 10 10 3
V 10 5 2 10
H 11 4 1 12
V 10 12 2 1
V 9 9 2 9
V 5 13 12 1
V 5 10 4 1
V 8 10 8 5
H 10 11 2 8
H 10 5 3 12
H 12 5 1 2
V 9 16 2 1
V 10 8 4 9
H 8 6 6 8
V 13 11 4 2
H 6 9 10 6
H 4 9 7 4
H 14 10 1 2
V 3 10 14 1
V 8 7 6 4
V 8 11 2 1
V 10 12 2 1
H 9 4 2 12
V 5 14 10 1
V 5 14 8 1
H 8 6 2 10
V 4 9 10 1
V 5 9 12 2
H 15 8 1 2
H 9 11 6 4
V 5 11 14 1
V 7 15 6 1
V 10 10 2 2
H 10 6 1 10
H 14 9 1 2
V 4 10 14 2
V 11 6 2 1
H 15 12 1 2
V 12 14 2 2
H 13 14 1 2
H 6 9 1 6
H 15 9 1 4
H 15 9 1 2
V 14 10 2 1
H 11 6 1 2
V 10 7 4 1
V 5 9 8 5
H 7 7 6 2
V 6 8 6 6
V 8 14 4 3
V 9 13 4 4
V 9 5 2 12
V 9 10 8 1
V 4 10 4 2
H 7 7 6 6
V 7 15 2 1
V 3 11 14 1
H 10 10 1 6
H 7 9 5 4
H 10 5 1 14
H 6 10 2 2
H 11 12 1 2
V 4 11 10 2
H 8 9 3 4
V 4 10 8 2
H 11 5 1 2
V 10 6 2 8
H 11 6 1 12
H 5 10 1 2
H 12 7 1 8
V 9 11 8 2
H 8 7 1 2
H 13 13 1 2
H 7 8 6 2
V 6 9 4 5
H 6 12 3 2
V 5 12 2 1
V 10 12 6 1
H 7 10 1 2
V 4 11 6 1
V 7 8 6 1
V 7 12 6 3
H 12 14 1 2
H 11 9 1 2
H 10 6 2 4
V 8 8 4 1
V 8 14 4 1
V 10 11 2 1
H 6 11 5 2
V 5 11 2 1
H 10 6 1 2
V 9 7 2 1
H 10 15 1 2
V 9 15 2 1
H 13 12 1 2
V 13 10 2 3
H 13 9 1 2
H 13 10 1 4
V 9 12 4 3
H 8 9 1 6
V 7 10 2 1
V 10 8 2 7
H 10 9 1 8
V 6 10 8 1
V 6 12 8 1
V 6 12 6 1
V 9 13 2 1
V 8 12 4 2
H 10 11 4 2
H 8 10 2 2
H 11 10 1 2
V 6 11 10 1
V 8 9 2 1
V 9 12 2 1
H 10 7 1 6
H 9 9 4 2
V 10 10 4 2
H 12 10 1 4
V 11 11 2 2
H 11 8 1 6
V 7 10 2 1
V 11 11 4 1
V 8 10 4 3
V 10 9 2 1
V 9 9 4 2
H 11 9 2 2
H 8 11 1 2
H 12 11 1 2
H 10 8 1 2
H 11 12 1 2
H 10 13 1 2
V 10 13 2 1
V 9 12 2 1
H 10 11 1 4
H 10 9 1 4
V 7 11 6 1
V 8 10 4 2
V 8 10 2 1
V 9 10 2 1
H 9 11 1 2
H 11 11 1 2
V 10 10 2 1
H 10 10 1 2
V 8 11 4 1
H 10 11 1 2
V 9 11 4 1
H 10 10 1 2
V 10 11 2 1
V 9 11 2 1
H 10 11 1 2
