V 16 6 2 1
V 0 4 2 1
V 0 12 2 1
V 1 8 2 1
V 18 4 2 1
V 18 12 2 1
V 13 1 2 1
V 2 4 2 1
V 2 14 2 1
V 17 0 2 1
H 11 7 9 2
H 3 6 1 2
V 0 7 20 1
H 2 7 1 2
V 0 7 14 1
H 0 2 2 12
H 2 13 1 2
V 0 9 4 5
H 2 10 2 10
V 2 18 10 1
H 3 14 1 6
V 2 18 16 2
V 13 13 6 1
H 15 9 1 10
V 12 10 8 4
H 12 9 8 8
V 1 8 10 1
V 5 1 2 1
V 5 8 2 1
V 0 1 6 8
H 0 4 2 10
V 1 2 2 1
V 1 6 2 1
V 0 9 4 5
V 2 18 2 1
H 2 10 1 10
V 4 19 6 1
V 2 18 10 2
H 8 18 1 2
V 3 18 16 1
H 11 10 7 10
H 19 13 1 2
V 12 12 8 2
H 16 12 1 2
H 11 10 9 6
V 7 5 2 1
H 19 15 1 2
V 0 3 16 4
H 0 3 14 2
V 0 7 2 1
V 0 12 2 1
H 1 1 1 18
V 1 2 2 1
V 1 11 2 6
V 0 13 2 2
H 2 9 1 10
V 2 18 16 2
H 13 18 1 2
H 14 17 1 2
V 3 18 16 1
V 14 12 6 1
V 14 14 6 1
V 16 11 4 1
H 14 9 5 10
H 17 9 2 8
H 6 3 1 2
V 0 4 14 2
V 1 14 2 1
H 0 3 1 2
H 0 1 2 16
V 0 13 4 1
H 2 9 1 10
H 12 17 1 2
V 2 18 14 2
V 3 18 16 1
V 16 15 2 1
H 17 9 1 10
H 17 9 1 8
H 2 7 1 2
V 0 7 20 1
H 4 6 1 2
H 9 6 1 2
H 1 6 1 12
V 1 10 2 4
V 2 18 2 1
H 2 9 1 10
V 2 18 10 1
H 6 9 1 10
V 2 18 16 2
H 12 10 4 10
V 12 13 8 4
H 13 16 1 2
H 4 11 3 4
H 18 11 2 4
H 4 14 1 2
H 14 14 1 2
H 4 10 3 10
V 5 18 8 2
H 4 18 1 2
V 2 18 16 1
H 12 10 6 10
H 12 10 6 6
V 2 5 6 1
H 0 8 1 4
V 0 1 4 8
H 1 2 1 18
V 2 13 2 1
V 1 13 2 1
H 2 10 2 10
V 2 18 16 1
H 14 17 1 2
V 3 18 16 1
H 16 14 1 2
H 15 11 4 8
H 18 11 1 6
V 0 5 2 1
V 0 18 2 2
H 1 8 1 12
V 2 11 2 1
V 1 11 2 6
H 2 9 2 10
V 2 18 10 2
H 6 17 1 2
V 9 18 8 1
V 2 18 16 2
H 15 9 1 10
H 13 12 1 4
H 13 9 3 8
H 5 7 1 2
H 9 7 1 2
V 0 7 14 1
H 0 4 1 12
V 0 13 4 3
H 2 10 2 10
H 15 18 1 2
V 2 18 14 1
H 2 15 1 4
H 4 18 1 2
V 2 18 16 2
V 11 9 2 1
V 11 19 2 1
H 12 12 6 8
V 17 17 2 1
V 11 12 4 1
H 13 11 5 6
H 11 7 9 2
V 0 7 20 1
V 0 7 14 1
H 0 4 1 12
V 0 13 4 2
H 2 10 1 10
V 2 18 12 1
V 3 18 16 1
H 13 10 4 10
H 13 10 4 6
V 14 12 4 5
H 13 10 3 6
V 14 16 6 2
V 12 17 8 1
H 16 14 4 4
V 8 15 2 2
H 7 17 1 2
H 10 17 1 2
V 7 11 4 7
H 9 14 1 6
H 2 18 1 2
V 2 18 16 1
H 17 12 1 8
H 15 11 1 2
H 15 12 3 4
H 6 12 1 2
H 4 11 3 4
H 5 10 2 10
V 9 18 2 1
V 6 18 4 1
V 2 18 16 2
H 13 15 1 2
H 12 12 5 8
H 13 11 4 6
H 14 0 1 2
H 16 0 1 2
V 0 1 20 1
V 0 1 10 3
H 0 1 2 8
H 0 1 2 16
V 0 13 4 2
H 2 9 2 10
V 3 19 4 1
V 2 18 8 2
V 2 18 16 1
H 13 10 2 10
H 13 9 2 8
V 0 5 14 2
H 1 7 1 2
H 0 1 2 14
V 0 13 4 2
H 2 10 1 10
H 9 18 1 2
V 2 18 8 1
H 3 17 1 2
V 3 18 16 1
V 13 14 2 1
H 14 10 1 10
V 11 13 8 5
H 13 16 1 2
V 13 15 6 2
H 11 14 8 4
V 16 16 2 1
H 15 15 1 2
V 14 16 6 2
H 19 16 1 4
H 7 10 3 4
V 7 2 2 1
V 7 12 2 1
H 8 10 2 10
H 8 17 1 2
V 4 18 14 2
V 14 16 6 1
H 13 12 4 8
V 12 15 2 1
H 15 13 1 2
H 12 12 5 4
V 0 2 16 5
V 0 1 8 8
H 1 1 1 10
H 0 2 2 14
V 0 13 4 3
H 2 10 2 10
V 2 18 8 2
H 3 17 1 2
V 2 18 16 2
H 14 10 1 10
V 12 13 6 2
H 1 5 1 2
H 8 5 1 2
H 17 5 1 2
V 0 3 14 3
H 0 3 2 4
H 0 1 1 16
V 0 12 4 5
H 2 9 2 10
H 8 18 1 2
V 2 18 8 1
H 3 12 1 8
H 14 17 1 2
V 2 18 16 1
H 14 10 1 10
H 14 10 1 6
H 2 1 1 2
H 8 1 1 2
V 0 1 20 1
V 0 1 14 1
H 0 1 1 8
V 0 1 2 1
H 0 1 1 16
V 0 13 4 1
H 2 9 1 10
V 2 18 10 1
H 9 17 1 2
V 2 18 16 1
V 16 18 2 1
H 12 14 5 6
V 12 15 8 1
H 9 2 6 2
V 6 2 12 1
H 16 2 3 4
V 16 4 4 3
H 19 3 1 4
V 0 7 14 1
H 0 2 1 10
H 3 1 1 2
V 0 2 16 1
V 0 2 18 1
H 16 2 3 4
V 16 4 4 2
H 19 2 1 4
V 1 14 2 2
H 2 14 1 6
V 2 18 10 2
V 3 18 16 1
H 14 14 1 4
V 10 19 2 1
H 11 16 7 4
V 12 16 8 1
H 18 15 1 2
H 3 3 1 2
V 0 4 6 3
H 0 3 2 14
V 0 12 4 3
H 2 10 2 10
H 3 17 1 2
V 2 18 6 2
V 3 18 16 1
H 12 10 2 10
H 15 12 1 2
V 11 13 6 2
V 0 7 20 1
V 1 1 2 8
H 1 2 1 2
H 16 2 3 2
H 1 3 1 16
V 1 15 6 3
H 4 13 3 6
H 14 17 1 2
H 6 12 1 2
V 3 18 16 1
V 11 6 2 1
V 11 10 2 1
H 12 10 2 10
H 12 9 1 8
V 0 3 16 2
H 3 2 1 2
V 0 3 10 2
H 1 1 1 18
V 1 9 2 7
H 2 9 2 10
V 2 18 6 1
V 3 18 16 1
H 13 10 1 10
H 12 10 2 6
V 1 2 18 1
V 0 2 16 1
V 0 3 2 1
V 0 5 2 1
H 0 2 1 6
H 0 1 1 16
V 0 13 4 3
H 2 10 1 10
V 2 18 8 2
V 2 18 16 1
H 13 12 2 8
V 12 14 6 6
V 15 14 2 2
V 17 4 2 1
H 8 2 8 4
H 4 2 1 2
H 13 2 1 2
V 12 2 6 1
H 18 3 1 2
H 16 2 3 2
V 15 2 2 1
H 16 2 3 4
V 16 4 4 2
H 2 5 1 2
H 16 5 1 2
H 18 5 1 2
H 12 10 1 2
V 7 8 2 1
V 0 7 8 2
V 1 9 2 1
H 0 4 2 10
V 1 11 2 1
V 0 9 4 6
H 2 9 2 10
H 5 18 1 2
V 2 18 10 1
H 3 17 1 2
V 2 18 16 2
H 11 18 1 2
H 6 17 1 2
H 8 17 1 2
H 11 17 5 2
H 16 16 1 2
V 12 17 8 1
H 13 12 1 2
H 5 1 1 2
V 0 1 20 1
H 19 0 1 2
H 1 1 1 2
H 9 1 1 2
V 1 2 18 1
V 18 4 2 1
H 17 2 2 4
H 17 3 1 4
V 5 18 8 2
H 7 9 4 10
V 9 11 2 1
H 10 9 1 8
V 1 15 6 3
H 1 2 1 18
H 0 1 2 10
V 1 2 16 1
V 1 2 18 1
H 16 2 3 2
H 17 2 2 4
H 9 0 10 2
V 0 1 20 1
H 0 10 1 2
H 0 1 2 10
V 1 1 2 1
V 1 5 2 1
H 0 1 2 16
V 0 12 4 3
V 1 10 2 1
H 2 10 2 10
V 2 19 16 1
V 3 19 16 1
V 6 1 2 1
H 16 2 3 2
H 6 1 1 2
V 1 2 18 1
H 1 2 1 2
V 1 2 14 1
H 0 2 2 8
V 0 10 2 1
H 1 1 1 18
H 6 14 1 2
V 1 15 6 3
H 4 13 1 6
H 10 18 1 2
V 2 18 16 1
H 12 11 1 8
H 12 11 1 6
H 14 18 1 2
H 11 17 7 2
V 17 18 2 1
V 9 12 2 7
H 10 10 1 10
H 10 10 1 6
H 9 17 1 2
H 13 17 1 2
V 9 18 4 2
H 11 12 2 8
H 11 11 1 8
V 11 14 4 2
V 8 7 6 1
V 7 7 4 2
H 4 1 6 8
H 4 1 6 4
H 3 1 1 2
H 12 2 1 2
V 1 2 18 1
H 18 3 1 2
H 16 2 3 2
H 16 2 2 4
V 1 5 2 1
H 0 1 2 8
H 11 0 1 2
V 0 1 18 1
H 9 0 10 2
V 0 0 18 1
H 4 9 3 2
H 4 10 1 10
V 0 15 6 1
H 1 2 1 18
H 1 1 1 10
V 0 2 2 1
V 1 1 16 1
V 0 1 20 1
H 9 6 1 2
V 0 7 20 1
H 5 6 1 2
V 0 7 18 1
H 0 1 2 16
V 0 15 6 1
V 2 16 2 1
H 3 14 1 6
V 2 18 16 2
V 10 19 2 1
H 11 12 1 8
H 11 11 1 6
V 9 0 8 2
H 9 0 9 2
H 2 1 1 2
V 0 1 18 1
V 1 8 2 1
H 0 1 2 10
H 1 5 1 2
H 0 1 2 16
V 0 10 4 6
H 3 14 1 2
V 1 11 2 1
H 2 10 2 10
V 2 19 14 1
V 2 19 16 1
V 13 15 2 5
H 13 14 1 4
V 7 9 2 11
H 7 9 2 4
V 7 11 4 3
H 8 9 1 8
V 2 18 16 1
V 6 19 2 1
H 7 16 4 4
V 9 18 4 2
H 11 13 2 6
H 11 13 2 4
H 11 12 1 2
V 1 0 16 1
V 1 0 12 1
V 4 7 16 1
H 1 8 1 2
H 0 1 10 8
H 9 0 1 4
V 1 1 18 1
V 1 12 2 1
H 0 1 2 16
V 0 2 18 1
V 1 2 18 1
H 18 2 1 2
V 0 13 4 3
V 2 18 2 1
H 2 10 1 10
V 8 18 2 1
V 2 18 14 1
H 8 10 2 10
H 8 10 2 6
V 7 10 2 1
V 9 0 6 2
H 9 0 1 8
H 3 5 1 2
V 0 2 16 4
V 0 3 2 1
V 0 10 2 1
H 1 1 1 18
V 1 2 2 1
V 1 5 2 1
V 1 11 2 3
H 2 10 1 10
V 11 18 6 1
H 8 17 1 2
V 2 18 12 2
V 2 18 14 2
H 11 16 5 4
V 15 17 2 1
V 2 18 14 2
V 2 19 8 1
H 2 10 1 10
V 0 11 4 4
H 0 1 2 16
H 0 1 1 10
H 8 1 1 2
V 0 1 16 1
H 12 0 2 2
V 0 1 18 1
H 11 0 1 2
H 17 0 1 2
V 5 17 2 1
H 4 12 2 8
V 0 15 6 2
H 1 1 1 18
V 0 4 14 3
H 3 4 1 2
H 0 1 10 8
V 0 2 18 1
H 13 2 1 2
H 16 2 2 2
H 16 3 2 2
H 9 11 1 2
V 9 0 2 2
V 9 16 2 4
H 10 12 1 8
H 10 12 1 6
H 8 17 1 2
H 14 17 1 2
V 9 19 2 1
V 10 18 6 2
H 12 14 1 6
H 11 14 2 4
H 7 9 1 2
H 9 0 1 4
V 2 2 16 1
H 6 2 1 2
H 17 2 1 2
H 15 17 1 2
V 13 16 2 1
H 15 18 1 2
V 11 7 4 2
H 0 7 1 2
H 11 7 9 2
V 0 7 20 1
H 0 1 2 14
V 2 11 2 1
V 1 10 2 6
H 2 10 2 10
V 2 19 12 1
V 2 18 14 2
H 11 16 3 2
V 4 18 12 1
H 13 16 1 4
V 13 18 2 2
H 11 15 2 4
H 12 15 1 2
V 8 2 4 5
V 9 0 2 1
H 9 0 1 8
V 4 0 12 1
H 10 13 1 2
H 6 1 1 2
V 0 2 16 2
H 14 2 1 2
H 1 3 14 2
H 1 2 1 18
H 2 12 1 2
V 1 13 2 5
H 2 9 2 10
V 7 19 4 1
V 2 18 12 2
H 8 12 1 8
H 8 11 1 6
H 3 1 1 2
H 10 0 1 2
V 0 1 16 1
V 0 1 8 7
H 0 1 10 8
H 0 1 1 16
V 0 9 4 7
H 2 10 1 10
V 2 18 10 1
H 7 10 1 10
H 7 10 1 6
V 2 18 10 1
H 2 9 1 10
V 0 12 4 2
V 1 6 2 1
H 0 1 2 16
H 13 5 1 2
V 0 4 16 2
H 3 2 6 6
V 0 2 18 1
H 7 13 2 6
V 2 18 12 1
H 2 9 1 10
H 3 13 1 2
V 0 13 4 1
H 0 1 1 16
H 4 5 1 2
V 0 2 16 4
H 0 1 9 6
V 1 2 16 1
H 2 2 1 2
H 16 2 1 2
H 8 1 1 2
H 11 16 1 4
H 11 15 1 4
V 0 1 16 1
V 7 8 2 1
H 8 1 2 8
H 0 1 10 2
V 4 1 12 1
V 0 1 10 2
H 0 1 10 2
V 1 2 16 1
V 13 0 2 1
H 0 1 2 16
V 0 9 4 5
V 1 14 2 1
H 2 9 1 10
V 2 18 10 1
H 3 17 1 2
V 2 18 12 1
H 13 17 1 2
H 7 12 1 4
V 3 18 6 1
H 7 14 2 6
H 9 16 1 4
V 7 15 4 4
V 8 18 6 1
H 7 17 4 2
V 10 18 2 2
H 11 16 1 4
V 11 17 2 1
V 11 7 6 2
V 16 8 2 1
H 11 7 1 2
V 11 8 2 1
V 0 7 20 1
H 1 1 1 16
V 1 15 6 2
H 4 13 1 6
V 3 18 10 1
H 4 17 2 2
H 8 17 3 2
H 9 14 1 6
V 2 19 10 1
H 2 10 1 10
V 0 11 4 4
V 1 4 2 1
H 0 1 2 16
H 0 1 1 10
V 0 1 14 1
V 1 1 14 1
H 2 10 2 10
V 0 13 4 3
H 0 3 2 14
V 1 7 16 1
V 0 7 20 1
H 19 7 1 2
V 0 1 14 1
V 0 1 12 1
H 0 1 1 10
V 1 14 2 1
H 0 1 2 16
V 0 14 4 1
V 3 17 2 2
H 2 10 2 10
V 6 19 2 1
V 2 18 10 2
V 3 19 10 1
V 7 16 4 4
V 8 15 2 1
H 7 14 2 6
H 7 13 1 2
H 9 15 1 2
V 0 2 10 1
V 1 2 14 1
V 1 13 2 5
H 2 14 2 6
H 9 18 1 2
V 2 18 8 1
V 2 18 10 1
H 11 17 1 2
H 8 14 1 2
V 18 7 2 1
V 0 16 6 1
H 1 1 1 18
V 0 7 16 1
V 9 1 2 1
H 9 0 1 8
H 9 0 1 6
H 12 0 1 2
V 7 0 6 1
V 3 19 8 1
V 2 18 8 2
V 3 17 2 1
V 1 16 2 1
H 2 10 2 10
V 0 13 4 2
H 0 1 1 2
H 5 1 1 2
H 0 2 2 14
V 0 7 18 1
H 8 7 1 2
V 1 7 18 1
H 18 7 1 2
H 14 3 1 4
V 14 4 2 1
V 2 18 10 1
H 9 0 1 8
V 8 0 4 1
V 3 7 16 1
V 1 1 10 1
H 6 2 1 2
H 0 1 10 2
H 9 2 1 2
V 0 2 14 1
H 17 7 1 2
H 9 17 1 2
V 7 16 2 4
H 8 16 1 2
V 11 7 6 2
V 4 1 8 1
V 0 3 6 1
H 0 2 1 14
H 13 5 1 2
V 0 5 14 1
H 1 5 1 2
H 3 2 1 6
V 0 5 16 1
V 15 7 2 1
H 0 7 1 2
H 15 7 1 2
H 7 16 1 4
H 3 18 1 2
H 5 18 1 2
V 2 18 6 1
H 7 16 1 4
V 3 17 2 1
H 4 9 3 10
H 6 9 1 2
V 12 4 2 1
H 10 3 3 4
V 6 6 10 1
V 7 3 6 4
H 9 0 1 8
H 3 2 7 6
H 12 5 1 2
V 3 5 12 1
H 13 4 1 2
V 8 18 2 1
H 8 17 1 2
H 5 10 1 2
V 5 10 2 1
V 5 18 2 1
V 4 11 2 9
V 3 17 2 1
H 4 11 3 8
V 3 18 6 1
H 4 9 2 8
V 0 7 8 1
H 5 1 4 8
H 9 2 1 2
V 0 3 12 2
V 0 1 8 5
V 0 8 2 1
H 0 1 1 16
V 0 11 4 3
H 2 9 2 10
V 3 18 2 1
V 2 17 4 3
V 2 18 6 1
H 7 17 1 2
V 3 15 4 3
H 4 10 3 10
H 4 10 3 4
H 5 10 1 2
H 5 14 1 2
H 4 11 3 8
V 1 15 6 2
V 0 14 2 1
H 1 1 1 16
H 2 6 1 2
V 1 7 12 1
H 4 7 1 2
V 0 7 16 1
V 11 4 2 1
H 13 7 1 2
H 6 2 2 4
H 11 4 1 2
V 2 4 10 1
H 5 5 4 4
V 3 7 12 1
H 1 16 1 2
H 2 14 1 2
V 0 13 4 4
H 2 9 1 10
V 2 15 4 5
V 5 16 2 1
V 2 18 6 1
H 6 18 1 2
H 6 12 1 2
V 10 5 2 2
H 11 5 2 2
V 1 1 4 1
H 7 3 1 2
V 2 1 6 3
H 7 1 1 2
V 1 7 12 1
H 0 6 7 2
V 1 6 12 1
V 2 7 2 1
V 1 1 4 8
V 1 4 2 1
H 1 1 1 18
V 0 13 4 4
V 3 16 2 1
H 2 14 1 6
H 2 10 2 10
H 3 14 1 4
V 2 17 4 3
H 12 7 1 2
V 0 7 12 1
V 0 6 8 2
H 0 1 2 16
V 0 15 6 1
H 4 10 1 10
H 9 6 1 2
V 4 6 8 1
H 6 1 1 8
V 1 7 12 1
V 6 2 2 1
H 6 2 1 6
V 4 4 6 5
V 2 18 2 1
H 3 10 1 10
V 2 18 4 1
V 0 11 2 1
V 0 18 2 2
H 1 12 1 8
V 1 15 6 1
H 4 12 1 8
V 1 17 2 1
H 1 5 1 2
H 1 6 1 14
V 1 15 2 1
H 5 15 1 2
V 0 15 6 1
V 5 13 2 1
H 5 12 1 6
H 0 8 1 2
V 4 15 2 1
H 0 3 2 12
V 0 2 6 2
H 1 3 1 2
V 1 3 8 1
V 0 7 12 1
V 1 7 12 1
H 6 2 1 2
H 0 5 10 4
V 3 18 2 1
H 3 9 1 10
H 4 14 1 2
V 2 15 4 3
V 4 3 2 1
V 3 1 2 8
H 2 2 4 6
H 6 6 1 2
V 1 4 8 3
H 1 6 9 2
V 6 7 6 1
V 0 17 2 3
H 1 14 1 4
V 0 15 6 1
H 4 12 1 6
H 7 4 1 4
H 1 5 8 2
V 8 6 2 1
V 8 8 2 1
V 3 15 2 1
H 4 13 1 4
V 4 14 2 1
V 3 5 6 1
V 2 9 2 8
H 3 13 1 6
V 0 3 4 6
H 1 5 1 2
V 0 5 8 1
H 0 3 7 4
V 3 4 4 5
H 4 1 1 8
H 4 1 1 6
H 7 5 1 4
V 7 6 2 1
V 5 5 2 1
V 6 5 2 4
H 6 7 1 2
H 5 4 2 4
V 0 15 6 1
H 4 15 1 2
V 0 12 4 4
H 1 12 1 8
V 0 12 2 1
V 1 14 2 1
H 1 7 1 12
V 0 15 6 1
H 4 14 1 2
V 1 12 2 6
H 2 11 1 8
H 2 14 1 4
V 0 15 6 1
V 0 8 2 1
V 0 10 2 1
V 1 9 2 5
H 1 16 1 2
H 1 1 1 16
V 0 1 4 8
V 0 14 4 1
V 0 2 4 4
H 0 2 2 10
V 0 7 6 1
V 0 7 10 1
H 2 1 1 2
V 4 4 2 1
V 0 17 2 1
H 1 16 2 2
V 2 3 2 1
V 2 10 2 1
V 2 16 2 1
V 0 4 4 2
V 3 4 2 1
V 1 4 4 2
H 4 3 1 2
V 1 9 2 3
V 1 17 2 1
H 1 9 2 8
V 1 15 4 1
H 1 2 1 6
V 0 6 6 1
V 0 6 8 1
H 0 11 1 2
H 0 4 2 8
H 5 6 2 2
V 1 7 6 2
V 1 7 8 2
H 5 7 1 2
V 5 8 4 1
H 1 15 1 2
V 0 14 4 2
H 1 14 1 4
V 0 6 6 3
H 1 5 1 2
H 5 5 1 2
H 0 4 5 4
H 2 3 1 2
V 3 6 4 1
H 2 2 1 2
H 0 8 2 2
H 1 3 1 14
V 1 16 2 1
H 0 1 1 4
V 4 8 2 1
V 3 6 2 3
H 3 4 1 4
V 0 6 2 1
V 1 6 4 1
H 0 8 1 2
H 0 3 3 6
V 5 7 2 1
H 1 4 2 4
H 2 4 1 2
H 2 9 1 6
V 0 12 4 2
H 3 12 1 2
V 1 5 2 4
V 0 7 6 1
V 0 3 2 4
H 0 2 1 6
H 1 4 1 12
V 1 5 2 1
H 1 3 1 8
H 0 3 1 12
V 0 4 2 8
H 1 4 1 12
V 2 9 2 3
H 3 11 1 2
H 0 9 2 6
H 4 7 1 2
V 1 7 4 1
V 2 11 2 1
V 1 9 2 5
V 0 5 2 1
V 0 7 2 1
H 1 4 1 10
V 2 11 2 1
H 0 11 1 4
H 2 6 1 2
V 0 10 4 1
V 0 12 2 1
H 1 8 1 6
V 1 7 2 2
V 1 8 4 1
H 2 11 1 2
H 1 5 1 8
H 1 5 1 2
H 0 4 1 2
V 0 10 4 1
V 0 7 2 6
H 0 8 2 2
H 0 6 1 8
V 0 11 2 1
H 0 5 1 8
V 1 10 2 1
V 0 7 2 5
H 0 8 2 2
V 0 8 4 1
H 1 9 2 2
H 0 8 1 2
H 0 7 2 4
V 1 8 2 1
V 2 9 2 1
V 1 9 2 1
H 0 8 1 2
V 0 9 2 1
H 0 7 1 6
H 0 10 1 2
H 0 9 1 2
H 0 8 1 2
