H 14 13 1 2
V 11 19 2 1
V 2 14 2 1
V 9 14 2 1
H 5 15 2 2
H 19 0 1 2
V 10 7 2 1
V 11 14 4 6
V 14 14 4 1
V 13 18 2 1
V 14 19 2 1
H 14 12 1 8
H 6 12 1 2
V 4 13 14 1
H 6 12 12 2
H 4 11 6 2
V 5 11 6 1
V 4 11 14 1
V 15 11 2 1
V 7 5 2 1
V 2 5 6 2
H 5 5 8 4
H 10 4 1 2
V 3 8 4 3
H 3 13 1 2
V 4 8 2 1
H 3 10 1 2
H 3 8 1 6
H 3 9 1 6
V 3 14 6 1
H 11 14 1 2
V 2 14 16 1
V 12 12 4 1
H 14 12 2 4
V 7 12 10 1
H 4 11 6 2
V 4 11 12 1
V 3 8 2 1
H 3 8 1 4
H 3 9 1 6
V 2 14 6 1
H 17 12 1 6
V 2 14 16 1
H 14 12 1 4
H 7 11 1 2
V 4 12 14 1
V 4 11 6 3
H 4 11 1 2
H 0 1 1 8
V 0 1 12 1
H 6 1 4 4
H 6 1 1 10
V 3 8 6 2
H 3 8 1 6
H 3 9 1 6
V 2 14 6 1
V 2 14 16 1
H 14 12 1 4
V 8 12 10 1
H 5 11 5 2
H 6 11 1 2
V 5 11 10 1
H 8 1 2 4
V 7 2 2 1
H 10 5 1 2
H 8 1 5 10
V 3 8 10 1
H 3 8 1 6
V 2 14 2 1
H 3 9 1 6
V 2 14 6 1
V 2 14 16 1
V 5 13 12 1
H 14 12 2 4
V 4 12 14 2
V 5 11 4 3
H 5 11 1 2
V 3 19 12 1
H 14 12 1 8
H 14 12 1 6
V 4 12 14 2
V 4 12 6 2
V 2 5 18 2
H 5 3 1 6
V 3 8 4 1
H 3 8 1 6
H 3 9 1 6
H 6 14 1 2
V 2 14 6 1
V 2 14 16 1
H 14 12 2 4
V 5 12 10 2
H 6 11 4 2
V 6 11 8 1
H 15 1 1 2
H 19 1 1 2
V 3 2 16 2
H 6 1 1 10
V 3 8 6 1
H 3 8 1 6
V 2 14 2 1
H 3 9 1 6
V 2 14 6 1
V 2 14 16 1
H 14 13 4 2
V 4 13 14 1
V 4 13 6 1
H 18 8 2 12
H 18 8 2 4
V 4 8 16 1
V 3 8 14 1
H 3 8 1 6
H 3 9 1 6
V 2 14 6 1
H 7 14 1 4
V 2 14 16 1
H 14 12 2 4
H 7 11 1 2
V 5 12 12 1
V 6 11 4 3
H 6 11 1 2
V 0 1 2 1
H 0 1 1 18
H 0 1 1 4
V 0 1 12 1
V 5 3 2 1
H 0 1 1 2
H 6 4 1 2
H 6 1 8 4
H 0 1 1 10
H 6 1 1 10
V 3 8 6 2
H 3 8 1 6
H 3 9 1 6
V 2 14 6 1
V 2 14 16 1
H 14 12 2 4
V 7 12 10 1
V 6 12 2 1
H 7 11 3 2
V 7 11 6 1
V 0 1 12 1
V 5 4 2 1
H 0 1 1 4
H 6 1 4 4
H 6 1 1 10
V 3 8 6 2
H 3 8 1 6
H 3 9 1 6
V 2 14 6 1
V 2 14 16 1
H 14 12 2 4
V 5 12 12 1
V 5 12 6 2
V 9 19 6 1
H 14 12 1 8
H 14 12 1 6
V 6 12 10 1
H 7 11 3 2
V 8 11 4 1
H 9 2 1 2
V 2 3 16 1
H 6 1 1 10
V 3 8 6 1
H 3 8 1 6
H 3 9 1 6
V 2 14 6 1
V 2 14 16 1
H 14 13 4 2
V 5 13 12 1
V 5 13 6 1
V 2 4 18 1
H 8 1 4 8
H 9 8 1 2
H 14 8 4 2
V 3 8 10 1
H 3 8 1 6
H 3 9 1 6
V 2 14 6 1
V 2 14 16 1
H 14 12 2 4
V 6 12 12 2
V 6 12 4 2
V 0 1 12 1
H 7 4 1 2
H 6 1 2 4
H 6 1 1 10
V 3 8 6 1
H 3 8 1 6
H 3 9 1 6
V 2 14 6 1
V 2 14 16 1
H 14 12 1 4
V 7 12 10 1
V 7 12 4 2
H 7 11 1 2
V 2 3 8 3
H 6 1 1 10
V 3 8 6 1
H 3 8 1 6
H 3 9 1 6
V 4 14 2 1
V 2 14 6 1
V 2 14 16 1
H 14 12 2 4
H 14 13 1 2
V 8 12 10 2
V 7 12 4 2
V 3 8 16 1
V 3 8 8 1
H 3 8 1 6
H 3 9 1 6
V 4 14 2 1
V 2 14 6 1
V 2 14 16 1
H 14 13 2 2
V 6 13 12 1
V 6 13 4 1
H 14 9 4 2
H 14 8 4 2
V 4 8 16 1
V 3 8 6 1
H 3 8 1 6
H 3 9 1 6
V 2 14 6 1
V 2 14 16 1
H 14 12 1 4
V 8 12 10 2
H 8 11 2 2
V 9 11 2 1
H 7 4 1 2
V 2 4 18 1
H 9 1 3 8
V 3 8 14 1
H 3 8 1 6
H 3 9 1 6
V 2 14 6 1
V 2 14 16 1
H 14 12 2 4
V 8 12 10 1
V 8 11 2 3
H 8 11 1 2
V 3 8 8 2
H 3 9 1 4
H 3 9 1 6
H 2 13 1 2
V 2 14 6 1
V 2 14 16 1
H 14 12 2 4
V 8 12 10 1
V 8 12 2 1
H 2 2 4 4
H 5 3 7 8
V 3 8 4 1
H 3 8 1 6
H 3 9 1 6
V 2 14 12 1
H 8 14 1 4
V 2 14 16 1
H 16 14 2 2
H 17 12 1 8
H 11 1 2 4
H 6 1 6 10
V 3 8 16 1
H 3 8 1 6
H 3 9 1 6
V 2 14 10 1
V 2 14 16 1
H 16 14 2 2
H 16 12 1 8
H 0 1 1 16
V 0 1 12 1
H 6 1 2 4
H 6 1 1 10
V 3 8 6 3
H 3 8 1 6
V 2 13 2 1
H 3 9 1 6
H 2 13 1 2
V 2 14 12 1
V 2 14 16 1
H 15 14 1 2
H 16 14 2 2
H 16 13 2 6
H 9 5 1 2
V 2 6 18 2
H 5 5 5 4
V 3 8 12 1
H 3 8 1 6
H 3 9 1 6
V 3 14 10 1
V 2 14 16 1
H 16 14 2 2
H 16 13 1 6
H 15 0 3 6
V 2 3 18 1
H 8 1 3 10
V 3 8 10 1
H 3 8 1 6
H 3 9 1 6
V 3 14 6 1
V 2 14 16 1
H 14 13 4 2
V 9 13 8 1
V 9 13 2 1
V 0 4 2 16
H 0 2 1 18
H 0 1 1 10
V 0 1 12 1
V 5 3 2 1
H 10 2 1 2
H 6 1 6 4
H 6 1 3 10
V 3 8 6 1
H 3 8 1 6
H 3 9 1 6
V 2 14 8 1
V 2 14 16 1
H 12 15 1 2
H 5 14 11 2
H 15 12 1 8
V 14 12 2 1
V 11 12 4 2
H 14 12 2 4
H 14 12 1 8
H 10 14 3 6
H 5 14 11 4
H 14 13 1 2
V 8 14 10 1
H 16 13 2 4
H 2 2 9 2
H 10 1 1 10
V 3 8 14 1
H 3 8 1 6
H 3 9 1 6
V 2 14 12 1
V 2 14 16 1
H 16 12 2 4
H 0 1 2 2
V 1 1 10 1
H 6 1 2 4
V 5 1 2 1
H 6 1 2 10
V 3 8 6 2
H 3 8 1 6
V 3 9 2 1
H 3 9 1 6
V 2 14 6 1
H 8 14 1 2
V 2 14 16 1
H 14 12 2 4
V 11 12 6 1
V 0 4 2 16
H 0 1 1 18
V 0 2 2 1
H 0 1 1 12
V 0 1 12 1
V 6 2 2 2
H 6 1 3 4
H 6 1 1 10
V 3 8 6 2
H 3 8 1 6
H 3 9 1 6
V 2 14 6 1
V 2 14 16 1
H 14 13 4 2
V 10 13 8 1
V 11 13 6 1
V 11 13 4 1
V 7 15 8 1
V 9 17 2 1
V 6 14 4 6
V 3 17 12 2
H 4 17 1 2
H 10 17 1 2
V 2 18 12 1
H 3 17 1 2
H 8 17 5 2
V 2 17 14 1
V 4 2 2 5
H 5 2 2 8
V 3 8 4 2
H 3 8 1 6
H 3 9 1 6
V 2 14 6 1
H 3 13 1 2
V 2 14 16 1
H 14 12 2 4
V 12 12 4 2
H 9 7 5 2
V 3 8 12 1
H 3 8 1 6
H 3 9 1 6
V 2 14 12 1
V 2 14 16 1
H 17 14 1 2
V 4 8 10 2
H 9 9 1 2
V 3 9 10 1
H 3 9 1 4
H 3 9 1 6
V 2 14 4 1
V 2 14 16 1
H 13 14 2 4
V 13 14 2 1
H 13 14 1 6
H 7 2 4 2
H 10 1 1 10
V 3 8 14 1
H 3 8 1 6
H 3 9 1 6
V 2 14 10 1
V 2 14 16 1
H 16 13 1 4
V 0 2 2 1
V 0 5 2 1
H 0 1 1 12
V 0 1 12 1
H 0 1 1 2
H 6 1 2 4
H 6 1 1 10
V 3 8 6 1
H 3 8 1 6
H 3 9 1 6
V 2 14 10 1
V 2 14 16 1
H 16 12 1 4
V 11 14 4 4
H 11 14 3 4
H 12 15 2 4
V 2 15 14 1
H 15 15 1 2
V 9 14 6 2
H 14 12 2 4
V 12 13 4 1
V 15 13 2 1
H 10 4 1 2
V 2 5 18 1
H 8 4 5 6
V 12 2 2 1
V 12 5 2 1
V 3 8 10 1
H 3 8 1 6
H 3 9 1 6
V 3 14 2 1
V 2 14 16 1
H 12 14 1 4
H 12 14 1 6
V 5 0 8 1
H 12 5 1 2
H 12 0 1 6
V 6 3 12 1
H 16 2 1 2
H 6 1 1 10
V 3 8 6 3
H 3 8 1 6
H 3 9 1 6
V 2 14 6 1
H 14 14 1 2
V 2 14 16 1
H 14 12 1 4
V 13 12 2 1
H 0 18 1 2
H 2 18 1 2
V 0 1 6 1
H 0 1 1 18
H 0 1 1 12
V 0 1 12 1
H 6 1 3 4
H 6 1 1 10
V 3 8 6 1
H 3 8 1 6
H 3 9 1 6
V 2 14 6 1
H 3 13 1 2
V 2 14 16 1
H 14 12 1 6
H 6 16 1 2
H 12 16 1 2
V 11 14 4 3
V 1 1 2 1
H 0 1 2 2
V 0 1 12 1
H 6 1 1 4
H 6 1 1 10
V 3 8 6 1
H 3 8 1 6
V 2 13 2 1
H 3 9 1 6
V 3 14 12 1
V 2 14 16 1
H 15 13 1 2
V 3 8 8 3
H 3 10 1 2
H 3 9 1 6
V 3 0 10 1
V 3 14 10 1
V 2 14 14 1
H 15 14 1 2
V 3 8 16 1
H 10 8 1 2
H 18 8 2 2
V 3 8 12 1
H 3 8 1 6
H 3 9 1 6
V 3 14 2 1
V 2 14 14 1
H 10 14 3 4
H 10 14 2 6
V 4 8 16 1
V 3 8 14 1
H 3 8 1 6
H 3 9 1 6
V 2 14 4 1
H 14 14 1 2
V 2 14 14 1
H 10 14 3 4
H 12 15 1 4
V 16 2 2 1
V 15 0 4 4
H 15 0 2 6
V 2 2 18 2
H 6 1 2 10
V 3 8 8 1
H 3 8 1 6
H 3 9 1 6
V 2 14 12 1
V 3 14 14 1
H 14 13 1 2
H 14 14 1 2
V 9 18 2 2
V 8 14 4 5
H 12 15 1 2
H 10 14 3 4
H 10 15 2 4
V 11 15 2 1
V 3 9 2 2
H 3 10 1 2
V 2 12 2 1
H 3 9 1 6
V 2 14 8 1
H 6 14 2 6
V 3 8 10 3
V 3 16 10 2
V 3 8 8 3
H 3 10 1 2
H 3 9 1 4
H 3 9 1 6
V 2 14 8 1
V 2 14 14 1
H 14 13 1 2
H 5 4 1 2
V 2 5 18 1
H 5 5 5 6
V 6 10 2 1
H 10 7 1 2
V 3 8 8 3
H 3 8 1 6
H 3 9 1 6
V 2 14 14 1
H 9 15 1 2
H 7 14 5 4
V 9 17 2 1
H 10 14 1 6
H 12 0 1 6
V 4 3 12 2
H 6 1 2 10
V 3 8 6 1
H 3 8 1 6
H 3 9 1 6
V 2 14 10 1
V 2 14 14 1
V 4 2 4 3
V 6 10 2 1
H 6 1 1 10
V 5 9 2 1
V 3 8 6 3
H 3 8 1 6
H 3 9 1 6
V 3 14 8 1
H 10 15 1 2
H 7 14 5 4
H 5 16 1 2
V 3 16 10 1
H 2 2 4 4
H 5 2 2 8
V 3 8 4 1
H 3 8 1 6
H 3 9 1 6
V 2 14 8 1
V 2 14 12 1
H 13 14 1 2
H 12 0 1 6
V 2 3 12 1
H 6 1 1 10
V 3 8 6 1
H 3 8 1 6
H 3 9 1 6
V 2 14 6 1
V 5 17 2 1
H 6 14 2 6
V 2 16 10 2
H 19 8 1 12
H 18 8 2 10
V 4 8 16 1
H 18 8 1 2
V 3 8 16 1
H 3 8 1 6
H 3 9 1 6
V 3 14 2 1
V 7 14 2 1
V 2 14 12 1
H 10 14 1 4
H 10 15 1 4
V 0 0 6 1
V 0 0 14 1
H 12 0 3 6
V 14 5 2 1
V 3 3 12 3
H 6 1 1 10
V 3 8 6 1
H 3 8 1 6
H 3 9 1 6
V 6 14 2 1
V 2 14 10 1
H 3 13 1 2
V 3 14 12 1
H 6 7 1 2
V 2 7 18 1
H 5 7 9 2
H 12 7 1 2
V 3 8 10 1
H 3 8 1 6
H 3 9 1 6
V 2 14 8 1
V 2 14 12 1
V 2 5 6 3
H 5 7 8 2
V 3 8 4 1
H 3 8 1 6
H 3 9 1 6
V 3 14 2 1
V 2 14 10 1
H 7 15 1 2
H 6 14 4 4
H 8 15 2 4
V 2 5 18 1
V 13 8 2 1
H 8 3 6 6
H 8 5 1 2
V 3 8 10 1
H 3 8 1 6
H 3 9 1 6
V 2 14 8 1
V 3 14 10 1
H 12 14 1 2
V 8 0 2 1
V 4 0 10 1
V 12 4 2 1
H 12 0 1 6
V 8 5 6 1
V 4 3 12 3
H 6 1 1 10
V 3 8 6 1
H 3 8 1 6
H 3 9 1 6
V 3 14 6 1
H 6 14 3 6
H 10 16 1 2
V 3 17 8 1
H 18 8 2 12
H 18 8 1 8
V 4 8 16 1
V 3 8 14 1
H 3 8 1 6
H 3 9 1 6
H 2 13 1 2
H 18 13 1 2
V 2 14 10 1
H 7 14 2 4
H 8 14 1 6
V 5 18 2 1
V 2 15 4 4
H 2 17 1 2
H 4 17 1 2
V 5 16 2 1
H 2 9 1 6
V 2 14 10 1
V 3 14 10 1
V 3 8 2 2
H 3 9 1 4
H 3 9 1 6
V 2 14 10 1
H 7 14 2 4
H 7 15 2 4
H 5 7 6 2
V 3 8 4 1
H 3 13 1 2
H 3 8 1 6
V 2 14 2 1
H 3 9 1 6
V 2 14 6 1
V 2 14 10 1
H 11 14 1 2
V 3 8 16 1
V 3 8 6 1
H 3 8 1 6
H 3 9 1 6
V 2 14 8 1
H 6 15 1 2
H 5 14 3 4
H 5 14 3 6
H 2 8 1 2
H 19 8 1 2
H 19 9 1 2
V 4 8 16 1
V 3 8 16 1
H 3 8 1 6
H 3 9 1 6
V 2 14 4 1
H 5 14 1 6
V 2 17 8 1
V 0 1 10 1
H 6 1 2 4
H 6 1 2 10
V 3 8 6 1
H 3 8 1 6
H 3 9 1 6
V 2 14 6 1
H 6 14 1 4
V 3 16 8 1
H 18 8 1 12
V 17 8 2 1
H 18 8 1 10
V 3 8 16 1
V 3 8 14 1
H 3 8 1 6
H 3 9 1 6
V 2 14 4 1
H 5 14 1 4
H 5 14 2 6
V 3 17 4 3
V 0 19 2 1
V 6 14 2 5
H 6 18 1 2
H 7 14 1 4
H 5 14 3 2
V 4 14 8 1
V 2 7 16 1
H 11 6 1 2
H 5 7 9 2
V 3 8 4 1
H 3 8 1 6
H 3 9 1 6
V 2 14 4 1
H 5 14 1 6
H 6 17 1 2
V 4 16 2 1
V 2 15 6 3
V 4 8 16 1
V 3 8 8 1
H 3 8 1 6
H 3 9 1 6
V 2 14 4 1
H 5 14 3 2
H 5 14 1 6
V 3 18 4 1
V 4 3 4 4
V 7 4 2 1
H 6 1 2 6
V 0 1 12 1
H 0 1 1 16
H 0 1 1 18
V 0 10 2 1
V 0 18 2 1
H 18 8 1 12
V 4 8 16 1
V 3 8 14 1
H 3 8 1 6
H 3 9 1 6
V 2 14 6 1
V 3 14 8 1
H 10 14 1 2
V 3 7 12 1
H 6 1 3 10
H 6 1 3 2
V 0 1 12 1
H 0 1 1 18
H 0 2 1 18
V 6 17 2 1
V 0 1 2 1
V 0 4 2 14
H 0 4 2 6
H 0 1 1 18
V 4 8 10 3
V 3 8 2 3
H 3 10 1 2
H 3 9 1 6
V 2 14 6 1
H 5 14 2 4
H 5 15 2 4
V 4 2 2 6
H 5 5 6 4
V 3 8 4 2
V 3 17 4 1
H 3 8 1 6
H 3 9 1 6
V 2 14 4 1
H 5 14 1 6
V 3 15 4 3
V 2 16 2 1
V 8 10 2 1
H 8 5 1 6
V 3 8 10 3
H 3 8 1 6
H 3 9 1 6
V 2 14 4 1
H 5 14 1 4
H 5 14 1 6
H 4 2 11 4
V 3 2 2 1
H 5 3 4 8
V 3 8 4 1
H 3 8 1 6
H 3 9 1 6
V 2 14 4 1
V 2 14 8 1
H 9 14 1 2
V 4 6 16 2
H 5 5 8 4
V 3 8 4 1
H 3 8 1 6
H 3 9 1 6
V 2 14 4 1
H 5 14 1 4
V 3 16 6 1
H 0 1 1 6
V 0 1 12 1
H 6 1 6 4
H 6 1 1 10
V 3 8 6 1
H 3 13 1 2
H 3 8 1 6
H 3 9 1 6
V 2 14 6 1
V 3 14 8 1
H 3 11 1 4
V 2 14 4 1
H 5 14 1 4
V 4 6 4 1
V 4 15 4 2
V 5 17 2 1
H 3 2 1 2
V 3 3 4 3
V 4 8 2 1
H 5 2 2 8
V 3 8 4 1
H 3 8 1 6
H 3 9 1 6
V 2 14 4 1
H 5 14 3 2
V 2 15 6 1
H 19 8 1 2
V 4 8 16 1
V 3 8 2 3
H 3 8 1 6
H 3 9 1 6
V 3 14 2 1
V 2 14 8 1
H 5 14 1 2
H 8 14 1 2
V 5 2 2 2
H 6 1 3 4
V 0 1 12 1
H 0 1 1 14
V 0 14 2 1
H 0 1 1 16
V 0 16 2 1
H 0 8 1 2
H 18 8 2 4
V 3 8 16 1
V 3 8 14 1
H 3 8 1 6
H 3 8 1 2
H 3 9 1 6
V 2 14 4 1
V 2 14 8 1
H 18 8 2 8
V 4 8 16 1
H 9 8 1 2
V 3 8 16 1
H 3 8 1 6
H 3 9 1 6
V 3 14 4 1
H 5 14 1 4
H 5 15 1 4
H 7 7 5 2
V 3 8 10 1
H 3 8 1 6
H 3 9 1 6
V 2 14 4 1
H 5 14 3 2
H 6 14 1 2
V 3 15 4 1
V 4 8 10 3
H 3 8 1 2
H 14 8 1 2
V 3 9 6 1
H 3 8 1 4
H 3 9 1 6
V 2 14 4 1
H 5 14 1 4
V 5 16 2 1
V 2 2 8 6
H 6 1 6 2
H 10 1 1 2
V 0 1 12 1
H 0 1 1 14
V 0 2 2 1
H 0 1 1 16
V 7 8 2 1
H 7 1 1 10
H 6 1 3 2
V 0 1 14 1
H 0 1 1 14
H 0 2 1 14
V 0 4 2 12
H 16 5 1 2
V 2 6 18 2
H 10 7 1 2
V 3 8 14 1
H 3 8 1 6
H 3 9 1 6
V 2 14 4 1
H 5 14 3 2
H 5 14 1 4
H 0 1 1 14
V 0 1 12 1
H 6 1 1 4
H 6 1 2 10
V 3 8 6 1
H 3 8 1 6
H 3 9 1 6
V 3 14 2 1
V 2 14 6 1
H 7 14 1 2
V 4 2 2 6
V 12 5 2 1
H 5 3 8 6
V 3 8 4 3
H 3 8 1 6
H 3 9 1 6
V 3 14 2 1
H 3 13 1 2
V 2 14 6 1
H 0 1 2 2
V 0 1 12 1
H 6 1 1 4
H 6 1 1 10
V 3 8 6 1
H 3 8 1 6
H 3 9 1 6
V 2 14 4 1
H 5 14 1 2
V 4 15 2 1
H 7 7 6 2
V 3 8 8 2
H 3 8 1 6
H 3 9 1 6
V 2 14 4 1
H 5 14 1 2
H 7 1 1 10
H 7 1 1 4
V 0 1 14 1
V 0 6 2 1
H 0 1 1 12
V 0 1 2 1
H 0 1 1 14
V 7 0 6 1
H 12 0 3 2
V 0 1 14 1
V 0 1 10 1
H 0 1 1 12
H 0 2 1 12
V 0 13 2 1
H 0 1 1 12
H 0 1 1 8
V 0 2 2 1
V 0 1 8 1
H 0 1 1 2
V 0 1 14 1
H 10 1 3 4
V 12 3 2 1
H 11 1 2 10
V 3 8 2 1
V 10 7 2 1
V 4 8 16 1
H 18 8 2 10
H 18 8 2 12
H 18 16 1 4
V 3 8 16 1
H 8 7 1 2
H 3 8 11 2
H 3 8 1 6
V 2 12 2 1
H 2 9 1 6
V 2 13 2 1
V 4 8 16 1
V 5 0 8 1
V 5 4 8 6
H 6 1 1 10
V 6 1 2 1
H 6 1 1 4
H 1 1 1 2
V 0 1 12 1
H 0 1 1 12
H 0 2 1 12
V 0 7 2 1
H 0 1 1 12
V 0 1 2 1
H 0 1 1 4
V 0 1 8 1
H 0 1 1 2
V 0 1 14 1
H 10 1 2 4
H 11 1 1 10
H 7 8 1 2
V 4 8 16 1
H 18 8 2 10
H 18 9 2 10
H 2 13 2 2
H 15 0 4 4
H 10 3 1 2
V 2 3 18 1
H 6 1 4 10
H 8 9 1 2
V 3 8 8 2
H 3 8 1 6
H 3 9 1 6
V 3 14 2 1
V 18 13 2 1
H 18 8 1 10
V 17 8 2 1
H 18 8 2 6
H 4 8 1 2
V 3 8 16 1
V 5 3 2 1
V 6 1 8 10
V 5 7 2 1
H 6 1 1 10
H 6 1 1 4
V 0 1 12 1
H 0 1 1 10
H 0 2 1 10
V 0 11 2 1
H 12 0 3 6
H 12 0 2 10
V 6 8 14 1
H 18 8 2 8
V 17 8 2 1
H 18 8 2 10
H 18 11 2 6
H 14 8 3 2
V 3 8 16 1
V 3 8 8 2
H 3 8 11 2
H 3 8 1 6
V 2 12 2 1
H 2 11 1 2
V 14 9 4 2
H 15 8 1 2
H 14 9 4 2
H 14 8 4 2
H 11 7 1 2
V 4 8 16 1
H 6 1 1 10
H 6 1 2 4
V 0 1 12 1
H 0 1 1 10
V 0 8 2 1
H 0 2 1 10
V 18 8 2 8
H 18 15 1 2
H 3 8 1 6
H 18 8 2 6
V 2 12 2 1
H 6 1 6 4
V 0 1 12 1
H 0 1 1 6
H 0 1 1 10
V 0 9 2 1
H 5 2 1 2
H 17 2 1 2
H 3 8 1 2
H 11 8 1 2
H 18 8 2 2
V 4 8 16 1
H 10 8 1 2
H 15 8 1 2
V 3 8 10 1
V 7 3 2 1
H 6 1 2 10
H 6 1 4 4
V 0 1 12 1
H 0 1 1 8
V 0 7 2 1
H 0 2 1 8
V 0 1 12 1
V 5 3 2 1
H 6 1 1 6
H 6 1 1 10
V 3 9 6 2
V 3 10 2 1
H 3 8 1 4
V 2 7 6 1
V 5 6 4 1
H 6 1 1 10
H 6 1 9 2
H 11 1 1 2
V 0 1 12 1
H 0 1 1 6
H 0 1 1 8
H 19 12 1 2
V 7 3 8 2
H 10 1 1 10
V 3 8 16 1
H 18 8 2 4
V 17 8 2 1
H 18 8 1 6
H 6 1 2 10
H 6 1 6 8
V 0 1 14 1
H 0 4 1 2
H 0 1 1 4
H 0 1 1 6
V 0 6 2 1
H 7 8 1 2
H 15 8 1 2
V 10 8 10 1
H 18 8 2 2
V 17 8 2 1
H 18 8 2 4
H 11 5 1 4
H 2 2 1 6
V 2 7 18 1
H 6 7 7 4
V 3 8 8 2
H 5 7 9 2
V 3 8 4 1
V 5 9 8 2
V 3 3 6 5
H 6 1 4 6
V 0 1 12 1
V 1 1 2 1
H 0 1 2 2
H 0 1 1 4
V 0 4 2 1
V 0 1 14 1
V 0 1 8 1
H 0 1 2 2
H 0 1 1 4
H 0 2 2 2
H 0 1 2 2
V 0 1 12 1
V 5 5 2 1
V 6 2 2 1
H 6 1 1 8
V 5 2 2 8
H 5 2 1 8
V 9 0 6 1
V 12 2 2 1
H 12 0 1 8
H 11 4 1 2
V 2 4 18 1
H 3 2 1 6
H 8 1 1 2
V 5 2 4 6
H 7 5 1 6
H 6 8 1 2
V 2 2 18 1
H 6 1 2 6
H 8 5 1 2
V 2 2 10 4
V 0 3 2 1
V 8 9 6 2
H 9 9 5 2
H 15 9 1 2
V 7 9 4 1
V 8 8 8 1
V 6 7 4 1
V 8 9 2 1
H 8 7 1 4
H 1 2 1 2
V 12 6 2 1
H 12 6 1 4
V 5 7 14 1
H 4 3 1 2
V 2 2 18 2
H 3 2 9 4
V 2 2 4 3
V 10 7 4 1
V 8 3 6 6
H 12 1 1 10
H 11 7 1 2
H 14 8 1 2
V 7 8 12 1
V 7 3 2 1
V 6 1 4 7
H 6 2 1 6
H 6 1 9 4
V 0 1 12 1
H 0 1 2 2
H 17 8 1 2
V 2 2 14 2
H 12 0 1 10
H 9 4 1 4
V 6 7 14 1
H 9 5 4 4
H 13 6 1 4
V 8 8 10 1
H 16 8 1 2
V 9 6 4 1
V 6 6 14 1
H 18 6 1 2
V 7 2 2 1
V 4 2 8 3
H 7 1 1 4
H 8 2 1 2
H 6 1 8 2
V 0 1 12 1
H 13 0 2 6
V 2 3 18 1
V 2 2 4 2
H 3 3 1 2
H 19 3 1 2
V 7 0 6 1
V 11 4 2 1
H 12 0 1 10
H 14 5 1 2
V 4 5 16 1
H 11 9 3 2
H 14 9 1 2
V 4 2 8 2
H 4 3 1 2
V 8 3 10 5
H 14 2 3 6
V 15 5 4 2
V 15 8 2 1
V 10 9 2 1
V 6 3 2 1
V 7 1 2 6
H 7 3 3 4
H 12 6 2 4
V 12 8 4 1
V 11 10 2 1
H 15 2 1 6
V 13 5 6 1
V 9 3 4 4
V 12 4 2 1
H 11 4 2 6
H 9 7 1 2
H 13 7 1 2
V 9 8 6 1
H 14 8 1 2
H 6 1 1 2
V 6 1 6 1
H 9 1 6 2
H 4 2 1 2
V 4 2 16 1
H 17 0 3 4
V 4 2 16 2
V 4 3 12 1
V 12 0 2 10
V 11 9 2 1
V 14 2 2 6
H 15 6 1 2
V 7 3 2 1
H 6 1 2 4
V 3 1 6 1
H 9 3 2 2
V 5 3 8 1
V 7 3 8 3
H 8 5 1 2
V 13 3 2 1
H 11 3 3 6
V 13 8 2 1
V 16 5 2 1
H 12 5 2 4
V 10 3 8 3
V 10 2 10 1
H 15 1 4 4
V 12 2 8 2
H 6 1 8 2
H 9 2 1 2
V 5 1 2 1
V 8 2 12 1
H 19 1 1 2
V 12 9 2 1
V 0 0 8 1
H 12 0 1 10
V 0 0 14 1
H 12 0 1 10
V 7 5 10 1
V 10 5 2 3
H 10 6 1 2
H 17 0 1 2
V 17 1 2 1
V 11 1 2 8
H 11 3 1 6
V 12 0 2 1
V 10 2 8 3
V 9 2 2 5
H 9 1 4 6
H 15 1 3 2
V 15 5 2 1
H 16 0 1 6
H 13 3 1 4
H 9 2 6 2
H 16 2 1 2
V 5 2 8 1
V 11 3 8 1
V 8 4 2 1
H 9 2 1 4
V 9 5 2 1
V 6 2 6 2
H 15 0 2 4
H 6 1 1 2
H 14 1 1 2
V 14 2 6 1
V 12 3 4 2
V 12 5 2 1
H 13 1 1 8
V 4 0 2 1
H 12 0 1 2
V 1 0 14 1
H 12 0 2 4
V 13 2 2 1
V 9 2 10 1
H 17 0 1 4
H 14 4 1 2
V 8 2 2 1
H 9 2 2 4
V 6 2 6 1
H 16 1 1 2
V 9 2 10 1
H 14 0 1 4
H 14 5 1 2
V 14 2 2 4
H 15 0 1 6
V 15 4 2 1
V 16 1 2 1
H 10 3 2 2
V 7 2 10 2
H 13 2 1 2
H 15 2 1 2
H 9 3 7 2
H 11 2 1 6
V 5 1 2 1
V 7 1 2 2
H 7 1 1 2
H 15 1 1 2
V 10 1 4 5
V 10 5 2 1
V 14 2 4 1
H 16 1 1 2
V 13 5 2 1
H 9 3 1 2
V 11 2 2 3
H 11 4 1 2
V 8 2 8 1
H 9 2 1 2
H 14 2 1 2
V 13 0 2 5
V 13 3 2 1
H 14 1 1 4
V 10 2 4 3
V 10 3 6 1
H 12 0 1 2
H 12 1 1 6
V 7 1 2 1
V 0 0 6 1
V 0 0 14 1
H 12 0 1 2
V 11 0 4 1
H 12 0 1 6
V 10 3 4 2
V 11 2 2 2
H 11 3 1 2
V 9 1 4 1
H 9 1 1 2
H 13 2 1 2
V 12 2 4 1
H 13 2 1 2
V 13 0 2 1
V 9 1 4 1
V 9 1 6 1
H 12 0 3 4
V 9 1 2 1
H 12 1 1 4
H 10 1 1 2
H 13 1 1 2
V 11 2 4 1
H 12 2 1 2
V 12 2 2 1
H 12 2 1 2
V 2 0 12 1
H 12 0 2 2
V 11 1 2 1
V 12 0 2 1
V 5 0 8 1
H 12 0 1 2
V 1 0 8 1
V 6 0 8 1
V 7 0 4 1
V 0 0 8 1
V 1 0 8 1
V 4 0 2 1
V 5 0 2 1
V 0 0 2 1
