V 9 18 2 1
V 14 1 2 1
V 14 3 2 1
V 14 7 2 1
H 4 16 1 2
V 13 11 2 1
V 2 0 2 1
V 0 3 6 2
H 0 3 6 2
V 0 4 10 1
H 9 1 1 4
V 0 2 10 1
V 0 2 8 1
H 0 1 3 2
V 0 0 8 2
V 1 0 8 2
H 2 0 1 2
H 8 0 1 2
H 0 3 1 14
H 0 3 1 10
V 0 4 8 1
V 0 4 10 1
H 9 1 1 4
V 0 2 10 1
V 0 2 8 1
H 0 1 3 2
V 0 0 8 2
V 1 1 8 1
H 11 5 2 8
V 12 11 2 1
V 7 12 10 4
H 7 5 4 10
V 0 6 10 3
H 0 13 1 2
V 0 7 4 7
H 0 3 1 6
V 0 4 8 1
V 0 4 10 1
H 9 1 1 4
V 1 2 10 1
V 0 2 8 1
V 2 1 2 1
H 0 1 3 2
V 0 0 6 2
V 0 0 8 2
H 7 0 1 2
H 0 3 2 14
H 1 4 1 8
V 0 3 6 2
V 0 4 10 1
H 9 1 1 4
V 0 2 10 1
V 0 2 8 1
H 0 1 3 2
V 0 0 6 2
V 0 1 8 1
H 5 12 1 2
H 5 6 2 14
H 5 5 2 12
V 0 6 10 1
H 0 4 2 4
V 0 4 8 1
H 7 3 1 2
V 1 4 10 1
H 9 1 1 4
V 0 2 10 1
H 0 1 1 2
V 0 2 8 1
H 0 1 3 2
V 0 0 6 2
V 1 0 6 2
H 6 0 1 2
H 7 6 1 2
H 4 5 7 2
V 1 6 10 1
V 0 6 10 1
H 0 4 2 4
V 0 4 8 1
V 0 4 10 1
H 9 1 1 4
H 2 1 1 2
V 0 2 10 1
V 0 2 8 1
H 0 1 3 2
V 0 0 6 2
V 1 1 6 1
H 15 2 1 14
V 15 11 2 1
V 7 12 12 1
H 8 6 3 10
H 8 6 1 2
H 1 7 1 2
H 11 7 1 2
V 1 7 10 1
V 0 7 8 1
H 1 9 1 2
H 0 4 2 6
V 0 4 8 1
V 1 4 10 1
H 9 1 1 4
V 0 2 10 1
V 1 2 4 1
H 0 1 3 2
V 0 0 6 2
H 5 0 1 2
H 5 11 1 2
V 0 6 6 6
H 0 4 1 6
V 0 4 8 1
V 1 4 10 1
V 8 2 2 1
H 9 1 1 4
V 0 2 10 1
V 1 2 4 1
H 0 1 3 2
V 0 1 6 1
H 12 2 6 12
V 7 12 10 4
H 7 5 2 10
V 0 7 10 1
H 1 6 1 2
V 0 7 4 1
H 0 4 2 6
H 1 3 1 2
V 0 4 8 1
V 0 4 10 1
H 9 1 1 4
V 0 2 10 1
H 0 1 1 2
V 0 2 8 1
H 0 1 3 2
H 0 0 1 2
H 19 0 1 10
H 19 1 1 12
V 8 12 12 1
V 7 12 12 1
V 9 8 2 1
H 7 5 3 10
V 1 6 10 2
V 0 7 4 2
H 0 4 1 6
V 0 4 8 1
V 0 6 8 3
V 0 4 10 1
H 9 1 1 4
V 0 2 10 1
V 1 2 4 1
H 0 1 3 2
V 1 0 4 2
H 4 0 1 2
V 6 3 4 2
H 9 1 1 4
V 0 2 10 1
V 0 2 6 1
H 0 1 3 2
H 1 0 1 2
H 0 4 1 4
V 0 4 8 1
V 1 4 10 1
H 9 1 1 4
V 0 2 10 1
V 1 2 4 1
H 0 1 3 2
V 1 1 4 1
H 8 6 3 8
V 1 6 10 1
V 0 6 10 1
H 0 4 1 4
V 0 4 8 1
V 1 4 10 1
H 9 1 1 4
V 0 2 10 1
V 0 2 6 1
H 0 1 3 2
V 0 1 4 1
H 3 0 1 2
H 15 8 1 2
V 11 11 2 1
H 12 3 5 12
H 11 11 1 2
H 16 11 1 2
V 7 12 12 1
H 8 6 2 10
H 0 5 1 2
V 0 6 10 2
H 7 5 1 2
V 0 6 8 2
H 0 3 2 6
V 0 4 8 1
V 0 4 10 1
H 9 1 1 4
V 0 2 10 1
V 0 2 8 1
H 0 1 1 2
V 9 0 2 2
H 9 0 1 4
V 0 2 10 1
V 1 2 4 1
H 1 1 2 2
V 2 1 2 1
V 6 3 4 2
H 9 1 1 4
V 0 2 10 1
V 1 2 4 1
H 1 1 2 2
H 2 0 1 2
H 16 13 1 2
H 13 10 1 2
H 11 8 7 6
V 7 12 8 3
H 7 5 1 10
V 0 7 10 1
V 0 7 4 2
H 0 3 1 6
V 0 4 8 1
H 10 3 1 2
V 1 4 10 1
H 9 1 1 4
V 0 2 10 1
V 0 2 6 1
H 1 1 1 2
V 8 12 12 1
H 7 5 4 10
H 7 7 1 2
V 1 6 10 2
V 0 7 8 1
H 0 3 1 6
V 0 4 8 1
H 6 3 1 2
V 0 4 10 1
H 9 1 1 4
V 0 2 10 1
V 0 2 8 1
H 0 3 6 2
V 0 4 8 1
V 0 4 10 1
H 9 1 1 4
V 1 2 10 1
V 1 2 6 1
H 9 9 1 2
H 7 5 4 10
V 0 7 10 2
V 0 8 4 1
H 0 4 1 8
V 0 4 8 1
V 0 4 10 1
H 9 1 1 4
V 2 2 8 1
V 2 2 6 1
H 2 1 1 2
V 14 5 2 1
V 14 9 2 1
V 16 4 2 1
V 15 3 2 13
H 16 0 1 16
V 7 12 12 1
H 7 9 1 2
H 10 9 1 2
H 10 5 1 10
V 5 7 2 1
H 5 8 1 2
V 1 6 10 3
V 0 6 10 2
H 0 3 1 6
V 0 4 8 1
V 0 4 10 1
H 9 1 1 4
V 2 2 8 1
V 2 2 6 1
H 0 17 1 2
H 0 18 1 2
V 0 19 4 1
H 2 6 3 14
V 0 11 4 3
H 0 3 1 14
H 0 4 2 2
V 0 4 8 1
V 1 4 10 1
H 9 1 1 4
V 9 4 2 1
H 10 2 1 2
H 12 2 1 2
V 3 2 8 1
V 3 2 4 1
H 19 3 1 10
V 8 12 12 1
V 7 12 12 1
H 7 5 1 10
V 1 7 10 1
V 1 5 2 1
V 0 5 4 3
H 0 4 1 6
V 0 4 8 1
H 9 3 1 2
V 0 4 10 1
H 9 1 1 4
V 4 2 6 1
V 4 2 4 1
V 0 7 6 3
H 0 3 1 10
V 0 4 8 1
V 1 4 10 1
H 9 1 1 4
V 5 2 6 1
V 5 2 2 1
V 7 13 12 3
V 7 13 8 3
H 7 6 1 10
H 7 5 2 6
V 0 6 10 2
V 0 5 4 2
H 0 4 2 4
V 0 4 8 1
V 0 4 10 1
H 9 1 1 4
V 6 2 4 1
V 6 2 2 1
V 11 17 6 3
V 10 17 2 1
H 16 6 1 14
V 7 12 12 1
H 10 5 1 10
V 4 6 4 1
V 1 6 10 2
H 4 6 1 2
H 1 7 1 2
V 0 7 10 1
H 0 4 1 6
V 0 4 8 1
V 1 4 10 1
H 9 1 1 4
H 9 0 1 4
V 9 0 2 2
V 4 5 6 3
H 4 5 7 2
V 0 6 8 2
H 0 3 1 4
V 0 4 8 1
V 0 4 10 1
H 9 1 1 4
H 9 0 1 4
V 9 3 2 2
H 9 1 1 4
V 8 2 2 1
V 0 6 6 7
H 0 3 1 14
H 0 4 2 2
V 0 4 10 1
V 1 4 10 1
H 6 3 5 2
H 10 2 1 2
V 18 10 2 1
V 11 9 8 4
H 11 9 8 4
H 15 14 1 2
V 7 12 10 3
H 7 5 4 10
H 1 7 1 2
V 1 7 10 1
H 0 4 1 2
V 2 11 2 1
H 0 5 3 10
H 2 6 2 14
V 1 12 2 1
V 0 19 4 1
H 0 18 1 2
H 0 17 1 2
H 3 12 1 2
H 16 12 1 2
H 11 11 6 2
H 19 11 1 2
V 7 12 12 1
H 7 5 2 10
H 9 5 1 2
V 0 6 10 2
V 0 6 6 7
H 0 3 1 6
V 7 4 2 1
V 0 4 8 1
V 0 4 10 1
H 6 3 4 2
H 9 2 1 2
V 3 12 2 1
H 2 6 2 14
V 1 9 2 1
V 2 6 4 8
H 5 7 1 10
V 1 7 10 1
H 10 5 1 10
V 9 8 2 1
V 7 12 12 1
V 15 1 2 1
V 15 11 2 1
V 16 9 2 1
V 16 17 2 2
H 16 0 1 20
H 16 1 3 2
V 11 1 8 1
V 11 0 2 2
H 11 0 1 2
H 17 0 2 10
H 16 1 1 2
V 11 1 8 1
H 12 0 1 2
V 11 1 4 1
H 3 5 1 2
V 0 6 8 3
H 0 5 1 2
H 0 4 1 8
V 0 4 8 1
V 0 4 10 1
H 9 3 1 2
H 12 6 5 6
V 15 1 2 1
H 16 0 1 20
V 15 16 2 1
V 7 16 12 4
V 7 17 6 3
H 19 13 1 6
H 16 18 1 2
H 16 16 1 2
V 14 17 6 2
H 17 8 1 2
V 17 16 2 1
H 16 9 2 10
H 13 11 1 2
V 17 16 2 1
V 8 12 12 1
H 0 5 1 10
H 8 5 3 10
H 4 8 1 4
V 1 7 10 2
H 9 7 1 2
V 0 7 10 1
H 0 3 2 6
V 4 4 6 1
V 0 4 10 1
V 1 4 10 1
H 18 9 1 2
V 11 5 8 5
H 11 7 3 6
V 7 12 8 2
H 7 5 2 10
V 0 7 10 2
H 1 6 3 10
V 3 18 2 1
H 2 6 2 14
V 0 19 4 1
H 0 18 1 2
V 16 10 4 1
H 19 0 1 12
H 19 0 1 8
V 11 3 2 12
H 11 5 1 2
H 15 5 1 2
V 11 5 8 1
H 16 0 3 8
V 12 1 6 1
H 13 0 1 2
V 1 10 6 1
V 0 7 6 4
H 0 4 1 12
V 0 3 6 2
V 0 4 10 1
H 8 3 1 2
V 12 10 2 1
V 12 13 2 1
V 13 7 4 9
H 16 1 1 2
H 16 2 1 18
H 17 15 1 2
V 9 16 10 4
V 8 16 6 4
H 11 3 6 4
V 12 4 2 1
H 13 2 1 14
V 7 12 12 1
H 7 6 1 10
V 0 7 10 1
H 0 7 5 10
H 2 6 1 14
H 4 6 1 14
V 0 19 4 1
V 4 12 2 2
H 5 5 2 10
V 1 7 10 2
H 9 14 1 2
H 7 5 4 10
V 10 14 2 1
V 7 12 12 1
V 15 3 2 2
V 15 11 2 1
H 16 6 1 2
H 16 7 1 12
H 9 18 1 2
H 15 18 1 2
V 8 17 12 2
V 7 17 6 2
H 14 0 3 2
V 13 1 6 1
H 7 11 4 2
V 7 12 12 1
V 15 13 2 1
H 16 8 1 12
H 11 18 1 2
V 8 17 12 2
H 15 18 1 2
H 19 18 1 2
V 8 16 4 3
H 11 12 1 2
H 10 14 1 2
V 7 13 12 2
H 16 0 2 20
H 16 0 2 6
V 14 0 4 2
V 12 10 8 2
H 11 9 8 4
H 10 12 1 2
V 7 12 12 1
H 8 5 3 10
V 4 6 2 1
V 0 6 10 3
V 0 7 6 1
H 0 3 2 6
V 0 4 8 1
V 1 4 8 1
V 17 8 2 1
V 17 18 2 1
H 16 7 2 12
H 17 0 1 16
V 7 12 12 1
V 7 12 6 4
H 7 5 1 10
V 0 6 10 2
H 3 16 1 2
H 17 16 1 2
V 4 7 2 1
H 1 7 4 10
H 2 6 1 14
V 1 3 2 1
V 1 19 2 1
H 19 14 1 4
V 14 17 6 1
H 16 10 2 10
V 7 12 12 1
H 9 5 2 10
V 1 6 10 2
V 0 6 10 2
H 0 3 2 6
V 0 3 6 2
H 1 4 1 2
V 0 4 8 1
H 7 3 1 2
V 1 17 4 2
V 15 3 4 10
H 16 1 3 4
V 14 1 4 1
V 14 9 2 1
H 15 2 1 14
V 13 2 6 6
V 15 5 2 1
H 16 1 3 12
H 10 18 1 2
V 14 2 2 3
H 15 2 1 14
V 12 10 8 1
V 18 11 2 1
H 19 2 1 10
H 19 2 1 6
H 17 2 1 12
H 17 1 1 18
V 17 16 2 1
V 9 16 10 3
V 8 16 2 2
H 18 15 1 2
V 9 16 6 3
H 16 5 2 8
H 15 12 1 2
H 14 11 1 2
V 7 12 12 1
H 10 5 1 10
V 1 7 10 2
V 0 7 10 2
H 0 3 2 6
V 0 3 6 2
V 1 4 6 1
H 0 3 6 2
H 6 3 1 2
V 8 17 2 1
V 5 4 2 1
V 17 3 2 10
V 17 16 2 1
H 16 1 2 4
V 15 5 2 9
H 16 0 1 10
V 0 11 4 2
H 3 6 1 14
V 7 6 2 10
H 7 5 1 10
V 1 8 10 1
H 2 6 5 6
V 1 3 2 2
V 1 12 2 1
H 2 5 2 14
V 17 2 2 2
H 11 18 1 2
H 16 18 1 2
H 0 3 1 8
H 2 5 1 12
V 0 7 10 2
V 1 6 10 2
H 10 5 1 10
V 8 12 12 1
V 15 11 2 1
H 16 9 2 10
V 14 17 6 1
H 19 13 1 6
H 19 13 1 2
V 0 11 2 1
V 0 15 2 1
V 0 4 6 1
V 12 16 6 3
V 15 18 4 1
H 12 16 6 4
H 14 17 1 2
V 9 16 6 1
V 16 10 4 2
H 19 5 1 8
H 19 4 1 4
H 6 8 1 10
V 1 11 6 2
H 3 5 1 14
H 8 11 3 2
H 17 11 1 2
V 7 12 12 1
H 16 8 2 10
V 14 17 2 1
H 13 16 1 2
V 10 17 10 1
H 11 17 1 2
H 15 17 1 2
V 9 6 2 10
H 2 6 9 2
H 7 5 1 2
H 14 5 1 2
H 10 5 1 10
V 8 12 12 1
H 16 10 1 10
H 17 15 1 2
V 11 16 8 2
H 12 16 7 4
V 7 12 10 1
H 7 5 1 10
V 1 6 10 2
H 1 7 3 8
H 2 6 1 12
H 4 7 3 4
V 6 8 2 1
V 1 7 10 1
H 10 5 1 10
V 7 12 12 1
V 7 14 12 1
V 15 13 2 1
H 16 10 1 10
V 14 17 6 1
H 19 14 1 6
V 13 16 4 4
H 16 9 1 8
V 7 12 12 1
H 10 5 1 10
H 6 7 1 2
V 1 7 10 1
V 0 7 8 1
V 4 7 2 1
H 0 6 5 4
H 1 3 1 14
H 16 15 1 2
V 18 17 2 1
V 11 16 8 2
H 5 12 1 8
H 16 12 1 8
H 11 11 1 2
V 7 12 12 1
V 7 12 6 4
H 7 5 4 10
V 4 5 6 4
H 4 5 1 10
H 4 6 1 14
V 15 4 4 9
H 2 9 3 8
V 3 17 2 1
H 4 9 1 10
V 16 5 2 1
H 15 2 2 10
V 16 10 2 1
H 1 4 1 12
V 1 5 2 10
H 1 3 1 10
V 0 3 4 2
H 19 8 1 2
H 19 5 1 8
H 17 9 1 2
V 14 10 6 2
H 18 9 1 2
H 16 5 1 14
V 13 17 2 1
V 14 17 6 1
H 19 16 1 4
H 8 11 2 2
V 9 12 4 3
V 7 12 12 1
H 17 4 1 16
H 17 3 1 2
V 17 10 2 1
V 1 6 2 5
H 1 6 5 4
V 0 7 10 1
V 8 6 2 1
H 7 5 2 10
V 7 12 12 1
H 12 11 1 2
V 8 12 12 1
H 19 5 1 8
V 18 10 2 1
H 19 5 1 6
H 0 3 2 6
V 0 6 10 3
V 1 7 10 2
H 10 6 1 10
V 7 12 12 1
H 16 9 2 10
V 14 17 6 1
H 19 15 1 4
V 6 6 2 1
H 6 6 1 14
H 6 5 1 2
H 6 5 1 10
V 3 7 8 1
H 10 5 1 10
H 12 12 1 2
V 7 12 12 1
H 16 7 2 12
H 13 16 1 2
V 12 17 8 2
H 1 3 2 2
V 0 4 4 1
H 3 13 2 4
V 1 12 4 3
V 11 3 2 13
H 14 2 1 2
V 11 3 6 3
H 15 2 1 2
V 16 6 2 14
V 17 6 2 1
H 17 4 1 8
H 0 10 7 2
H 4 6 1 12
V 3 11 2 1
V 4 6 2 8
V 5 11 2 1
H 5 9 1 10
V 14 11 6 2
H 16 6 1 14
V 15 18 4 2
V 12 10 6 6
H 16 6 2 14
V 13 18 6 1
H 7 8 4 8
V 8 12 12 1
V 15 17 2 1
H 16 4 1 16
H 16 3 1 2
V 15 8 2 1
V 11 7 8 1
H 12 9 1 2
H 13 4 1 2
H 11 5 3 10
H 7 14 1 2
V 7 12 10 3
H 7 5 1 10
H 10 5 1 2
V 3 6 8 2
H 0 7 6 6
H 2 9 1 2
H 3 5 1 12
H 6 5 1 14
H 6 6 1 8
V 5 5 4 4
H 8 6 3 10
H 12 11 1 2
V 7 12 12 1
V 11 6 2 1
H 14 7 1 4
H 12 2 3 14
H 13 4 1 2
V 11 5 8 2
H 15 6 1 2
V 11 4 6 3
H 13 2 2 4
H 16 6 1 2
V 16 8 2 1
V 18 12 2 1
V 4 10 2 1
V 15 7 4 6
H 13 5 5 8
V 1 13 6 1
H 1 12 4 2
V 5 9 2 1
V 0 8 6 5
V 16 8 2 4
H 16 4 1 16
V 14 16 4 3
H 16 4 1 12
H 7 5 4 6
V 1 6 8 1
H 4 5 2 8
V 3 8 2 1
H 4 12 1 2
H 4 5 1 12
V 9 9 2 1
H 9 6 1 10
V 4 6 2 1
V 0 6 10 2
V 1 7 6 4
H 1 4 1 6
V 1 4 2 1
V 7 14 4 2
H 11 10 1 6
V 7 14 12 1
V 15 15 2 1
V 14 8 2 1
H 15 4 1 12
H 13 3 3 10
H 5 9 1 8
V 2 12 4 2
V 4 8 2 1
H 5 5 1 12
V 5 14 2 1
V 1 7 10 1
H 9 6 2 10
V 8 12 12 1
H 16 8 2 10
V 14 17 6 1
H 0 10 1 2
H 16 18 1 2
H 14 5 1 2
V 11 3 4 3
V 15 16 2 3
V 16 6 2 1
V 16 18 2 1
H 18 13 1 4
H 3 13 1 2
H 17 13 1 2
H 16 14 3 4
H 13 2 1 2
H 10 9 1 2
H 11 9 1 2
V 7 13 12 1
H 16 9 1 6
V 7 13 10 1
H 7 5 1 10
V 1 8 10 1
V 0 6 4 5
H 0 5 3 6
H 4 14 1 2
H 5 14 1 2
H 12 2 1 6
V 12 6 2 2
H 12 2 1 14
V 7 12 10 2
V 6 7 2 1
H 7 5 1 10
V 0 6 10 3
H 0 7 7 4
H 2 6 1 8
V 1 5 2 1
V 2 10 4 3
H 4 11 1 4
V 2 10 4 3
V 1 10 2 1
H 2 9 5 4
V 3 10 2 1
V 0 8 4 3
V 1 11 2 1
V 11 6 6 1
H 11 3 3 6
H 12 2 1 2
H 5 5 1 8
V 0 6 10 1
H 15 8 2 4
H 16 7 1 12
V 14 16 4 1
H 15 5 1 10
V 14 12 4 4
V 16 10 4 1
H 16 8 2 10
H 18 15 1 2
V 5 5 6 4
H 6 5 1 8
V 1 8 6 2
H 3 6 1 8
V 9 7 2 1
H 10 5 1 10
V 7 12 12 1
H 16 8 1 10
V 15 17 2 1
V 6 5 4 4
H 10 5 1 2
H 13 5 1 2
H 1 6 10 2
H 8 5 2 10
V 7 12 12 1
V 10 15 2 1
H 11 6 5 10
H 11 5 5 4
H 2 10 1 2
V 17 9 2 1
V 12 8 2 1
V 13 5 2 8
H 13 4 1 2
V 0 7 8 1
H 14 12 4 4
V 13 15 6 1
V 12 8 6 3
H 13 6 3 8
V 10 12 8 2
H 17 11 1 6
H 1 6 1 2
V 1 7 10 2
H 3 6 2 6
H 4 10 1 2
H 15 10 1 2
V 0 8 2 2
H 2 8 1 2
V 1 9 4 2
V 3 6 4 3
H 3 5 1 8
H 5 9 1 2
H 5 6 1 8
V 5 7 4 2
H 7 5 2 10
V 7 12 8 1
V 11 14 2 1
H 11 2 1 14
H 11 2 1 6
H 11 11 2 2
V 7 12 8 2
H 7 5 1 10
V 1 7 10 1
V 3 7 6 1
H 2 5 2 4
H 16 12 1 2
V 11 11 8 2
H 12 11 8 2
H 17 11 1 2
V 7 12 12 1
H 8 6 1 10
V 1 7 10 1
H 3 6 4 4
V 0 9 6 1
H 1 7 1 2
V 1 9 2 1
H 2 7 2 4
H 11 4 2 4
V 3 8 2 4
H 4 8 1 2
H 4 9 3 4
V 14 7 2 9
H 12 6 3 4
V 13 14 6 1
H 2 6 1 2
V 12 6 2 10
H 13 7 2 2
H 16 14 1 2
V 11 8 6 7
H 15 8 1 2
V 14 10 4 1
V 11 9 6 2
H 15 9 2 6
H 16 9 1 8
V 7 12 12 1
H 16 11 1 2
V 13 10 2 1
H 14 10 3 4
V 11 10 8 1
V 0 8 2 1
H 11 12 1 2
V 7 12 12 1
V 7 12 10 2
V 2 8 8 1
H 7 10 1 2
H 7 6 1 10
V 3 7 8 1
H 3 6 2 4
V 1 9 4 1
V 5 11 2 2
H 6 6 1 8
V 3 10 4 1
V 3 9 2 2
V 8 14 10 1
H 12 11 1 2
H 11 12 7 2
V 12 12 8 1
H 13 6 1 10
H 13 6 1 8
V 7 12 12 1
H 12 5 1 10
V 11 7 4 8
H 11 8 1 2
H 11 9 5 4
V 7 12 12 1
H 14 12 1 2
H 7 8 4 8
H 10 7 1 2
H 7 8 1 2
V 3 7 8 2
V 3 7 2 1
H 4 6 1 6
H 4 6 2 2
V 4 10 2 1
H 14 11 1 2
V 12 9 4 3
H 5 9 1 2
H 8 9 1 2
V 4 7 2 3
H 5 5 1 4
V 13 11 2 1
V 12 10 2 3
V 10 13 2 1
H 11 6 2 8
V 9 12 4 1
V 7 15 8 1
H 10 9 1 6
V 8 13 8 3
V 14 12 2 1
H 15 12 2 2
V 13 12 6 1
V 8 13 10 1
V 11 8 4 4
V 14 10 2 1
H 11 5 1 10
V 7 13 10 2
H 6 8 1 2
H 14 8 1 2
V 9 5 2 1
V 6 5 4 4
H 6 5 1 8
V 3 8 2 1
V 11 8 2 5
V 12 10 4 2
H 5 9 1 2
H 14 9 1 2
V 15 11 2 1
V 13 12 4 2
H 16 11 1 2
H 14 14 1 2
H 12 11 4 4
H 11 10 5 4
H 6 10 1 2
H 14 14 1 2
H 10 13 1 2
H 7 7 2 6
V 5 7 4 1
V 8 13 8 1
H 8 12 6 4
H 12 12 1 2
V 11 12 6 1
H 8 6 1 2
H 7 7 4 4
V 6 8 4 1
H 9 7 1 2
H 6 7 1 4
H 10 8 1 2
H 11 8 1 2
H 7 9 4 4
V 7 14 2 1
V 8 12 6 3
H 12 9 2 6
H 12 9 1 2
V 11 10 4 4
V 12 10 2 3
H 12 8 1 8
H 7 14 1 2
H 10 14 1 2
H 9 13 5 2
V 8 12 8 2
H 12 14 1 2
V 8 15 4 1
V 8 15 2 1
H 12 10 2 4
V 13 11 2 1
H 11 11 3 4
V 7 6 4 6
V 7 10 2 2
V 6 7 2 1
H 7 6 1 8
V 9 12 2 1
H 10 9 1 6
V 10 12 2 2
V 8 12 8 1
V 6 7 2 1
H 10 5 1 8
V 7 8 4 1
H 10 5 1 10
V 7 12 6 3
H 13 10 1 2
H 11 9 1 2
V 10 12 2 4
H 11 14 1 2
V 9 10 2 1
H 9 6 1 10
V 8 6 2 1
V 8 13 2 1
H 9 10 2 2
H 9 5 1 6
V 9 6 2 1
V 9 14 2 1
H 10 6 1 10
V 8 13 6 1
H 9 12 1 2
H 11 11 3 2
V 13 12 2 1
H 12 12 1 2
V 12 11 2 2
H 12 11 1 2
H 7 9 4 4
H 8 11 1 2
H 7 8 2 4
V 10 12 2 2
H 11 10 1 4
H 11 10 1 2
V 8 11 2 1
V 7 9 4 3
V 7 9 2 2
H 8 8 1 2
V 8 9 2 2
H 8 8 1 4
V 9 8 2 1
H 10 6 1 4
H 10 9 1 4
V 9 12 4 1
V 9 10 2 1
H 10 9 1 6
V 10 12 2 2
V 9 12 2 1
V 7 10 2 1
H 8 10 3 2
H 8 9 1 2
H 9 8 2 4
H 10 7 1 2
V 9 9 2 3
H 9 10 1 2
H 10 11 1 2
H 11 11 1 2
V 10 12 2 1
H 10 12 1 2
H 10 10 1 2
V 9 10 2 1
H 10 8 1 4
H 9 9 1 2
