H 8 18 1 2
H 18 18 1 2
V 15 3 2 17
V 17 19 2 1
H 16 5 1 2
V 14 19 2 1
H 15 6 3 14
V 7 19 12 1
H 8 11 1 2
H 7 4 5 16
H 9 3 2 16
H 8 3 1 2
V 0 3 12 1
H 2 0 2 4
V 1 1 12 2
V 0 1 20 2
H 19 0 1 2
H 8 10 4 2
V 8 0 2 1
V 8 11 2 1
V 8 19 2 1
H 9 4 2 16
V 9 19 6 1
H 11 18 1 2
V 8 19 12 1
H 18 4 2 16
H 18 10 1 2
H 18 3 2 16
V 7 4 2 12
H 8 3 3 14
V 0 3 12 1
H 2 1 1 2
H 2 0 2 4
V 10 0 6 1
V 0 1 12 2
H 14 0 1 2
V 0 1 20 1
H 18 0 1 2
H 15 4 3 14
V 16 10 2 1
H 17 4 1 16
V 18 19 2 1
V 7 19 12 1
V 7 19 6 1
H 7 18 1 2
H 15 18 1 2
H 8 4 4 16
H 8 3 4 16
V 0 3 12 1
H 0 0 3 4
V 1 1 14 2
V 0 1 20 1
V 10 19 10 1
H 18 9 1 4
H 18 4 2 16
H 18 4 2 14
H 8 11 1 2
H 8 4 4 16
V 11 19 2 1
V 7 19 2 1
H 13 18 1 2
V 8 19 12 1
H 18 4 1 16
V 17 19 2 1
H 18 3 1 16
V 0 6 4 5
V 0 9 12 7
H 9 8 1 2
H 8 3 4 12
H 3 2 1 2
V 0 3 12 1
H 2 0 1 4
V 1 1 12 2
V 1 1 18 2
H 17 0 1 2
V 2 9 2 1
V 1 7 2 12
H 2 4 3 16
V 0 9 12 2
H 8 3 3 12
V 0 3 12 1
H 0 2 4 2
V 1 1 14 2
H 11 1 1 2
V 0 2 20 1
V 15 9 2 2
V 16 3 2 9
H 17 16 1 2
H 17 3 1 14
V 16 11 2 1
V 11 19 2 1
H 12 12 3 8
H 18 18 1 2
V 8 19 12 1
H 8 4 2 16
H 8 3 3 16
V 0 3 12 1
V 3 3 2 1
H 1 0 3 4
V 2 1 14 2
V 1 1 18 2
V 6 6 2 1
V 5 4 4 12
H 8 3 1 10
V 0 3 12 1
H 1 0 2 4
H 3 2 1 2
V 2 1 10 2
V 0 1 18 1
H 16 0 1 2
H 17 1 1 2
V 4 9 8 6
H 8 18 1 2
H 8 3 2 16
H 8 3 2 6
V 0 3 12 1
H 0 2 4 2
V 1 1 14 2
V 1 2 18 1
H 7 18 5 2
V 7 19 8 1
H 13 18 1 2
V 7 19 12 1
H 18 4 1 16
H 18 4 1 14
V 13 6 2 1
V 12 3 2 17
H 12 3 3 16
V 12 6 2 1
H 13 4 1 16
V 8 19 12 1
H 18 6 2 14
H 18 5 2 14
H 12 18 3 2
V 13 19 4 1
H 11 11 1 2
H 17 11 1 2
H 15 4 3 16
H 16 3 1 16
H 17 6 1 14
V 17 19 2 1
H 18 6 2 14
V 18 16 2 1
H 18 5 1 14
V 8 3 4 2
H 8 3 1 2
V 0 3 12 1
H 2 2 2 2
V 0 2 12 1
V 0 2 18 1
H 18 7 2 10
H 18 6 2 14
V 17 19 2 1
H 17 4 1 16
H 17 4 1 14
V 2 7 10 2
V 7 6 2 1
H 8 3 1 10
V 8 4 2 1
V 8 10 2 1
V 0 3 12 1
H 1 0 3 4
V 2 1 10 1
H 3 0 1 2
V 0 1 16 1
H 15 0 1 2
V 9 10 2 1
H 10 5 1 12
H 10 4 2 16
H 15 18 1 2
V 10 19 6 1
V 8 19 12 1
H 18 6 2 14
V 18 6 2 1
H 19 6 1 12
H 18 8 2 6
V 18 11 2 1
V 18 17 2 1
H 18 6 1 14
H 9 18 1 2
V 7 19 12 1
V 8 19 8 1
H 8 4 1 16
V 7 5 2 1
H 8 3 3 16
V 0 3 12 1
H 2 0 1 4
V 1 1 12 1
V 1 1 16 1
H 11 10 1 10
H 14 18 1 2
V 8 19 8 1
H 15 4 1 16
H 15 3 1 16
H 7 16 5 4
V 11 19 4 1
V 8 19 12 1
H 19 8 1 12
H 18 7 2 12
V 11 19 2 1
H 12 6 2 14
H 11 14 1 6
V 13 18 2 1
V 11 19 8 1
H 15 4 2 16
H 15 4 2 14
H 16 10 1 2
V 5 7 4 8
H 0 8 11 6
V 7 10 2 1
V 6 13 2 1
H 7 4 1 16
V 7 19 10 1
V 7 19 12 1
H 18 6 1 14
H 18 6 1 12
H 15 14 2 6
V 8 19 12 1
H 9 4 1 16
H 9 3 1 16
V 0 3 12 1
H 0 2 4 2
V 3 1 10 2
V 1 2 16 1
V 14 2 2 1
V 15 19 2 1
V 16 17 2 3
H 16 6 1 14
H 16 18 1 2
H 16 5 1 14
H 16 11 2 2
V 15 19 4 1
H 17 6 1 14
V 16 19 4 1
H 18 8 2 12
H 18 8 2 10
V 6 5 6 6
H 3 6 9 6
H 11 4 1 16
V 7 19 2 1
V 8 19 12 1
H 17 6 1 14
H 17 6 1 12
V 6 10 2 4
H 1 10 7 2
H 7 4 3 16
V 7 19 10 1
V 8 19 12 1
H 18 8 1 12
H 18 7 1 12
V 8 19 12 1
H 8 4 4 16
V 11 19 2 1
H 8 3 3 16
H 0 2 1 2
V 0 3 12 1
H 2 0 2 4
V 1 0 8 3
V 0 1 14 2
H 13 0 1 2
V 1 0 12 2
H 1 0 12 2
H 1 0 2 4
V 0 3 12 1
H 8 3 2 16
H 8 4 2 16
H 13 18 1 2
V 8 19 12 1
H 12 4 3 16
H 13 3 1 2
H 12 3 3 16
H 15 6 2 4
V 10 2 4 1
H 13 1 1 2
H 12 10 2 10
H 17 18 1 2
V 8 19 12 1
H 19 10 1 10
H 19 9 1 10
V 8 14 4 1
H 8 3 1 16
V 0 3 12 1
H 0 2 3 2
V 0 1 10 2
H 9 1 1 2
V 1 2 14 1
V 7 13 2 1
V 8 6 2 14
H 9 18 3 2
V 8 19 12 1
H 15 12 1 2
H 15 6 1 14
H 15 5 1 14
H 7 10 3 10
V 7 19 8 1
H 12 4 2 16
H 12 3 2 16
V 0 7 10 6
H 7 10 2 2
V 9 18 2 1
H 9 3 1 2
H 8 4 2 16
V 8 19 12 1
H 12 4 3 16
H 12 4 3 14
H 10 8 1 2
V 6 9 6 2
H 7 8 5 4
H 11 4 1 16
V 7 19 12 1
H 16 8 2 12
H 16 7 2 12
V 9 19 6 1
H 14 14 1 6
H 17 18 1 2
V 8 19 12 1
H 8 4 1 16
H 8 3 1 16
V 0 3 12 1
H 1 0 3 4
V 0 1 8 1
V 1 1 12 2
H 12 0 1 2
H 12 12 1 8
V 8 19 10 1
V 15 13 2 1
H 16 8 2 12
V 15 15 2 2
H 16 8 2 10
V 7 5 2 4
H 8 3 2 10
H 10 3 1 2
V 0 3 12 1
V 3 3 2 1
H 2 0 2 4
V 0 1 8 1
V 1 1 12 1
H 12 12 1 2
H 12 5 3 8
H 12 4 1 16
V 10 19 8 1
H 10 7 1 2
H 15 7 1 2
H 15 8 2 12
H 15 7 2 12
H 11 3 1 14
H 11 4 1 16
V 11 19 6 1
H 14 6 1 14
V 13 11 2 1
H 14 5 1 14
V 6 9 6 1
H 8 3 2 12
V 0 3 12 1
H 2 0 2 4
V 1 1 6 2
H 3 0 1 2
V 0 1 12 1
H 11 0 1 2
V 2 7 8 3
H 9 8 2 6
V 8 5 2 1
V 8 12 2 1
H 9 4 3 16
H 11 18 1 2
V 8 19 12 1
H 15 6 1 14
H 15 6 1 12
V 18 11 2 9
V 17 19 2 1
H 18 10 1 10
H 17 18 1 2
V 8 19 12 1
V 8 19 8 1
H 7 4 3 16
V 10 6 2 1
V 10 13 2 1
H 8 3 3 16
V 0 3 12 1
H 0 2 4 2
V 0 1 8 2
V 0 2 14 1
V 1 0 10 3
H 1 0 3 2
H 2 0 2 4
V 0 3 12 1
V 7 11 2 1
H 8 3 2 16
V 9 5 2 1
V 9 10 2 1
H 8 4 2 16
H 9 18 1 2
V 7 19 8 1
V 8 19 12 1
H 18 10 1 10
H 18 9 1 10
V 8 1 4 1
V 8 6 4 3
V 9 2 4 1
V 4 0 2 2
V 1 0 10 3
V 12 5 2 1
V 12 16 2 1
H 12 10 1 10
H 10 18 1 2
H 17 18 1 2
V 15 19 2 1
V 10 19 6 1
H 15 8 1 12
H 15 7 1 12
H 15 10 3 6
H 14 12 1 2
H 17 12 1 2
H 15 8 1 12
H 14 18 1 2
V 14 19 2 1
H 12 6 3 14
H 13 17 1 2
H 13 6 2 12
H 5 14 1 2
H 0 10 7 10
V 2 11 6 4
H 7 4 1 16
V 7 19 10 1
V 8 19 12 1
H 18 10 1 10
H 18 10 1 8
H 12 4 1 2
V 3 12 2 1
H 4 7 8 6
H 2 4 2 16
H 11 4 1 16
V 8 19 12 1
H 16 10 2 10
H 16 9 2 10
V 16 10 2 7
H 16 9 1 10
H 16 10 2 10
H 15 10 3 4
H 5 0 1 2
H 9 0 1 2
H 16 11 1 2
V 4 8 4 2
H 7 8 4 4
H 7 4 1 16
H 13 18 1 2
V 7 19 10 1
H 12 6 1 14
H 12 5 1 14
V 0 11 10 2
V 7 14 2 1
V 8 7 2 1
H 8 4 1 16
V 8 19 12 1
V 12 13 2 1
H 13 8 2 12
H 13 7 2 12
H 6 6 1 2
V 2 5 10 2
H 9 3 1 12
H 8 4 2 16
H 7 18 1 2
H 18 18 1 2
V 7 19 12 1
H 15 8 1 12
V 15 14 2 1
H 15 8 1 10
V 8 19 6 1
H 8 4 1 16
H 8 3 1 16
V 0 3 12 1
H 1 2 3 2
V 0 1 6 2
V 0 2 12 1
V 1 0 8 3
H 1 0 8 2
H 1 0 3 4
V 0 3 12 1
H 8 3 1 16
H 8 4 1 16
V 8 19 8 1
V 8 19 12 1
H 18 12 1 8
H 18 11 1 8
H 16 10 1 2
V 15 11 2 9
V 16 11 2 1
H 7 18 4 2
V 10 19 4 1
V 7 19 12 1
V 18 14 2 1
H 18 12 1 8
H 18 12 1 6
V 4 5 6 8
V 7 2 2 1
V 7 3 2 1
H 8 3 2 6
H 2 2 1 2
V 0 3 12 1
H 1 0 3 4
H 1 2 1 2
V 1 0 4 3
V 0 1 10 1
H 8 0 1 2
H 7 10 2 10
V 11 19 2 1
V 7 19 10 1
V 8 19 12 1
H 18 14 2 6
H 19 13 1 6
H 8 15 1 2
H 18 15 1 2
V 7 16 2 4
H 7 18 5 2
H 16 18 1 2
V 7 19 12 1
H 14 8 1 12
V 13 10 2 1
H 14 8 1 10
V 0 12 12 1
H 8 3 1 16
V 7 3 2 1
V 7 12 2 1
H 8 3 3 2
V 0 3 12 1
H 0 2 4 2
V 2 0 6 3
H 6 1 2 2
H 1 2 1 2
V 1 2 10 1
H 9 3 1 2
V 0 3 12 1
H 8 3 2 16
V 7 4 2 1
H 8 4 2 16
V 7 19 8 1
H 12 6 1 14
H 12 6 1 12
V 12 8 2 5
H 12 7 1 4
V 13 9 2 11
V 12 13 2 1
H 12 9 3 4
H 14 14 1 6
V 14 19 4 1
H 16 12 2 8
H 16 12 2 6
V 0 3 6 1
V 0 3 12 1
H 9 3 2 16
V 8 12 2 1
V 8 19 2 1
H 9 4 2 16
V 7 19 12 1
H 15 11 1 6
H 15 10 1 10
H 15 10 1 8
H 7 12 4 8
H 13 18 1 2
V 8 19 6 1
H 12 10 3 10
H 12 9 2 10
H 6 5 1 2
H 11 4 1 2
V 4 5 8 1
H 9 3 3 12
V 10 19 2 1
H 11 4 1 16
V 8 19 12 1
V 14 19 2 1
H 15 14 3 6
H 15 13 3 6
V 18 15 2 1
H 13 12 1 2
H 12 10 2 6
H 12 10 2 10
V 8 19 10 1
V 7 10 2 1
H 8 4 1 16
H 8 3 2 16
V 0 3 12 1
H 3 1 1 2
H 0 2 4 2
V 2 0 4 3
V 1 2 8 1
H 1 0 5 2
H 1 0 3 4
V 2 3 10 1
H 8 10 1 2
V 9 16 2 1
H 8 3 2 16
H 8 4 1 16
V 15 19 2 1
H 10 18 1 2
V 8 19 8 1
H 12 8 1 12
H 12 8 1 10
V 0 2 4 2
V 0 13 4 1
V 0 3 12 1
H 9 3 3 16
H 9 4 2 16
V 10 19 2 1
V 7 19 12 1
H 15 12 1 8
V 15 17 2 1
H 15 11 1 8
H 16 18 1 2
H 10 16 1 4
V 7 19 12 1
H 15 14 3 6
H 15 14 3 4
V 7 6 2 1
V 5 5 6 6
H 8 3 1 10
H 3 2 1 2
V 1 3 10 1
V 3 0 2 1
V 3 2 2 1
H 1 2 3 2
H 5 1 1 2
V 0 2 8 1
H 12 9 1 2
H 5 7 7 8
H 11 4 1 16
V 8 19 2 1
V 9 19 6 1
H 13 12 2 8
H 13 11 2 8
V 1 4 2 1
V 1 11 2 1
V 1 19 2 1
V 2 8 6 8
H 2 10 9 2
H 7 4 1 16
V 18 19 2 1
V 7 19 12 1
V 8 19 12 1
H 18 16 2 4
H 19 16 1 2
V 0 4 2 16
H 1 8 6 12
V 0 11 12 1
V 6 15 2 1
V 7 9 2 1
H 7 4 1 16
V 16 19 2 1
V 7 19 10 1
V 7 19 12 1
V 18 18 2 1
H 18 16 1 4
H 18 18 1 2
H 18 15 1 4
V 5 6 4 1
H 8 3 2 6
V 0 3 12 1
H 2 0 2 4
V 1 1 2 1
H 8 12 2 8
V 8 19 12 1
H 13 12 2 8
V 12 13 2 1
H 13 12 2 6
H 11 4 1 16
H 9 18 1 2
H 14 18 1 2
V 11 19 4 1
V 8 19 12 1
H 17 18 1 2
H 18 18 2 2
H 17 17 1 2
H 18 17 2 2
H 5 1 1 2
H 8 16 1 4
V 7 19 8 1
V 12 14 2 1
H 12 10 1 10
H 12 10 1 8
V 12 13 2 5
H 12 11 1 4
H 12 16 3 4
V 10 19 10 1
H 13 18 1 2
H 19 18 1 2
H 8 3 3 2
V 0 3 12 1
V 0 3 4 1
V 1 3 6 1
H 1 2 1 2
H 3 0 1 2
H 0 7 1 2
H 5 7 1 2
V 0 7 12 1
H 8 3 2 8
V 2 3 10 1
H 2 2 2 2
V 3 1 2 2
H 2 1 3 2
H 7 6 3 14
V 7 19 10 1
H 12 14 3 6
H 14 13 1 6
H 13 12 1 2
V 2 7 2 13
H 1 6 4 14
V 0 11 12 5
H 8 4 2 16
H 15 18 1 2
V 8 19 12 1
V 15 15 2 1
H 15 14 1 6
V 15 17 2 1
H 15 14 1 4
V 13 19 2 1
V 14 19 2 1
H 13 13 1 2
H 12 14 3 6
H 12 14 3 4
H 18 18 1 2
V 0 5 10 4
V 7 5 2 1
V 7 18 2 1
H 8 3 2 8
V 1 3 10 1
V 1 3 4 1
H 2 2 1 2
V 12 19 2 1
H 14 17 1 2
H 13 16 2 4
V 8 19 10 1
H 8 4 2 16
V 7 18 2 1
H 8 3 1 16
V 2 3 10 1
H 3 2 1 2
V 3 2 2 1
V 0 5 2 1
H 7 18 5 2
H 12 18 1 2
V 9 19 10 1
H 8 16 4 4
H 15 16 1 4
V 15 17 2 1
V 11 19 2 1
H 15 18 1 2
V 7 19 12 1
H 6 4 1 4
V 0 6 12 1
V 1 5 4 3
H 1 4 3 4
H 16 18 2 2
V 8 19 10 1
H 12 14 1 6
H 12 13 1 6
H 10 8 1 2
H 10 9 2 10
V 0 12 12 2
V 0 12 8 2
H 0 6 1 14
V 6 8 2 1
V 4 13 2 1
H 5 5 2 14
V 10 10 2 1
V 3 10 8 2
V 9 19 2 1
H 6 11 1 2
H 10 4 1 16
V 7 19 10 1
H 15 16 1 4
H 15 16 1 2
H 8 4 3 16
H 9 18 1 2
H 8 3 2 16
V 3 3 8 1
V 3 3 2 1
H 3 2 1 2
V 12 16 2 1
V 12 18 2 1
H 13 16 2 4
V 10 19 8 1
H 6 13 1 6
H 7 9 1 2
V 0 10 8 4
H 1 6 1 14
V 6 15 6 1
H 10 12 2 8
V 7 19 10 1
H 14 18 1 2
H 15 18 1 2
H 15 17 1 2
V 0 8 10 6
V 4 14 2 1
H 0 7 5 8
H 1 10 1 4
H 0 7 2 12
H 13 16 2 2
V 1 14 2 1
V 0 7 2 11
H 0 7 3 4
H 2 12 5 8
V 9 18 2 1
V 8 5 2 15
V 7 6 2 1
H 8 3 4 4
V 4 3 8 1
V 0 8 2 1
V 0 12 2 1
H 1 7 1 12
H 1 6 1 12
H 11 12 1 6
V 0 9 12 4
V 3 6 4 14
V 2 5 2 1
H 3 4 1 14
H 0 9 7 8
H 0 8 1 2
V 3 19 2 1
V 2 10 8 2
H 4 10 1 2
H 2 6 3 10
H 7 16 4 4
V 8 19 6 1
V 8 19 8 1
V 4 9 2 5
H 4 11 1 2
V 3 7 2 1
H 4 4 1 16
H 4 4 1 2
H 1 16 1 2
H 5 16 1 2
V 7 19 8 1
V 6 13 2 1
H 7 4 3 16
H 9 10 1 2
H 8 3 2 16
V 5 3 6 1
H 4 14 3 6
H 0 11 12 2
H 0 10 10 6
V 0 9 2 6
H 1 13 4 4
V 4 9 4 1
H 4 5 2 8
V 8 7 4 2
H 8 3 1 8
V 7 9 2 1
V 6 3 4 1
V 3 6 8 2
H 3 7 6 4
H 1 13 1 2
V 0 9 6 5
H 5 4 1 14
H 7 12 3 8
V 7 19 8 1
H 13 18 1 2
V 10 14 2 1
H 11 5 1 12
H 11 4 1 16
V 9 19 6 1
H 8 8 1 2
V 5 9 6 7
H 5 11 1 2
H 0 10 12 2
H 9 4 2 16
H 12 18 1 2
V 7 19 6 1
H 12 18 1 2
H 12 17 1 2
H 0 13 1 2
V 4 18 2 1
V 2 10 4 1
V 5 5 2 15
V 4 10 2 1
H 5 5 2 4
V 6 5 4 1
H 6 4 1 2
V 5 7 6 1
H 6 5 2 4
V 2 8 10 1
H 11 3 1 8
V 4 8 6 7
H 5 10 1 10
V 3 8 6 2
H 3 8 2 8
H 3 8 3 10
V 3 8 6 3
V 9 6 2 1
H 8 3 2 10
V 7 3 2 1
H 7 4 5 2
V 6 5 2 1
H 2 9 1 6
V 0 11 4 3
V 2 14 6 2
H 5 13 1 6
H 2 13 10 2
V 0 13 8 1
H 7 13 1 2
H 6 6 1 6
V 2 9 8 1
H 8 3 2 16
H 5 10 1 8
H 8 10 2 8
V 0 12 12 1
H 3 9 4 8
H 7 11 1 2
H 7 12 4 8
V 2 15 10 1
V 4 8 2 10
H 4 14 3 4
H 8 10 1 2
V 2 10 10 1
H 11 4 1 12
H 10 3 1 2
V 5 11 2 1
V 4 8 4 8
H 4 8 1 4
V 2 10 4 4
H 2 10 10 2
V 1 11 4 2
V 0 12 4 1
H 8 5 1 6
H 3 10 9 6
H 3 9 6 6
V 8 7 4 4
H 8 4 2 6
V 5 13 2 1
H 6 12 1 4
V 0 12 12 1
V 8 11 2 1
V 3 11 6 3
V 3 11 4 1
H 6 6 1 12
V 6 7 2 8
H 7 5 2 6
V 7 9 4 6
H 9 4 2 16
H 10 16 1 4
V 9 6 2 1
V 9 10 2 1
V 10 10 2 8
V 9 12 2 1
V 8 9 4 1
H 10 5 2 12
V 5 8 2 1
H 6 7 1 2
V 7 18 2 1
H 7 13 1 6
V 2 11 8 2
V 8 6 4 3
H 9 4 1 4
V 8 14 2 1
H 7 14 1 2
V 4 13 2 1
H 5 9 4 6
V 2 13 6 1
V 4 9 2 5
V 3 13 2 1
H 4 10 4 6
V 7 8 2 10
H 8 12 1 8
V 3 14 8 1
H 7 6 5 12
H 10 7 1 2
H 8 6 4 4
V 9 11 2 1
V 8 7 4 9
H 8 5 3 4
H 8 5 2 10
V 5 12 2 1
V 7 14 2 1
V 4 10 4 5
H 9 12 1 2
V 2 12 10 1
V 10 17 2 1
H 11 7 1 12
V 10 7 2 1
V 10 16 2 1
H 7 11 1 2
H 5 12 7 4
V 6 12 2 4
H 6 15 1 2
V 5 9 6 2
V 5 10 2 3
H 6 8 2 6
V 3 13 6 1
H 10 17 1 2
V 10 15 2 1
H 8 10 3 8
V 4 14 8 1
H 9 6 1 14
V 9 9 2 1
H 9 5 1 14
V 10 8 2 10
V 7 8 2 1
H 9 17 1 2
V 8 17 2 1
V 9 8 2 1
V 10 8 2 9
H 11 8 1 2
V 8 16 4 1
V 7 16 2 1
H 7 10 1 2
H 5 12 1 2
H 5 11 6 2
V 3 12 4 1
V 10 14 2 1
H 8 7 3 10
H 8 7 1 8
V 8 15 2 1
H 9 11 1 8
V 5 13 2 1
V 6 10 2 5
H 7 10 2 2
V 5 11 6 2
V 6 12 2 1
H 10 8 1 2
H 7 9 4 6
V 6 14 2 1
H 10 11 1 6
V 8 10 4 3
H 11 9 1 4
V 7 15 2 1
H 7 10 1 2
H 6 11 3 2
V 4 12 4 1
H 9 9 1 6
V 6 11 6 1
H 10 8 1 6
V 10 15 2 1
V 7 11 2 4
H 7 13 1 2
H 8 9 3 4
V 9 9 2 1
H 7 12 1 2
V 6 12 6 1
V 8 11 2 1
H 8 10 1 6
H 9 9 1 2
V 8 10 2 5
V 8 10 4 2
H 10 12 2 2
H 11 11 1 2
H 9 10 2 4
V 8 12 2 1
V 7 11 4 2
H 9 11 1 4
V 8 13 2 1
H 8 12 1 2
