V 7 14 2 1
V 7 16 2 1
H 13 10 1 2
V 4 8 2 1
V 4 13 2 1
H 6 3 1 2
V 13 18 2 1
V 5 0 2 1
V 5 12 2 1
V 2 0 2 3
V 1 0 6 3
H 6 2 1 2
H 6 0 1 10
V 6 16 2 2
V 5 8 2 1
H 6 0 1 18
H 5 13 1 2
H 7 13 1 2
H 11 14 1 2
V 0 14 16 1
V 11 15 2 1
V 11 17 2 1
H 12 2 4 16
V 12 5 6 3
V 16 14 2 1
H 17 4 1 16
V 16 14 4 3
H 18 0 2 20
H 18 0 2 8
V 2 5 8 10
H 11 14 1 2
H 2 13 10 2
H 2 13 1 2
V 0 14 16 4
H 14 1 2 16
V 13 16 2 1
V 12 6 6 1
H 17 4 1 16
V 16 14 4 6
V 18 12 2 1
H 19 1 1 18
H 18 1 2 8
H 18 11 1 2
H 18 9 2 6
V 16 14 4 1
H 16 8 2 12
V 14 5 4 6
V 14 16 2 1
H 15 0 1 20
V 0 18 16 1
V 0 18 14 1
H 0 18 1 2
H 13 18 1 2
V 10 14 2 1
V 1 9 10 9
H 7 14 1 2
H 13 14 1 2
H 7 16 1 2
V 0 15 16 2
H 8 14 1 2
H 11 0 1 18
H 13 0 2 18
V 14 6 2 1
V 12 6 6 2
V 13 11 4 1
V 15 5 2 1
V 17 16 2 1
H 16 4 2 14
H 19 13 1 2
V 16 14 4 6
H 19 2 1 18
H 19 2 1 6
V 13 15 2 1
V 9 17 2 1
V 10 14 4 4
H 13 0 2 18
V 12 5 6 1
H 16 0 1 18
H 18 10 1 10
V 16 14 4 4
H 18 1 1 18
H 18 1 1 8
V 14 5 2 12
H 12 4 6 6
H 15 0 1 20
V 0 18 16 1
H 1 18 1 2
H 3 18 1 2
H 14 18 1 2
V 0 18 12 1
H 1 18 1 2
V 0 0 2 3
V 0 7 2 1
H 1 16 1 2
H 1 7 11 10
V 1 14 14 2
H 15 8 1 4
V 12 17 2 1
H 13 0 3 18
V 12 5 6 3
V 15 4 2 1
H 16 2 1 18
H 16 10 1 2
V 16 14 4 1
V 17 15 2 1
H 18 2 1 18
H 18 2 1 6
H 0 4 10 2
H 7 0 1 18
V 0 14 2 1
V 1 14 14 1
V 14 6 2 1
V 14 19 2 1
H 13 2 2 16
V 12 5 6 2
H 17 4 1 16
V 16 14 4 1
H 19 3 1 2
V 18 6 2 1
H 19 4 1 16
H 18 3 2 6
V 0 7 10 2
V 7 6 2 1
H 4 3 4 14
H 10 15 1 2
V 0 14 16 2
H 15 11 1 8
V 0 18 16 1
V 0 18 14 1
H 10 13 2 2
V 10 14 6 2
V 13 7 2 1
H 14 1 1 16
V 12 6 6 1
H 17 4 1 16
V 16 14 4 1
H 19 4 1 16
H 18 4 2 4
H 18 10 2 6
H 17 14 1 2
V 16 14 4 1
V 15 10 2 1
V 15 12 2 1
H 16 7 2 12
V 14 8 4 5
H 15 0 1 20
V 2 18 14 1
V 1 18 14 1
H 0 4 10 2
V 8 11 2 1
H 8 0 1 18
V 8 7 2 1
V 5 14 10 4
V 13 12 2 1
H 13 0 1 18
V 14 5 2 1
V 12 5 6 2
V 16 2 2 1
H 16 0 1 2
H 14 4 1 2
H 16 1 1 18
V 16 14 4 6
H 18 3 1 16
H 18 3 1 6
V 5 9 2 1
H 10 9 1 2
V 0 8 12 2
V 7 14 2 1
H 7 6 1 10
V 0 14 16 2
H 15 12 1 8
V 2 18 14 1
V 2 18 12 1
H 2 18 1 2
V 15 12 2 1
H 15 8 1 12
V 2 18 14 1
V 2 18 12 1
H 10 18 6 2
V 4 18 12 1
V 3 18 12 1
H 3 18 1 2
V 10 19 6 1
H 15 0 1 20
V 14 9 4 1
H 16 6 2 10
V 16 14 4 6
H 19 5 1 14
H 18 5 2 4
H 8 11 1 4
H 9 15 1 2
H 2 10 9 6
V 2 15 6 1
H 9 12 1 2
H 12 13 1 2
V 7 14 8 2
H 12 2 4 16
V 12 4 6 3
H 17 4 1 16
V 16 14 4 6
H 19 6 1 14
H 19 6 1 2
V 16 0 2 3
H 12 0 5 6
H 16 2 1 2
H 16 0 1 20
V 16 14 4 4
H 18 5 1 14
H 18 8 1 2
H 18 5 1 4
V 4 3 4 12
H 9 13 1 2
V 5 8 2 1
V 0 14 16 2
V 14 13 2 1
H 15 11 1 8
V 4 18 12 1
H 12 18 1 2
V 4 18 10 1
H 4 18 1 2
H 10 18 6 2
H 11 3 1 14
H 11 15 1 2
V 9 14 6 2
V 14 16 2 1
H 12 0 3 18
H 15 9 1 2
V 16 0 2 1
H 12 0 5 10
H 2 1 1 2
H 14 1 1 2
V 12 0 6 2
H 12 0 5 2
V 14 1 4 1
V 4 18 12 1
V 16 14 4 3
H 18 6 1 14
H 18 6 1 2
H 18 7 1 12
H 16 5 1 12
H 17 13 1 2
V 16 14 4 2
H 16 6 2 12
V 16 11 2 1
V 15 1 2 12
H 15 0 1 20
V 6 18 10 1
V 5 18 10 1
H 5 18 1 2
V 5 9 4 9
V 0 15 16 1
H 15 13 1 6
V 6 18 10 1
V 5 18 8 1
H 6 18 1 2
H 6 11 6 6
V 6 14 10 3
V 12 9 6 1
H 13 1 3 16
H 13 7 1 4
V 12 6 6 4
H 17 4 1 16
H 17 15 1 2
V 16 14 4 2
V 17 14 2 1
H 18 8 2 12
V 0 11 12 3
H 7 13 2 2
V 0 14 16 1
H 15 11 1 2
H 15 12 1 8
V 6 18 10 1
V 5 18 10 1
H 18 8 1 4
V 16 9 2 11
H 16 2 1 18
H 15 1 1 2
H 9 9 2 6
V 10 15 2 1
V 6 14 10 3
H 15 11 1 8
V 6 18 10 1
V 6 18 8 1
V 9 12 2 1
H 8 0 2 18
V 5 14 10 2
V 12 11 6 1
H 12 0 3 18
H 12 3 5 4
H 13 3 1 2
V 12 3 6 1
H 14 0 1 2
V 0 2 12 1
H 7 0 4 6
V 6 8 2 1
H 7 0 1 18
V 7 16 2 1
V 0 14 16 3
H 15 11 1 8
V 8 18 8 1
V 7 18 8 1
H 7 18 1 2
H 18 18 1 2
H 16 12 2 4
V 17 14 2 5
H 18 9 1 10
V 14 11 4 2
H 16 10 2 6
V 16 14 4 3
H 19 10 1 8
V 4 14 12 1
H 15 12 1 8
V 8 18 8 1
H 9 18 1 2
V 7 18 6 1
H 8 18 1 2
V 14 18 2 2
V 12 3 4 1
H 15 3 1 16
V 14 10 4 1
H 16 4 2 12
V 16 13 2 1
H 16 9 1 8
V 15 7 2 5
H 15 4 1 16
V 8 18 8 1
V 7 18 8 1
V 16 13 2 1
H 17 10 1 10
V 14 11 2 1
H 15 9 1 10
V 8 18 8 1
V 8 18 6 1
V 12 4 2 1
H 12 0 1 18
H 14 9 1 2
V 12 4 4 6
H 13 2 1 4
V 13 4 4 4
V 15 7 2 1
H 14 4 2 14
V 12 9 6 1
V 16 5 2 1
V 16 12 2 1
H 17 5 1 8
H 18 15 1 2
V 8 16 4 1
V 1 14 10 4
H 5 15 1 2
V 0 16 16 1
H 11 15 1 2
H 14 8 2 10
H 12 12 1 2
H 13 9 1 4
V 12 11 6 2
H 16 10 1 10
V 17 15 2 1
H 16 6 2 12
V 16 17 4 1
V 17 14 2 1
H 17 11 1 8
H 15 4 1 16
V 10 18 6 2
V 9 18 6 1
H 12 18 1 2
V 11 16 2 1
H 13 13 1 2
V 10 14 4 4
V 11 16 2 1
H 12 2 1 16
H 12 1 1 10
H 14 3 1 2
H 10 10 1 6
V 7 14 8 3
H 14 9 2 8
V 12 8 6 3
V 14 11 4 1
H 17 6 1 12
V 16 16 4 1
H 8 10 1 2
H 4 14 1 2
V 5 12 2 1
V 1 11 10 4
H 4 14 1 2
H 3 13 5 2
H 12 13 1 2
V 0 14 16 1
H 15 10 1 10
V 12 18 2 1
V 10 18 6 2
V 10 18 4 2
V 2 3 4 3
V 1 3 2 1
H 0 3 12 6
H 1 8 1 2
H 4 4 1 14
H 12 9 1 8
V 0 14 16 1
H 12 2 1 16
V 12 5 4 7
V 12 6 6 3
V 0 6 12 2
H 6 2 3 16
V 2 14 14 1
H 13 3 1 14
V 14 7 2 1
V 12 7 6 4
H 16 6 1 14
H 17 15 1 2
V 16 14 4 2
V 18 15 2 1
H 18 11 1 6
H 15 5 1 2
V 0 0 4 3
V 1 1 6 2
V 5 3 2 1
H 6 0 1 8
V 5 2 2 1
H 6 0 1 18
H 8 14 1 2
V 0 14 14 1
H 13 12 3 4
H 14 11 1 2
V 12 12 6 1
H 16 6 1 14
H 18 13 2 2
H 19 14 1 2
V 12 7 4 4
H 12 3 2 8
H 12 4 3 14
H 15 6 2 2
V 13 6 4 1
V 17 16 2 1
V 18 14 2 1
H 18 13 1 2
V 12 10 2 1
H 12 3 1 12
V 16 8 2 9
H 16 12 1 6
V 12 9 6 1
H 12 4 2 10
V 4 4 6 12
H 6 13 4 2
V 0 14 16 1
H 15 10 1 10
V 12 18 4 2
V 12 19 2 1
H 18 14 1 2
V 13 5 2 1
H 1 8 1 4
V 1 9 8 4
H 7 13 1 2
H 6 12 3 4
V 0 14 16 1
H 15 11 1 8
V 12 18 4 1
V 11 18 4 1
H 15 8 1 2
V 4 6 4 3
H 7 1 2 16
V 0 14 16 1
V 15 8 2 1
H 15 6 1 14
H 15 6 1 2
H 12 4 1 4
H 16 12 1 2
V 12 7 4 6
H 13 5 1 12
V 1 1 6 2
H 6 3 1 2
H 6 0 1 8
V 6 5 2 5
H 7 0 1 18
V 0 14 16 1
V 15 11 2 1
H 15 8 1 12
H 15 7 1 2
V 3 0 4 2
H 6 0 1 8
V 7 4 2 1
V 6 2 2 5
H 7 0 1 18
H 14 13 1 2
V 0 14 16 1
H 15 11 1 8
V 12 18 4 1
V 12 18 2 1
H 14 18 1 2
H 4 13 1 2
H 16 13 1 4
H 16 13 1 2
V 16 11 2 4
H 16 14 2 2
H 11 10 1 8
V 0 16 16 1
H 15 8 1 12
H 12 8 4 4
H 7 2 5 6
H 7 0 1 18
H 5 16 1 2
V 3 14 10 3
V 2 16 2 1
H 12 6 2 12
H 12 5 1 6
H 13 6 1 2
V 12 7 2 11
H 12 6 1 4
H 15 11 1 8
V 14 10 2 8
V 14 18 2 1
H 12 8 3 10
V 0 15 14 3
V 0 15 16 2
H 15 12 1 8
V 4 5 4 3
H 6 4 1 14
H 6 15 1 2
V 0 14 16 2
H 12 12 4 4
V 12 12 6 1
H 17 12 1 2
H 12 7 1 2
H 15 13 1 6
V 12 11 4 7
H 13 12 1 2
H 1 9 1 8
H 12 9 3 8
H 3 13 1 2
H 6 13 1 2
V 9 14 2 1
H 6 11 4 6
V 3 14 12 1
H 13 10 1 2
H 12 11 4 4
V 12 12 6 1
H 13 8 1 2
H 14 12 1 2
V 13 12 4 1
V 12 11 4 3
H 12 8 1 8
H 11 4 1 12
V 9 14 6 1
H 12 10 3 8
H 7 2 1 16
H 7 6 2 12
V 2 17 14 1
H 6 0 1 18
V 1 1 6 2
V 0 1 6 1
H 0 0 1 2
H 15 11 1 2
H 0 1 1 2
V 10 14 4 4
H 12 10 2 8
H 12 9 1 4
V 0 3 10 1
H 6 3 1 2
V 0 3 12 1
H 7 0 5 6
V 14 12 2 1
H 6 0 1 18
H 10 0 1 18
V 7 14 8 1
V 12 14 2 1
H 13 11 2 6
V 5 4 2 1
H 6 0 1 10
V 1 0 6 3
V 1 0 4 3
H 13 10 1 2
V 12 11 2 1
H 12 13 1 4
V 6 14 8 4
H 0 16 1 2
H 13 16 1 2
H 12 10 1 8
V 10 15 6 1
V 5 4 6 5
H 10 0 1 12
V 14 13 2 1
V 2 0 2 1
H 2 1 5 2
V 1 2 10 1
H 7 0 1 10
H 7 0 1 18
H 4 15 1 2
H 12 15 1 2
V 1 16 14 1
H 12 11 1 4
V 12 13 2 4
H 12 12 1 6
H 12 12 2 4
H 13 12 1 2
H 12 13 2 4
V 6 4 6 14
H 7 2 5 10
H 3 0 1 2
V 1 9 8 1
H 11 4 1 4
H 6 6 6 10
V 5 15 10 1
H 2 1 1 2
V 3 8 2 1
V 4 8 6 2
H 6 2 4 14
V 1 2 10 1
V 10 14 4 1
V 9 11 2 1
H 10 2 1 16
H 8 1 3 10
H 14 13 1 2
V 10 15 2 1
V 11 14 2 3
H 2 14 10 4
V 8 15 6 1
V 4 2 6 1
H 3 1 4 2
H 4 0 1 2
H 6 2 5 2
V 6 3 6 1
V 2 10 8 1
H 7 0 2 16
V 0 7 8 3
V 0 7 12 1
H 8 2 3 10
H 4 1 1 2
H 9 1 1 2
V 8 2 2 11
H 9 2 1 2
V 6 3 4 6
H 7 0 1 8
H 8 1 1 10
V 4 14 10 1
H 7 13 1 2
H 12 13 1 2
H 10 4 2 12
V 11 15 2 1
H 4 4 1 4
V 1 6 8 2
V 0 7 12 1
V 8 6 4 1
H 11 4 1 6
V 0 14 8 1
V 0 14 14 1
H 9 13 3 4
H 6 0 1 18
H 6 0 1 10
V 5 0 2 1
V 0 12 12 1
H 0 11 12 4
V 0 14 14 1
V 6 11 4 3
H 6 8 1 2
V 6 5 2 1
H 6 0 1 18
V 3 2 6 1
V 8 5 4 7
H 9 3 1 8
H 7 1 1 12
V 7 10 2 1
V 8 8 2 3
H 6 2 3 16
H 7 8 1 10
H 1 4 9 12
V 8 14 4 2
H 8 3 1 4
V 1 5 10 1
H 10 4 1 2
V 3 15 2 1
H 4 12 3 6
H 5 14 1 2
V 1 14 12 1
V 4 3 2 15
V 1 15 10 1
V 9 5 2 1
V 9 7 2 1
H 8 7 2 10
V 8 14 4 1
V 7 4 2 8
H 7 2 1 10
V 6 3 2 10
H 6 1 1 4
H 3 3 5 10
V 4 6 8 1
V 3 6 6 3
H 6 2 1 8
V 5 2 2 1
V 4 5 6 4
H 11 7 1 4
V 9 13 2 1
H 10 7 1 8
V 10 7 2 2
V 9 13 2 1
V 3 6 8 1
H 6 3 2 6
H 6 2 1 2
H 5 10 2 8
H 3 13 1 2
H 10 13 1 2
V 0 13 12 1
V 4 5 2 1
H 5 3 2 14
H 7 4 1 4
V 3 4 6 1
V 2 8 4 6
V 0 11 12 1
H 8 14 1 2
H 0 9 11 6
V 2 5 2 1
V 2 9 2 1
V 10 11 2 2
H 10 12 1 2
V 4 4 4 13
H 4 14 3 4
V 9 9 2 4
H 3 6 7 6
H 1 11 1 2
H 1 12 9 2
V 2 12 10 1
V 4 4 2 1
H 4 4 1 14
V 7 5 2 1
V 2 4 6 2
H 1 5 1 10
V 1 11 4 5
H 3 3 2 14
H 6 4 1 2
V 1 5 8 1
V 0 10 10 3
V 4 9 8 1
V 9 11 2 1
H 5 7 5 8
V 7 7 2 8
H 4 6 5 4
V 1 10 4 7
V 0 14 8 2
H 7 10 1 2
H 5 11 3 4
V 5 9 6 4
H 6 14 1 2
V 5 5 2 10
V 5 8 2 1
V 4 11 2 1
H 5 4 1 14
V 9 8 2 1
V 0 8 10 3
H 6 10 1 2
H 5 3 1 10
H 6 5 1 2
V 1 10 2 1
H 1 10 1 8
H 3 9 1 2
V 1 10 6 6
V 0 13 10 1
V 4 8 4 7
V 4 4 2 11
H 5 7 1 8
H 0 4 6 4
H 1 10 8 4
V 0 12 2 1
H 7 7 2 2
V 6 8 4 5
H 3 11 1 2
H 0 8 9 4
V 6 10 6 1
H 2 16 1 2
H 6 10 1 2
V 0 12 6 5
V 2 12 8 1
V 3 15 2 1
H 4 12 1 6
H 5 11 1 6
H 8 11 1 2
V 1 10 10 2
H 5 5 1 10
V 4 6 4 4
V 7 10 4 2
H 10 10 1 2
V 4 5 2 7
H 2 3 3 12
V 6 11 4 1
H 5 9 2 6
H 2 5 4 8
V 2 6 2 1
V 3 6 2 7
H 1 8 1 8
H 3 3 1 8
V 0 9 6 1
H 4 5 1 8
V 0 9 10 1
V 1 3 2 1
H 5 6 1 2
H 3 12 2 4
H 0 8 8 2
H 8 10 1 2
V 5 9 4 2
V 2 15 2 1
H 3 4 1 12
V 6 11 2 1
H 3 8 4 6
H 6 7 1 6
H 7 10 1 2
H 0 9 8 2
H 0 10 1 2
V 0 10 10 1
H 4 9 1 2
V 2 10 4 5
H 3 10 1 2
H 8 10 1 2
H 5 7 1 2
V 6 10 2 1
V 5 8 2 4
H 6 9 1 4
H 1 3 1 8
V 1 6 4 3
H 1 4 2 4
V 2 6 2 9
V 1 15 2 1
H 2 9 1 8
V 0 5 2 1
V 0 12 2 6
H 1 14 1 4
V 1 14 2 1
V 0 14 4 2
V 5 11 2 1
H 4 11 1 2
H 4 8 2 4
H 2 8 4 6
V 6 9 2 1
V 0 16 2 1
V 1 7 4 1
H 1 4 1 10
H 2 11 1 2
V 0 7 4 5
V 0 8 6 1
V 2 10 4 2
H 3 8 2 6
V 2 10 2 4
H 1 14 1 2
H 0 5 3 10
H 0 5 3 6
H 0 3 1 4
V 4 11 2 1
H 0 5 2 4
H 4 9 1 2
H 3 10 2 2
V 0 11 4 3
H 2 11 1 4
H 2 10 1 4
H 3 8 1 2
V 0 9 6 2
H 2 6 1 6
V 2 8 2 5
H 0 10 4 2
V 1 10 6 1
V 0 8 2 7
H 0 4 1 12
H 0 9 5 2
H 0 5 1 12
H 0 12 1 4
V 2 8 2 4
H 0 10 3 4
H 1 7 1 2
H 2 8 1 2
V 2 9 2 1
V 1 10 4 1
H 0 8 3 4
V 2 11 2 1
H 0 7 1 2
V 0 8 2 5
H 0 6 1 6
H 0 8 1 6
V 0 8 2 2
V 1 8 2 1
H 0 7 1 2
H 2 9 1 2
H 2 10 1 2
V 0 10 4 1
V 0 8 2 3
H 0 7 1 4
V 1 10 2 1
H 0 9 1 4
V 0 9 2 2
H 0 8 1 2
V 0 9 2 1
H 0 10 1 2
