V 16 2 4 1
H 5 3 1 2
V 8 2 2 1
H 7 5 1 2
V 0 0 18 4
V 0 0 20 3
H 1 0 19 18
H 9 0 11 20
V 18 0 2 18
H 19 17 1 2
H 15 11 1 2
V 0 9 20 3
V 12 14 2 1
H 13 2 6 18
H 17 2 1 18
V 12 15 2 1
V 0 6 20 1
V 1 11 2 1
V 1 18 2 1
V 0 0 2 20
H 0 4 2 6
V 0 15 2 1
H 0 0 1 20
V 9 9 2 1
V 2 3 8 11
H 7 0 3 20
V 0 0 20 1
V 15 2 4 17
H 13 15 1 2
H 0 13 19 6
V 9 0 10 10
H 17 0 2 8
V 1 0 2 19
H 1 0 1 20
V 4 14 16 1
H 12 12 8 6
V 0 0 12 1
H 0 0 2 18
H 0 1 1 18
H 11 15 1 2
V 0 16 20 1
V 0 0 4 18
H 0 0 3 18
H 0 0 2 14
V 0 1 2 1
V 0 14 2 1
V 1 16 18 2
H 18 16 1 2
H 3 14 1 2
V 0 15 8 2
H 0 16 1 2
V 0 9 10 4
V 9 14 10 1
H 10 18 1 2
H 1 7 16 12
H 2 16 15 2
H 19 15 1 2
V 2 16 18 1
H 12 18 1 2
V 2 11 16 8
V 6 4 4 1
H 9 0 1 20
V 0 2 20 1
V 4 17 14 1
H 17 17 1 2
V 5 11 12 7
H 16 8 1 12
H 9 7 1 2
V 0 7 20 1
V 0 2 12 9
H 1 6 3 4
H 2 0 2 20
V 1 4 8 6
H 9 4 1 2
H 11 4 1 2
V 0 4 20 1
H 17 0 1 8
H 2 0 4 6
H 1 5 1 2
V 0 4 8 2
V 3 4 2 1
H 0 2 4 6
V 5 3 14 2
H 18 2 1 2
H 0 10 1 2
H 7 10 1 2
H 18 10 1 2
V 16 4 4 7
H 19 10 1 6
V 9 8 2 1
H 10 3 10 10
V 15 7 2 4
V 14 19 2 1
H 15 2 1 18
V 16 5 2 1
H 11 1 6 16
V 15 16 4 1
V 10 5 2 1
V 11 5 8 9
H 15 10 3 8
V 1 4 4 14
H 2 1 3 18
V 3 16 2 4
H 3 16 5 4
V 3 16 10 2
H 5 15 1 2
V 1 16 16 2
H 16 17 1 2
H 17 9 1 8
H 15 8 1 2
V 0 9 18 2
H 1 4 2 14
V 4 18 12 1
H 3 9 1 10
H 3 15 8 4
H 15 16 1 2
H 11 14 1 4
V 0 15 18 2
H 16 16 1 2
H 1 15 16 2
V 0 15 20 1
V 1 15 12 1
H 1 1 3 16
V 0 5 2 1
V 0 4 10 7
V 0 12 10 1
V 0 6 20 1
H 16 1 2 10
H 16 0 1 2
V 4 19 10 1
V 3 1 10 1
H 3 0 1 2
V 2 11 2 1
H 1 9 2 8
V 6 2 2 3
V 1 3 18 1
H 5 3 1 2
H 8 1 9 4
V 2 1 14 2
H 8 2 6 2
V 9 3 10 2
H 3 9 1 2
H 2 7 1 2
V 0 8 14 2
H 1 2 3 12
V 15 13 2 3
V 15 10 2 2
H 13 17 1 2
H 12 0 4 18
H 11 0 5 4
V 8 14 10 3
H 6 4 1 2
V 2 2 8 3
V 2 10 4 1
V 2 5 2 1
H 2 2 1 14
H 2 2 1 16
V 0 11 20 1
V 3 9 2 1
H 3 2 1 16
V 0 3 6 1
H 2 13 1 4
H 9 10 1 2
V 0 11 20 3
H 17 2 1 14
H 15 2 3 8
H 9 1 1 10
H 10 4 1 4
H 4 8 1 2
V 0 6 18 3
H 19 5 1 2
H 3 7 1 2
V 0 6 20 2
H 16 4 4 4
H 3 3 4 14
V 0 15 12 1
V 4 18 2 1
H 5 17 10 2
V 14 17 2 1
V 6 19 4 1
V 5 9 2 11
H 5 18 1 2
V 2 2 4 14
H 3 1 1 2
H 2 2 4 12
V 2 3 2 13
H 2 11 4 6
H 1 4 4 12
V 0 14 2 1
V 6 0 2 10
H 8 2 1 2
V 3 2 14 1
H 11 0 4 4
H 12 14 1 4
V 9 13 10 2
V 13 18 2 1
V 12 13 2 1
H 13 10 1 10
V 3 6 4 5
H 4 0 1 18
V 1 4 18 2
V 0 4 18 1
V 4 10 14 5
H 15 8 3 8
V 12 13 8 1
H 18 13 1 2
V 15 13 2 1
V 16 3 2 12
H 16 3 2 10
V 6 9 14 1
H 8 9 1 2
H 18 5 2 8
H 10 11 1 8
V 2 13 18 1
V 2 4 2 1
H 2 3 2 10
V 4 10 8 1
V 4 6 2 1
H 3 2 2 16
H 12 5 1 2
V 4 16 2 1
V 0 6 20 1
V 0 6 4 4
H 1 3 11 6
H 9 2 2 18
V 3 16 14 1
V 10 2 6 6
H 18 5 1 6
H 11 11 1 6
H 4 16 10 2
V 3 16 8 1
V 8 9 8 8
V 5 1 10 5
V 4 1 2 1
H 5 1 10 4
V 13 3 4 10
V 1 5 2 1
H 0 9 1 2
H 5 9 1 2
V 3 6 2 1
V 2 3 4 7
H 3 2 2 10
H 2 3 1 12
H 2 3 1 4
H 10 4 7 12
V 15 9 4 5
H 8 1 7 6
V 6 14 12 1
V 3 13 6 1
H 5 13 5 4
V 0 13 18 1
H 11 8 1 2
V 10 9 10 2
H 13 3 1 16
V 3 12 4 4
H 5 1 1 18
H 5 0 1 6
H 0 5 1 2
H 11 1 3 16
H 19 11 1 2
V 6 12 14 1
V 8 7 2 1
H 14 12 1 2
V 3 3 12 5
V 2 4 16 2
H 17 4 1 2
H 1 13 1 2
H 11 13 1 2
H 14 13 1 2
H 10 10 1 2
V 2 10 18 1
H 5 2 1 2
H 14 2 1 2
H 5 3 1 16
V 6 9 12 5
H 13 0 1 18
H 11 0 3 4
H 18 11 1 2
V 10 1 4 2
V 10 14 4 3
V 4 14 2 1
V 4 16 2 1
H 4 13 1 4
V 6 0 6 1
V 15 9 2 1
H 16 4 1 6
V 5 1 8 1
H 9 16 1 2
H 6 15 7 4
V 12 5 6 2
H 10 3 6 4
V 0 8 4 2
H 2 4 3 8
H 2 7 4 8
H 6 1 1 2
H 8 1 1 2
V 4 2 10 2
V 8 3 2 1
H 4 2 5 2
V 3 3 4 6
H 4 2 1 14
H 9 14 1 4
V 8 15 8 1
H 7 12 5 8
V 13 11 6 1
H 12 5 3 12
V 10 7 10 1
V 4 3 8 13
H 7 2 1 18
V 4 10 12 5
H 11 9 4 8
V 6 16 6 2
H 7 8 1 10
H 5 11 1 2
H 12 11 1 2
V 0 12 14 1
V 10 4 6 1
H 8 2 6 12
H 7 7 1 4
V 5 6 14 2
H 19 9 1 2
H 2 12 9 2
V 1 12 2 1
H 5 2 9 4
V 16 8 4 2
V 1 6 4 1
H 3 4 2 4
H 11 15 1 2
H 6 14 6 4
H 8 15 1 2
V 4 3 4 13
V 0 8 6 1
H 0 7 1 2
V 2 8 2 1
V 9 11 4 7
H 9 16 2 4
H 15 13 1 2
V 12 5 4 9
H 9 3 6 8
V 17 9 2 1
V 12 7 6 6
H 14 10 1 6
H 2 8 1 2
H 11 10 1 2
H 2 7 16 4
H 7 1 1 12
H 7 7 11 6
H 2 6 3 8
H 2 5 2 8
V 7 8 8 7
H 8 10 5 8
V 2 6 2 2
H 2 6 2 6
H 3 5 2 10
V 0 9 2 1
V 1 6 6 4
H 1 6 1 6
H 8 8 1 2
V 7 9 6 5
H 9 2 1 18
V 6 2 8 2
H 8 6 1 2
V 6 3 4 4
H 7 0 1 12
H 13 3 1 14
V 11 5 6 5
V 11 11 2 1
V 10 3 4 14
H 7 11 5 8
V 8 6 2 7
H 2 6 8 2
H 4 7 1 2
V 1 7 18 1
H 11 2 1 12
V 7 13 10 1
H 11 0 1 18
H 11 0 1 8
V 6 10 8 4
H 7 3 1 16
V 5 5 4 11
V 5 13 2 1
H 5 7 1 10
H 10 0 1 2
V 13 6 4 7
V 15 9 4 2
H 15 10 1 2
H 17 10 1 2
H 8 9 11 2
H 18 8 1 2
V 11 8 4 7
H 11 12 3 4
H 7 13 1 2
H 6 12 3 4
H 7 13 1 2
V 3 8 6 6
H 11 5 3 10
V 12 11 4 3
H 11 5 5 2
V 16 7 2 1
V 11 6 6 2
V 10 3 4 9
H 10 1 2 10
H 6 4 4 6
V 1 7 10 1
V 12 8 2 1
V 11 4 2 7
H 11 4 1 14
V 5 4 10 2
V 4 4 4 2
H 4 4 1 2
H 12 4 1 10
V 10 4 4 3
H 7 2 6 4
V 14 5 2 1
V 8 11 2 1
H 9 5 3 12
H 18 9 1 2
V 3 10 16 1
V 11 9 2 4
H 8 9 5 8
V 7 14 2 1
V 4 7 6 1
H 8 1 1 14
H 3 10 1 2
V 0 10 16 1
V 3 12 12 1
H 8 2 1 12
V 2 6 12 3
V 4 6 12 1
H 7 4 3 6
V 9 10 2 1
H 9 0 1 20
H 13 4 1 2
H 13 13 1 2
H 9 5 6 2
V 14 6 2 1
H 3 10 14 2
V 16 10 2 1
H 2 7 5 4
V 1 10 2 1
V 3 7 4 5
H 3 6 2 4
V 13 5 2 5
H 14 5 1 6
V 3 8 2 2
H 4 6 1 8
V 7 3 2 1
V 8 2 2 3
H 9 0 1 8
V 9 14 2 1
V 7 3 6 13
H 8 2 1 2
H 11 3 2 4
H 7 2 1 6
H 10 7 1 2
V 1 8 10 1
H 2 7 1 2
H 12 8 2 2
V 9 9 10 1
V 5 12 2 1
V 6 10 2 4
H 7 5 2 12
H 6 4 7 6
V 9 7 8 4
H 9 6 1 2
V 8 7 2 8
H 8 4 1 14
H 14 10 1 2
V 3 11 12 1
V 5 5 4 9
H 5 9 4 6
V 9 8 6 6
H 8 8 5 2
H 10 2 1 16
V 4 9 14 1
H 10 1 1 16
V 5 5 2 1
V 14 7 2 1
V 5 6 10 4
H 9 15 1 2
H 8 4 3 12
V 4 11 6 1
V 3 7 10 6
V 4 12 2 1
V 6 4 2 1
V 2 8 4 3
V 9 2 2 11
V 8 2 2 1
H 12 4 1 8
H 5 12 7 2
V 9 12 6 1
H 12 8 3 2
V 12 9 6 1
V 4 6 10 1
V 13 7 2 5
V 12 6 2 1
H 13 6 1 8
H 6 6 1 2
V 4 7 4 1
H 7 3 2 8
H 8 7 6 6
H 11 12 1 2
V 9 8 8 3
H 5 11 1 2
H 7 11 1 2
H 3 10 10 2
V 2 9 4 2
H 8 7 1 2
V 11 12 2 1
V 8 8 4 5
H 11 3 1 10
V 6 9 4 5
H 9 6 1 12
H 11 8 1 2
V 10 5 4 4
H 9 2 2 12
H 9 1 1 8
V 8 5 2 1
H 9 3 2 14
V 7 8 4 8
H 8 15 1 2
H 9 5 1 4
V 14 8 2 1
H 13 7 1 2
V 3 8 12 1
H 6 5 8 6
H 4 8 1 2
V 1 9 14 1
V 9 14 2 1
H 10 14 1 2
H 13 6 1 4
V 13 7 2 5
H 13 11 1 2
V 13 9 4 1
H 9 11 1 6
V 10 8 6 3
V 8 7 2 9
H 8 14 1 2
H 5 8 10 4
V 14 10 2 1
V 3 8 4 2
H 5 6 2 6
H 10 3 1 10
H 9 11 1 4
H 7 10 5 2
V 6 10 10 1
H 12 5 1 8
H 12 5 1 2
H 6 9 1 4
V 3 9 6 2
V 7 4 2 1
V 7 6 2 8
H 12 11 1 2
V 6 11 8 1
H 11 10 2 4
V 9 4 2 1
V 8 7 2 1
H 9 2 1 8
H 10 7 1 2
V 5 7 10 1
H 10 13 1 2
H 5 8 3 2
V 3 9 4 1
V 4 8 4 3
V 7 6 6 4
H 8 4 1 2
H 7 5 5 4
V 5 7 2 4
H 9 8 1 4
H 6 7 7 6
H 6 6 1 2
V 10 11 2 2
H 11 12 1 2
V 11 12 2 1
V 7 11 6 1
H 7 10 4 4
H 9 6 3 4
V 7 8 8 1
V 5 7 4 2
H 5 7 1 2
H 5 9 1 2
H 13 9 1 2
V 9 13 2 1
V 13 9 2 1
H 8 5 3 2
V 10 6 2 2
V 7 6 4 2
H 9 4 1 2
V 9 5 2 1
H 8 11 4 2
V 11 11 2 1
V 8 7 2 1
V 8 10 2 3
H 8 12 1 2
H 8 11 4 2
H 9 11 1 2
V 6 10 4 2
H 8 5 1 4
V 6 7 6 1
V 11 7 2 1
H 9 4 1 10
H 9 4 1 4
H 9 12 1 2
V 8 7 4 1
V 8 11 4 2
H 8 6 1 2
H 11 8 1 4
V 11 10 2 1
H 8 8 4 2
H 8 7 1 6
V 8 7 4 2
H 9 6 1 8
H 9 6 2 4
V 9 9 2 1
H 8 10 1 2
H 10 10 1 2
H 8 7 2 4
H 7 9 1 2
H 11 8 1 2
V 5 9 8 1
V 9 9 4 1
H 12 9 1 2
H 11 7 1 4
H 10 7 1 2
H 9 6 1 2
V 8 10 2 1
H 8 10 1 2
H 8 9 1 2
V 8 8 4 2
V 7 8 2 2
V 7 8 4 1
H 10 9 1 2
V 9 10 2 1
H 9 7 1 2
H 8 8 2 2
