H 7 14 1 2
V 6 6 2 1
H 0 11 1 2
H 3 11 2 2
H 8 7 1 2
V 4 1 10 9
H 11 8 1 2
H 6 6 1 2
H 4 7 14 2
H 4 1 2 16
V 1 16 18 1
H 14 16 5 2
V 0 17 20 1
V 0 17 8 1
H 0 17 3 2
V 0 18 18 2
V 0 18 20 2
H 0 18 1 2
H 19 18 1 2
H 7 15 1 2
V 5 8 8 8
H 5 9 1 8
H 15 16 1 2
V 1 16 18 1
H 14 16 4 2
V 0 17 20 1
V 0 17 8 1
H 0 17 1 2
V 0 18 16 2
H 11 18 2 2
V 0 18 20 1
H 0 18 1 2
H 18 18 1 2
V 9 11 2 1
V 0 10 20 2
V 8 11 2 1
H 7 5 2 12
V 3 16 12 1
H 14 16 3 2
V 0 17 20 1
V 0 17 8 1
H 0 17 3 2
V 0 18 14 2
V 0 18 20 1
H 17 18 1 2
H 8 0 1 2
V 5 0 12 1
H 5 0 8 16
V 12 7 2 1
H 5 1 3 16
H 7 15 1 2
V 1 16 18 1
H 14 16 4 2
V 0 17 20 1
V 0 17 8 1
H 0 17 3 2
V 0 18 18 1
V 0 18 20 1
H 16 1 3 8
V 0 8 20 1
H 6 1 2 16
H 5 15 1 2
V 1 16 14 1
H 14 16 5 2
V 0 17 20 1
V 0 17 8 1
H 1 18 1 2
H 0 17 3 2
V 0 18 18 1
H 12 18 1 2
V 1 18 18 1
H 5 1 3 16
V 1 16 18 1
H 14 16 4 2
V 0 17 20 1
V 0 17 8 1
H 0 17 3 2
V 0 18 16 2
V 0 18 18 1
H 1 1 3 8
H 4 7 1 2
V 6 8 2 1
V 3 8 4 1
V 4 6 2 1
H 5 1 3 16
V 1 16 18 1
H 14 16 3 2
V 0 17 20 1
V 0 17 8 1
H 0 17 3 2
V 0 18 16 2
V 1 18 16 2
H 16 18 1 2
H 4 4 1 2
H 10 4 1 2
V 4 5 8 2
H 0 3 4 2
H 11 3 1 2
H 14 3 1 2
H 5 4 15 6
H 5 1 1 16
V 1 16 18 1
H 14 16 4 2
V 0 17 20 1
H 1 17 1 2
V 0 17 8 1
H 0 17 3 2
V 0 18 16 1
V 1 18 16 1
H 3 7 1 2
H 17 7 1 2
V 0 8 10 1
H 5 1 1 16
V 1 16 18 1
H 14 16 5 2
V 0 17 20 1
V 0 17 8 1
H 0 17 3 2
V 0 18 14 2
V 0 18 16 2
H 3 18 1 2
H 5 18 1 2
V 10 18 2 1
V 11 18 4 2
H 14 18 2 2
V 4 7 16 1
H 4 7 2 2
H 5 1 1 16
V 1 16 18 1
H 14 16 3 2
V 0 17 20 1
V 0 17 8 1
H 0 17 3 2
V 0 18 14 1
H 6 18 1 2
V 0 18 16 1
H 3 13 1 2
H 12 13 1 2
V 5 12 10 2
V 5 11 6 1
H 3 11 5 6
V 1 16 18 1
H 14 16 3 2
V 0 17 20 1
V 0 17 8 1
H 0 17 3 2
V 0 18 14 1
H 9 18 1 2
V 1 18 14 1
H 1 1 3 8
V 0 8 6 1
V 6 2 2 1
V 6 8 2 1
V 6 12 2 1
H 5 1 2 16
H 7 15 1 2
V 1 16 18 1
H 14 16 4 2
V 0 17 20 1
V 0 17 8 1
H 0 17 3 2
V 0 18 12 1
V 0 18 14 1
H 13 18 1 2
H 8 0 3 16
H 8 1 1 16
V 7 16 12 1
H 14 16 1 2
V 0 17 20 1
V 0 17 8 1
H 0 17 3 2
H 1 18 1 2
V 0 18 12 1
V 0 18 14 1
V 4 1 2 2
H 5 0 1 14
H 5 1 1 16
V 1 16 18 1
H 14 16 3 2
V 0 9 20 1
V 0 17 20 1
V 0 17 8 1
H 0 17 2 2
V 0 18 12 1
H 1 17 1 2
V 1 18 12 2
H 12 18 1 2
V 0 17 16 1
H 0 17 3 2
H 2 18 1 2
V 0 18 10 1
V 1 18 10 2
H 10 18 1 2
V 4 9 8 3
V 5 15 2 1
H 5 3 1 14
V 1 16 18 1
H 14 16 3 2
V 0 17 20 1
V 0 17 8 1
H 0 17 3 2
V 0 18 10 1
V 1 18 10 1
V 2 14 8 1
H 2 14 1 2
H 6 14 1 2
H 9 14 1 2
H 3 13 6 4
V 1 16 18 1
H 8 15 1 2
H 14 16 4 2
V 13 16 2 1
V 0 17 20 1
V 0 17 8 1
H 0 17 3 2
V 0 18 8 1
V 0 18 10 1
V 7 19 2 1
V 4 13 12 2
V 3 14 2 1
H 4 11 5 6
V 1 16 18 1
H 14 16 4 2
V 0 17 20 1
V 0 17 8 1
H 0 17 3 2
V 2 18 2 1
V 0 18 6 1
V 0 18 8 1
H 4 18 1 2
H 7 18 1 2
H 0 7 2 2
H 4 8 1 2
V 0 8 8 1
V 5 16 2 1
H 5 1 1 16
H 2 15 1 2
V 1 16 18 1
H 14 16 4 2
V 0 17 20 1
V 1 17 4 1
H 0 17 3 2
V 0 18 6 1
H 5 18 1 2
V 2 9 4 8
V 4 12 2 1
H 5 3 1 14
V 1 16 18 1
H 14 16 3 2
H 0 17 1 2
V 0 17 20 1
V 2 17 4 1
V 2 12 2 1
V 2 18 2 1
H 0 17 3 2
V 0 18 6 1
V 7 12 2 1
H 6 5 2 12
V 2 16 16 1
H 14 16 4 2
V 0 17 20 1
V 0 17 8 1
H 0 17 1 2
V 2 13 18 2
H 4 14 1 2
H 8 14 1 2
H 6 13 3 4
V 1 16 14 1
H 14 16 3 2
V 0 17 20 1
V 1 17 4 1
H 2 17 1 2
H 3 18 1 2
V 1 18 4 1
H 7 7 1 2
H 6 0 2 16
H 5 1 3 16
H 6 15 1 2
H 8 15 1 2
V 4 16 14 1
H 14 16 4 2
V 0 17 20 1
V 0 17 6 1
H 1 17 2 2
H 1 18 1 2
H 1 3 3 6
V 2 8 6 1
H 5 1 1 16
V 1 16 18 1
H 14 16 3 2
V 0 17 20 1
V 2 17 4 1
H 1 17 2 2
V 2 6 2 1
V 2 18 2 2
H 3 18 1 2
V 3 9 4 6
H 7 11 1 2
H 5 7 3 10
V 1 16 18 1
V 13 17 2 1
H 14 16 3 2
V 1 17 18 1
V 1 17 8 1
H 1 17 1 2
H 0 0 4 6
H 3 1 1 8
H 5 8 1 2
V 2 8 4 1
H 4 1 2 16
V 1 16 18 1
H 14 16 5 2
V 2 17 18 1
H 2 17 1 2
V 2 17 6 1
H 2 17 1 2
V 2 18 2 1
V 10 11 2 1
V 3 9 8 3
H 4 7 2 10
V 1 16 18 1
H 14 16 4 2
V 2 17 18 1
V 2 17 6 1
H 2 17 1 2
H 0 0 2 8
H 1 1 1 8
V 0 8 8 1
V 5 15 2 1
H 5 1 1 16
H 15 16 1 2
H 6 15 1 2
V 1 16 18 1
H 14 16 5 2
V 2 17 18 1
V 2 17 6 1
H 8 8 1 2
V 0 8 20 1
H 5 1 1 16
V 1 14 18 1
V 1 16 18 1
H 14 16 2 2
V 3 17 16 1
V 3 17 6 1
H 16 16 1 2
V 5 17 14 1
V 7 17 10 1
V 6 4 2 1
V 7 0 8 10
V 4 0 16 2
H 19 0 1 2
V 4 11 8 5
V 5 16 2 1
V 3 13 2 1
H 4 13 2 4
V 1 16 18 1
H 14 16 2 2
V 10 17 10 1
H 19 16 1 2
V 18 17 2 1
H 5 10 1 2
V 17 17 2 1
V 2 10 18 1
H 5 10 1 2
H 4 7 5 4
V 0 8 8 1
H 0 4 1 2
H 2 7 1 2
H 8 7 1 2
H 0 1 2 8
V 1 7 2 1
H 0 0 2 8
V 0 1 2 1
V 4 6 16 2
H 11 1 1 10
V 4 1 2 1
V 5 1 14 1
V 8 7 2 1
V 3 10 2 1
H 4 5 5 6
V 1 8 12 1
H 1 1 3 8
H 1 0 3 8
H 7 6 8 4
H 6 1 2 16
V 9 12 2 1
V 9 16 2 1
V 7 4 2 1
V 7 10 2 1
V 6 16 4 1
V 1 16 18 1
H 18 16 1 2
H 6 7 1 2
V 0 8 16 1
V 8 4 4 1
H 10 0 2 16
V 4 0 14 1
V 3 16 10 1
H 4 1 1 16
V 4 8 14 2
V 9 10 2 1
H 10 2 2 12
V 4 2 16 2
H 1 1 1 6
H 1 1 1 8
H 5 8 1 2
V 1 8 8 1
V 5 1 2 2
H 4 0 1 2
H 4 1 2 16
V 1 16 18 1
V 17 16 2 1
H 14 16 4 2
V 10 17 8 1
H 1 1 3 2
V 0 2 4 7
V 4 2 10 1
H 11 0 5 10
H 15 6 1 2
V 14 1 4 6
V 1 3 2 1
V 0 3 4 6
H 1 1 3 8
V 1 2 2 1
H 2 0 2 8
V 5 9 2 1
V 9 0 6 1
V 6 0 6 16
H 10 0 2 4
H 18 2 1 2
V 5 2 14 1
V 8 6 2 1
V 8 8 2 1
H 8 0 1 12
V 4 4 16 2
H 12 0 5 8
H 7 0 1 12
H 7 1 2 16
V 7 16 4 1
V 10 16 2 1
V 1 16 18 1
V 15 1 2 1
V 15 4 2 6
V 15 17 2 1
V 8 2 10 1
H 13 0 3 10
V 13 7 2 1
V 14 3 4 7
H 13 2 4 6
H 9 7 1 2
H 5 8 8 8
H 10 14 1 2
V 6 15 14 1
V 5 15 2 1
H 11 3 1 12
V 6 3 12 1
H 4 4 2 10
V 2 8 4 1
H 1 3 3 6
H 2 2 2 6
H 0 5 4 4
V 0 8 8 1
H 4 0 1 16
H 15 16 1 2
V 1 11 14 1
V 7 5 2 1
H 7 2 1 14
V 4 4 14 1
H 13 0 2 8
H 6 7 10 2
V 0 8 12 1
V 0 5 2 1
H 1 3 3 6
H 1 3 3 4
H 3 1 1 2
V 1 12 6 2
H 4 7 3 10
V 7 8 2 1
V 0 8 8 1
H 0 5 4 4
H 0 4 4 4
V 10 12 2 1
V 2 12 18 2
H 2 13 1 4
H 6 11 1 2
H 1 9 12 6
V 0 9 20 1
H 0 9 1 6
H 0 9 1 8
V 14 3 2 2
H 4 2 12 4
V 14 4 4 2
V 1 4 2 1
V 1 9 2 8
H 13 3 1 4
V 6 0 8 4
V 5 0 4 7
V 1 8 4 1
H 13 7 1 2
H 4 8 16 2
H 2 9 1 2
H 7 8 1 2
V 0 9 8 1
H 0 9 1 6
H 0 10 1 6
V 5 3 4 1
V 4 3 6 1
H 14 3 1 2
V 4 3 12 1
H 11 0 3 6
H 3 2 1 2
H 5 13 1 2
V 4 14 10 2
H 2 13 7 4
V 2 16 14 1
V 7 10 12 3
V 8 11 2 1
H 9 3 3 12
V 5 5 14 1
V 2 11 8 2
H 4 1 1 16
H 4 1 1 6
H 4 5 11 2
H 10 0 2 16
V 4 14 16 1
V 6 10 2 6
H 6 0 1 2
V 11 1 2 1
H 5 1 7 12
V 4 5 14 1
H 14 1 1 8
H 9 5 1 2
H 17 5 1 2
H 3 3 1 4
H 6 1 8 2
V 4 2 4 8
V 2 6 2 1
H 2 4 1 4
V 0 6 4 3
V 9 6 10 3
V 16 7 4 3
V 1 14 14 1
H 1 14 1 2
H 13 14 1 2
V 7 10 2 1
V 8 7 2 9
H 9 1 1 12
V 6 1 8 2
V 13 16 2 1
H 6 8 2 8
H 1 10 1 2
V 0 11 12 1
H 0 9 1 6
H 8 0 1 16
H 11 3 1 2
V 5 4 12 2
V 14 3 2 1
H 6 4 1 2
H 0 7 1 2
H 14 7 1 2
H 6 2 9 6
H 6 4 1 2
H 4 5 7 6
H 9 8 1 2
V 0 8 18 1
H 1 5 2 4
H 1 5 1 2
H 18 13 1 2
H 1 6 1 2
V 7 11 2 1
H 7 5 1 12
V 2 16 10 1
V 1 14 16 1
V 2 14 4 1
H 3 13 8 2
V 2 13 18 1
V 1 6 2 1
V 1 11 2 4
H 2 14 1 2
H 12 14 1 2
V 2 9 2 6
H 3 13 4 4
H 11 7 1 2
H 7 0 5 8
V 4 3 2 1
V 12 2 2 7
H 11 2 3 6
H 11 9 1 2
V 1 10 18 4
H 8 7 4 8
V 2 14 16 1
H 9 4 1 2
H 6 5 9 4
V 11 7 8 3
V 16 10 2 3
H 14 10 3 6
H 4 7 5 4
V 0 8 10 1
H 0 7 1 2
V 9 8 2 1
V 4 6 12 3
H 11 0 1 12
V 2 8 18 1
V 6 6 12 3
H 14 5 3 4
V 3 12 14 3
H 8 13 1 4
V 4 16 10 1
H 1 11 19 2
V 0 10 6 2
H 0 10 1 4
H 5 2 1 2
V 8 5 4 1
H 8 0 1 14
H 4 7 1 4
V 0 8 10 1
H 3 5 1 4
H 3 4 1 4
V 16 6 2 1
V 3 15 10 1
H 4 10 7 6
V 1 9 2 1
V 1 12 2 1
V 2 10 18 3
V 2 13 2 2
V 7 16 6 1
H 1 10 2 4
V 0 9 2 3
H 0 11 1 2
H 16 11 1 2
H 4 4 5 8
V 10 4 4 6
H 11 1 1 8
V 9 8 10 1
V 7 10 4 1
H 9 2 1 10
V 9 8 2 1
V 6 3 8 1
H 16 8 1 2
V 14 9 6 1
H 4 7 1 2
V 8 8 2 1
V 1 8 8 1
H 3 5 1 4
H 3 5 1 2
H 4 11 4 6
V 1 11 10 3
H 6 2 1 2
V 4 10 2 1
V 5 3 4 10
V 7 1 2 1
H 7 1 1 14
V 8 2 4 11
V 4 7 14 1
V 10 2 2 1
V 8 3 2 1
V 9 2 4 6
V 10 6 2 1
H 11 2 2 10
H 0 10 1 2
H 18 10 2 2
V 5 13 2 1
V 6 10 10 6
H 9 2 1 14
V 5 4 10 1
H 9 3 4 8
V 9 6 8 1
H 8 8 5 8
V 0 8 16 1
V 9 8 10 1
H 10 3 2 12
V 7 14 10 1
V 5 7 12 1
H 10 0 1 16
V 6 14 10 2
H 9 5 3 8
H 11 11 1 2
V 3 12 16 1
V 9 0 2 1
H 8 0 2 2
H 3 6 1 2
H 8 1 3 2
V 7 2 2 1
H 3 7 1 2
H 15 7 1 2
V 10 6 6 2
V 1 9 4 3
H 2 10 15 4
H 5 8 13 2
V 15 9 4 1
V 6 3 4 11
H 8 1 2 4
H 11 4 3 6
H 13 4 1 2
V 7 10 8 6
H 4 14 1 2
H 4 11 4 4
V 1 12 6 1
V 7 4 2 13
H 7 13 2 4
V 6 16 6 1
V 2 8 6 1
H 5 4 1 8
V 4 6 2 1
V 6 7 6 2
H 6 3 1 8
V 4 7 8 2
H 4 5 3 6
V 4 6 2 9
V 4 7 12 1
H 11 2 1 10
H 2 7 1 2
H 15 13 1 2
V 2 10 10 2
H 10 3 1 8
H 5 9 1 2
H 4 8 7 4
H 8 7 1 2
V 2 8 16 1
H 9 6 1 10
V 0 10 20 1
V 12 5 2 5
H 12 4 1 4
V 13 6 2 1
V 4 13 8 2
V 5 5 6 4
H 5 5 1 2
V 10 5 2 2
H 9 2 2 6
H 8 2 2 2
V 8 3 4 1
H 12 10 2 6
V 13 14 2 1
V 7 8 10 2
V 5 6 2 9
H 6 4 1 12
H 7 3 1 14
V 1 10 14 1
H 1 10 1 2
H 5 6 7 8
V 8 12 8 2
V 5 12 6 3
H 5 12 2 4
V 3 13 8 1
H 4 10 11 4
V 10 10 8 2
H 7 4 1 6
V 6 12 2 1
V 5 6 4 9
H 6 11 3 6
V 8 10 8 3
V 10 10 2 1
H 6 7 5 8
V 4 7 12 1
H 8 9 1 4
H 7 10 7 4
V 9 10 10 1
V 2 10 10 1
H 8 5 1 12
V 7 16 4 1
V 1 9 16 1
V 1 9 4 1
H 9 4 1 12
V 6 12 8 4
H 6 11 1 2
H 15 11 1 2
V 4 8 12 2
V 3 8 2 1
H 6 5 1 8
V 2 9 8 4
V 5 6 4 9
H 8 2 1 14
H 8 2 2 4
V 4 13 2 1
V 1 10 2 1
H 2 10 1 2
H 4 7 1 2
H 4 8 6 2
V 3 8 2 1
V 5 7 2 8
H 6 14 1 2
V 9 3 2 13
H 9 2 1 2
V 13 11 2 3
H 13 13 1 2
H 12 10 5 2
V 14 10 2 1
H 10 10 5 4
H 9 3 2 8
H 8 3 1 10
V 3 10 6 1
H 4 7 2 6
H 8 7 1 10
V 8 4 2 1
V 8 16 2 1
H 10 7 2 4
V 8 8 8 1
H 7 15 1 2
V 9 10 6 1
H 11 4 1 12
V 7 10 2 1
V 5 7 6 6
H 9 5 1 6
V 5 7 10 1
H 13 6 1 2
V 4 8 2 1
V 5 7 4 6
H 5 7 5 4
V 4 11 2 1
H 5 7 1 8
V 7 5 6 8
H 12 6 1 10
V 6 14 2 1
H 7 5 2 10
V 1 10 12 1
H 10 8 1 2
V 8 9 8 1
V 12 10 2 1
H 12 5 1 8
V 2 10 8 1
H 3 10 9 2
H 15 10 1 2
H 3 9 1 2
V 7 5 2 11
H 7 5 1 2
V 12 10 2 4
H 6 10 8 4
V 11 7 2 8
H 7 13 1 2
H 12 13 1 2
H 8 5 4 4
H 8 9 1 8
H 10 4 1 10
V 4 11 12 1
H 5 10 1 4
H 11 6 1 6
V 7 10 10 1
V 6 8 8 2
H 9 3 1 10
H 5 8 8 4
H 10 6 2 10
H 6 7 6 4
V 4 9 12 1
H 4 9 8 2
V 2 10 6 1
H 14 10 1 2
V 6 10 10 1
H 15 10 1 2
V 7 6 2 1
H 7 6 3 8
H 7 6 3 10
V 8 5 2 11
H 9 4 1 2
V 11 10 4 2
V 6 10 2 2
H 6 10 2 4
H 5 11 2 2
V 4 10 4 2
V 7 7 2 8
H 7 11 2 4
V 5 10 4 3
H 9 14 1 2
V 9 8 2 1
V 7 8 2 1
V 8 7 4 8
H 11 13 1 2
H 12 8 1 6
H 8 5 3 4
H 9 8 1 2
H 6 7 6 2
V 10 8 4 2
H 5 9 7 2
V 7 9 8 1
H 12 7 1 2
H 6 9 4 2
V 4 10 12 1
V 7 8 6 5
H 9 6 2 8
H 11 9 1 2
V 6 10 8 3
V 5 8 8 1
V 5 9 2 1
V 6 12 2 1
H 12 11 1 2
V 5 10 4 2
V 7 7 4 2
H 7 7 1 2
V 6 8 2 1
H 7 8 3 4
H 8 9 1 2
V 4 10 6 1
V 6 9 4 2
V 7 10 2 1
H 8 6 1 6
V 7 10 8 1
V 6 10 2 1
H 11 8 2 4
V 8 7 2 4
H 8 7 1 8
H 6 10 1 2
H 12 10 1 2
H 8 8 1 2
H 8 9 5 2
H 11 10 1 2
V 5 10 10 1
V 9 7 2 1
V 9 10 4 2
V 10 10 4 1
H 9 11 1 2
V 8 12 4 1
V 7 11 4 2
V 7 10 2 1
H 8 10 2 4
H 8 9 4 2
H 9 6 1 2
H 9 7 1 8
V 10 11 2 1
H 9 6 1 8
H 9 10 2 4
V 7 11 2 1
H 9 7 1 2
V 11 10 2 1
V 8 8 2 4
V 8 10 4 2
V 8 10 2 2
V 9 10 2 1
H 8 9 1 2
V 7 9 2 1
H 9 8 1 2
H 9 11 1 2
V 9 11 2 1
