V 17 16 2 1
H 8 17 1 2
H 1 5 1 2
V 0 6 20 3
H 18 13 1 2
H 4 0 16 14
V 17 2 2 18
H 18 0 1 8
V 0 0 18 1
H 0 0 11 2
H 13 0 1 2
V 0 1 20 1
V 18 2 2 8
V 17 2 2 1
H 18 2 2 6
V 10 11 6 1
V 11 1 8 19
V 0 6 20 5
V 3 15 16 1
H 17 0 1 12
H 13 3 1 14
V 13 2 6 10
H 15 1 3 4
V 18 6 2 1
V 7 6 12 14
H 15 0 2 20
V 16 4 2 1
H 15 0 2 14
H 13 0 1 2
H 0 1 17 2
V 13 2 6 1
V 17 8 2 1
V 18 3 2 17
H 19 4 1 2
H 9 0 5 20
H 2 2 13 10
V 8 3 12 1
H 17 2 1 2
V 13 17 2 1
H 12 0 2 20
V 9 1 8 3
V 15 3 4 17
H 18 4 1 16
H 18 3 1 16
V 15 13 2 6
H 15 0 1 20
H 9 0 7 12
V 14 3 4 4
H 11 1 5 4
H 11 2 6 14
V 12 4 6 1
V 12 2 2 1
H 13 0 2 14
H 0 2 15 2
V 4 3 14 1
V 6 5 6 5
V 0 6 20 2
H 19 5 1 2
V 5 1 10 1
V 8 0 2 19
V 0 6 20 1
H 2 0 1 2
V 0 1 12 3
V 0 1 14 2
H 13 0 1 2
V 0 14 2 1
V 8 12 6 1
H 8 6 1 2
H 14 6 1 2
V 1 7 8 12
H 12 7 1 2
V 0 7 20 1
H 16 3 1 8
V 10 10 10 1
H 15 2 1 10
V 0 12 16 3
H 3 3 11 16
V 1 5 18 1
H 14 4 1 2
V 10 5 8 14
H 13 5 5 4
V 16 7 4 5
H 4 6 15 10
H 10 1 1 2
V 10 2 4 9
H 13 1 1 10
V 13 6 4 2
H 6 2 9 10
V 8 5 4 1
H 10 0 2 6
V 6 3 10 2
V 0 10 6 8
H 0 0 3 20
H 3 15 1 2
V 3 13 16 3
V 10 5 2 1
H 11 0 2 20
H 12 0 1 6
V 4 8 10 3
V 0 10 20 1
V 11 7 2 1
H 12 7 8 6
V 8 0 4 3
H 10 8 10 8
H 14 12 1 2
H 16 14 1 2
V 9 14 2 1
V 0 13 20 2
H 9 5 7 14
H 8 6 1 2
V 1 7 18 1
V 9 9 2 1
V 7 6 6 5
H 8 1 5 12
H 7 1 1 4
H 1 3 14 6
H 4 0 1 12
V 2 6 16 1
H 0 1 1 18
V 0 8 4 1
H 0 1 1 12
V 14 17 4 3
H 10 3 5 16
H 14 3 1 12
H 7 8 1 2
H 9 8 1 2
V 0 9 20 1
H 12 2 2 14
V 14 5 2 3
H 14 4 1 2
H 2 0 4 2
V 1 1 4 7
V 15 6 2 10
H 15 7 1 4
V 16 9 2 1
H 1 6 16 4
V 5 6 2 1
V 1 3 10 12
V 4 5 12 1
H 2 0 9 6
H 2 0 8 2
V 2 1 10 2
V 12 3 2 17
H 13 3 1 16
H 14 10 1 4
V 6 9 14 2
H 12 2 1 16
V 0 4 12 1
H 4 8 1 2
H 1 4 12 10
V 0 9 20 1
V 0 14 20 2
H 2 0 1 20
V 2 7 2 1
H 2 0 1 10
V 0 3 2 17
H 0 3 1 2
H 5 10 1 2
V 5 3 8 8
H 2 1 9 2
H 10 1 1 2
V 6 2 6 6
V 1 3 10 6
H 1 2 7 12
V 6 0 2 4
H 5 0 3 8
H 3 4 1 2
V 1 5 14 3
H 12 6 3 4
V 10 8 8 7
V 7 9 10 1
V 9 8 2 1
V 2 5 10 10
H 3 0 4 20
V 3 1 8 2
V 6 14 8 4
H 11 4 3 16
H 10 11 1 6
H 4 4 10 10
V 0 10 10 1
V 0 10 20 1
H 4 15 1 4
V 0 14 20 4
V 4 4 6 1
H 9 0 1 20
V 6 3 6 1
H 4 0 6 8
V 9 2 2 1
H 12 4 1 2
V 10 5 4 13
V 6 1 4 5
H 5 0 4 4
V 8 8 4 1
H 5 1 5 10
H 11 10 1 2
H 0 7 15 4
V 9 9 2 1
V 10 9 8 7
V 1 3 2 8
H 3 1 1 2
H 2 2 2 10
V 8 19 2 1
V 7 8 2 12
V 1 8 16 1
V 16 14 4 6
V 14 13 4 1
H 14 12 6 8
H 14 14 1 6
V 0 14 20 2
H 9 6 3 14
H 4 4 1 4
H 11 4 1 14
V 4 7 12 2
V 2 7 12 1
V 3 3 6 12
V 0 9 16 2
H 7 8 1 4
H 4 10 1 4
H 4 6 11 6
V 8 15 2 1
V 9 13 10 7
H 18 10 1 8
H 12 5 1 10
H 19 11 1 8
H 15 10 1 2
V 6 11 14 1
V 0 8 16 1
V 0 6 14 3
H 0 4 4 8
V 0 16 20 1
V 0 13 2 1
H 1 3 1 16
H 1 3 1 10
V 1 19 18 1
V 3 11 2 1
V 2 18 2 1
H 3 2 1 18
V 2 9 2 1
H 3 1 1 18
H 3 2 7 2
V 2 3 4 7
V 18 12 2 1
H 18 11 1 2
V 8 8 2 8
H 8 1 1 14
H 6 0 2 8
H 4 4 1 16
V 4 4 8 4
V 2 4 2 1
V 3 2 6 8
H 3 2 2 4
H 9 2 1 14
V 0 7 2 13
H 0 5 2 14
H 0 5 2 10
H 11 5 1 10
V 4 12 16 1
H 3 3 2 12
V 1 8 10 3
V 1 9 16 1
V 9 16 6 2
V 9 12 2 1
H 10 4 1 16
V 10 6 2 1
H 9 3 2 10
V 0 13 20 1
H 5 0 1 18
V 1 4 8 1
V 0 16 20 1
H 5 9 1 2
H 5 0 1 20
H 5 0 1 12
H 4 14 16 4
V 17 12 2 7
H 0 16 18 4
V 0 6 12 1
V 5 4 6 16
H 9 3 1 2
V 5 5 4 15
V 5 5 2 1
H 5 1 1 10
H 14 8 1 2
V 3 5 8 5
V 0 9 16 1
V 11 10 2 1
V 10 6 2 12
H 11 5 1 8
V 4 10 2 1
H 2 15 1 2
V 1 5 4 11
H 3 3 1 16
H 3 3 3 8
H 16 10 1 2
V 10 15 2 1
V 11 13 8 6
H 10 7 4 12
H 10 10 1 2
H 2 7 12 8
V 2 11 16 1
V 7 3 2 16
V 0 15 20 1
H 18 13 1 6
V 7 9 6 10
H 7 1 1 18
H 7 7 1 6
H 7 1 1 10
H 3 13 1 2
V 0 11 16 3
H 1 5 4 14
V 1 6 8 5
H 6 0 1 20
V 1 11 12 1
V 0 11 18 1
H 0 8 14 4
V 18 14 2 3
H 13 16 6 2
V 16 14 4 3
H 14 12 3 8
H 12 14 1 2
V 10 15 8 3
H 16 17 2 2
V 17 15 2 1
V 3 4 6 9
H 6 2 2 4
V 0 12 6 8
H 2 16 1 2
H 17 16 1 2
H 0 7 10 10
H 10 9 5 6
V 5 13 14 1
H 11 10 1 10
V 4 14 16 2
V 7 14 2 1
V 4 13 8 6
V 8 18 8 1
H 5 3 4 16
H 5 4 1 4
V 2 6 10 1
H 7 3 2 12
V 6 12 10 1
H 2 6 5 14
H 2 5 6 14
V 6 3 2 1
V 17 16 2 1
V 1 7 6 1
H 8 5 1 2
V 2 6 8 2
H 6 3 1 4
V 4 5 6 1
H 0 18 1 2
V 0 18 16 1
H 15 18 1 2
H 6 4 1 8
V 1 8 12 4
H 7 7 1 2
V 0 8 8 1
H 8 14 1 4
H 2 7 10 8
V 3 10 10 4
H 8 8 5 10
V 6 14 12 4
V 18 15 2 1
V 13 14 6 2
V 1 11 14 1
V 5 11 2 1
V 2 11 8 4
V 2 15 2 1
H 3 5 1 12
H 1 17 1 2
V 6 4 2 16
V 5 4 2 1
V 10 8 2 12
H 10 7 1 2
V 11 9 2 11
V 12 15 2 1
V 12 17 2 1
H 11 8 1 4
V 13 12 2 1
H 12 9 1 10
V 12 11 2 9
H 6 9 7 4
V 13 13 4 5
H 16 13 1 2
V 0 10 2 9
H 0 18 1 2
H 1 8 1 12
V 0 12 2 4
H 0 9 6 8
H 0 12 1 2
V 6 6 2 10
H 6 3 1 12
V 5 13 10 5
H 11 17 1 2
H 10 16 5 4
H 6 13 10 2
V 12 14 6 3
V 6 18 10 1
H 8 11 1 2
V 5 10 2 1
V 0 10 12 2
H 4 5 2 12
H 7 5 2 14
H 7 13 1 4
V 0 16 18 1
V 0 12 12 1
V 6 9 6 1
H 8 5 1 14
H 5 5 4 8
V 1 9 4 1
H 2 8 1 8
V 5 15 2 1
V 10 19 2 1
V 1 11 10 9
H 10 11 1 2
V 0 12 16 1
H 12 18 2 2
V 13 18 2 1
V 14 14 2 1
V 13 12 2 6
H 13 14 1 6
H 4 7 1 4
V 1 9 6 8
V 9 14 8 2
H 10 16 1 2
V 2 11 12 6
H 13 11 1 2
H 6 5 2 6
H 8 9 2 4
V 2 13 6 1
V 5 12 10 2
V 8 14 8 2
H 12 17 1 2
H 0 14 16 4
V 0 11 6 2
H 4 6 1 10
V 6 8 2 11
V 5 8 2 1
H 6 4 1 14
V 7 8 4 5
H 6 6 3 12
H 5 8 1 10
V 0 12 14 1
H 0 10 1 4
V 5 12 2 1
H 5 5 1 14
H 5 5 1 12
H 9 8 2 2
V 0 19 2 1
H 14 14 2 2
V 13 15 4 1
V 3 9 2 7
H 4 7 1 8
V 11 13 4 5
H 8 11 5 6
V 2 12 10 1
H 10 12 4 6
H 6 5 1 12
H 10 12 1 2
V 8 13 6 6
H 12 14 1 6
H 6 10 6 10
H 11 10 1 6
H 8 14 1 4
V 2 14 14 1
H 14 13 1 2
H 5 16 5 4
V 1 14 14 4
V 8 15 8 2
H 1 10 1 10
V 0 13 2 1
H 1 10 1 4
V 9 18 4 1
H 8 11 1 2
V 2 12 8 8
V 1 17 2 1
H 2 9 1 10
H 1 18 10 2
V 2 17 12 2
V 4 8 2 11
H 5 6 1 14
V 0 12 2 5
H 0 12 1 2
H 5 7 3 4
H 5 10 6 2
V 8 11 4 1
V 3 10 4 5
H 5 7 1 6
H 12 17 1 2
V 1 15 6 5
H 1 12 5 8
V 3 9 4 11
H 3 9 1 6
V 2 10 2 1
V 2 12 2 1
H 5 10 3 10
H 10 12 1 4
V 1 14 14 2
V 8 14 6 2
H 13 14 1 4
H 12 16 1 2
V 2 13 4 7
V 6 9 2 11
H 6 7 1 4
H 7 10 1 2
V 6 10 4 1
H 6 11 1 2
V 5 8 2 1
H 6 8 2 4
V 4 9 4 8
V 6 10 4 9
H 8 9 1 2
V 2 11 8 1
V 5 15 8 1
H 12 13 1 4
H 1 17 10 2
V 0 17 12 1
H 11 17 1 2
H 9 13 2 6
V 5 15 10 1
V 1 17 6 2
H 1 13 4 6
H 1 12 1 6
V 10 18 2 1
V 3 14 8 5
H 9 10 1 10
H 6 9 2 6
H 13 15 1 2
V 2 14 12 2
H 3 18 1 2
H 5 18 1 2
H 3 11 1 2
H 3 12 1 2
H 6 12 1 2
H 5 9 2 4
H 5 13 7 2
V 11 14 2 1
H 5 12 1 2
V 7 13 4 6
H 10 17 1 2
V 4 10 4 1
V 4 11 6 7
H 4 10 1 2
H 9 12 1 8
H 9 11 1 6
H 3 15 8 2
H 8 14 1 2
V 6 15 8 1
H 9 12 1 2
V 9 16 2 1
H 8 18 1 2
H 3 15 7 4
H 7 17 1 2
V 7 14 4 4
H 9 14 1 2
H 9 13 2 2
V 10 14 2 1
V 9 13 2 4
V 3 13 2 1
V 4 13 2 7
V 6 10 2 5
H 6 9 1 6
H 4 13 2 6
V 1 14 4 1
V 2 13 4 2
V 3 16 6 2
H 8 13 1 4
H 6 16 3 4
H 3 16 7 2
V 1 16 4 1
H 6 11 1 4
V 1 14 10 1
V 7 17 2 1
H 5 17 1 2
V 3 16 2 1
H 4 14 4 4
V 0 15 8 1
H 7 10 1 10
H 7 10 1 8
V 6 11 2 1
V 6 16 2 1
V 5 14 2 6
H 6 14 2 6
V 2 16 10 1
V 1 15 2 1
V 4 18 2 1
V 6 13 4 2
H 8 12 1 2
V 9 14 2 1
V 3 13 2 5
H 3 14 4 4
H 6 10 1 4
H 4 17 1 2
V 4 12 4 6
H 5 14 1 6
V 2 14 4 3
H 2 14 1 2
H 9 14 1 2
H 3 13 1 2
H 6 12 1 8
H 7 16 1 2
V 2 16 8 1
H 6 10 1 8
V 2 15 6 1
H 3 14 1 2
H 3 15 1 2
V 6 18 2 1
H 6 18 1 2
V 5 18 2 1
V 4 13 2 1
H 6 12 1 2
V 5 13 2 5
H 6 16 1 4
H 6 13 2 6
V 5 15 2 1
V 6 15 4 1
H 7 12 1 6
V 2 15 2 1
V 5 16 4 1
H 6 11 1 6
V 4 13 4 1
H 8 16 1 2
H 6 13 1 6
V 3 15 8 1
V 4 14 2 1
H 5 13 1 2
H 4 15 1 2
V 5 14 4 3
H 7 14 2 2
V 3 15 4 1
H 6 14 1 4
V 5 14 2 2
