V 16 15 2 1
V 10 1 2 1
V 10 7 2 1
V 3 9 2 1
V 6 18 2 1
H 0 0 4 16
H 6 0 1 2
V 1 0 6 1
H 5 0 2 4
V 5 2 12 1
V 6 2 14 1
H 18 2 2 6
V 6 5 14 3
H 14 7 1 2
H 6 5 7 8
H 7 6 5 8
V 10 13 4 1
H 13 13 5 6
H 11 15 1 2
V 10 16 6 3
H 10 14 2 6
V 5 19 10 1
H 12 18 1 2
H 5 14 5 6
H 5 14 5 4
H 14 14 1 4
H 10 15 2 2
V 11 19 2 1
H 10 14 2 6
V 5 19 8 1
H 7 16 1 4
H 6 14 4 6
H 6 14 4 4
V 10 13 2 1
H 11 6 2 8
V 13 13 2 1
V 12 1 2 1
V 12 13 2 1
H 13 13 1 6
V 10 16 6 2
H 10 14 1 6
V 5 19 10 1
H 5 16 5 4
H 5 15 5 4
V 12 4 6 1
H 17 4 1 2
V 5 5 2 1
V 6 5 14 2
H 17 4 1 2
H 10 5 5 8
V 8 12 2 1
H 9 6 2 8
V 9 13 6 1
H 13 13 3 6
H 13 14 2 6
H 6 18 1 2
V 10 19 2 1
V 5 19 12 1
H 7 14 3 6
H 9 15 1 2
H 7 14 3 4
V 18 2 2 1
V 9 2 10 1
V 17 5 2 1
H 18 2 1 6
V 6 5 14 3
H 10 5 2 8
H 10 6 2 8
V 10 13 4 1
H 13 16 1 4
H 13 13 2 6
V 10 16 6 4
H 10 14 2 6
H 14 18 1 2
V 5 19 10 1
H 5 16 5 4
H 5 16 1 2
H 19 16 1 2
H 1 0 2 14
H 3 0 1 2
V 1 0 6 1
H 5 0 2 4
V 5 2 12 1
V 5 2 14 1
H 18 2 2 6
V 6 5 14 1
H 10 5 2 8
H 10 6 2 8
V 10 13 4 1
H 13 13 2 6
H 12 14 3 6
V 6 19 14 1
V 5 5 2 8
V 5 17 2 1
H 6 16 4 4
H 6 15 4 4
V 7 13 2 1
H 6 6 2 8
V 7 13 2 1
H 16 13 1 2
V 5 13 14 1
V 11 13 2 1
V 12 18 6 1
H 13 13 3 6
H 12 14 4 6
H 16 16 1 4
V 6 19 12 1
H 6 16 4 4
H 7 15 3 4
V 4 0 4 1
H 5 0 1 4
V 5 2 12 1
V 6 2 14 1
V 17 7 2 1
H 18 2 2 6
H 8 7 1 2
H 13 7 1 2
V 5 5 14 3
H 12 12 1 2
H 11 5 2 8
V 12 9 6 1
H 11 6 2 8
V 11 13 4 1
H 13 13 3 6
H 12 14 4 6
V 5 19 10 1
H 8 14 2 6
H 8 14 2 4
V 1 0 12 1
H 5 0 1 4
V 5 2 12 1
V 6 2 14 1
H 18 2 2 6
V 5 5 14 1
H 11 5 3 8
V 13 7 2 1
V 13 12 2 1
H 11 6 2 8
V 11 13 4 1
H 13 13 3 6
H 12 14 4 6
V 5 19 14 1
H 6 16 4 4
H 6 16 1 2
V 10 16 10 1
H 12 14 2 6
V 5 19 14 1
H 5 18 1 2
V 12 12 2 1
H 8 11 1 2
H 5 12 8 2
V 10 13 6 1
H 13 13 3 6
H 19 13 1 6
H 12 14 4 6
V 5 19 14 1
H 6 18 4 2
H 6 17 1 2
V 7 16 2 1
V 18 4 2 1
H 19 2 1 6
V 6 5 14 1
H 11 5 2 8
H 9 6 4 8
V 12 13 2 1
H 13 13 3 6
H 12 14 4 6
V 6 19 10 1
H 8 16 2 4
H 8 15 2 4
H 9 15 1 2
V 7 2 6 2
V 6 3 14 1
V 17 5 2 1
H 18 2 2 4
V 6 5 14 1
H 9 12 2 2
H 10 5 3 8
V 12 9 2 1
H 11 6 2 8
V 11 13 4 1
H 13 13 6 6
H 12 14 3 6
H 7 18 1 2
V 6 19 12 1
H 6 18 2 2
H 7 17 1 2
V 5 0 10 1
H 5 0 2 4
H 8 2 1 2
H 7 1 1 2
V 5 2 12 1
V 6 2 14 1
H 18 2 2 6
H 9 6 1 2
V 6 5 14 2
V 12 5 2 1
H 11 5 2 8
H 11 6 2 8
H 13 13 1 2
V 11 13 4 1
H 13 13 6 6
H 12 14 3 6
V 6 19 14 1
H 6 18 2 2
V 2 15 2 1
H 3 0 2 20
H 0 0 5 10
V 4 0 2 1
V 5 2 2 1
H 5 0 1 4
V 5 2 12 1
V 6 2 14 1
H 18 2 2 6
H 19 5 1 2
V 6 5 14 1
H 12 12 1 2
H 11 5 2 8
H 12 9 1 2
V 10 6 2 1
H 11 6 2 8
V 11 13 4 1
H 13 13 6 6
H 12 14 3 6
V 6 19 10 1
H 8 16 2 4
H 8 16 1 2
V 16 4 2 1
H 17 4 3 2
V 6 5 14 1
H 12 5 1 8
H 12 6 1 8
V 12 13 2 1
H 13 13 1 6
H 13 14 1 6
V 6 19 14 1
V 3 0 2 1
H 2 0 2 10
V 0 0 6 1
H 5 0 1 4
V 5 2 12 1
V 6 2 14 1
H 18 2 1 6
V 6 5 14 2
H 11 5 1 8
V 10 6 2 1
V 10 10 2 1
H 11 6 1 8
H 14 13 1 2
V 11 13 4 1
V 12 16 2 1
H 13 13 1 6
H 12 14 2 6
V 9 19 8 1
H 9 17 1 2
H 9 16 1 4
H 9 16 1 2
V 5 6 2 7
H 6 6 2 8
V 5 13 14 1
H 13 13 6 6
H 17 13 1 2
H 12 14 7 6
V 8 4 10 1
V 8 19 10 1
H 8 18 1 2
H 13 15 1 2
H 10 16 9 4
V 9 19 2 1
H 9 18 1 2
H 0 0 1 18
V 0 0 10 1
H 5 0 2 4
V 5 2 12 2
H 9 1 1 2
V 5 2 14 1
H 18 2 2 6
V 6 5 14 1
H 5 5 8 8
H 9 9 1 2
H 8 6 5 8
V 5 13 14 1
H 13 13 6 6
H 12 14 7 6
H 0 0 5 16
H 2 0 1 2
V 0 0 10 1
V 5 2 2 1
H 5 0 1 4
H 9 1 1 2
V 5 2 12 1
V 6 2 14 1
H 18 2 1 6
V 6 5 14 1
H 10 5 2 8
H 12 9 1 2
H 9 6 4 8
V 11 13 4 1
V 13 17 2 1
H 13 13 1 6
H 12 14 4 6
V 8 19 10 1
H 0 0 3 14
V 0 0 8 1
H 5 0 2 4
H 8 1 1 2
V 5 2 12 2
V 5 2 14 2
H 18 2 2 6
V 5 5 14 1
V 12 8 2 1
H 9 5 4 8
H 10 6 2 8
H 14 13 1 2
V 10 13 6 1
H 14 13 5 4
H 12 14 3 6
H 11 18 1 2
V 10 17 10 2
V 5 4 6 1
V 5 10 6 4
H 7 9 1 2
H 5 10 8 4
V 5 13 14 1
H 13 13 5 6
H 14 14 4 6
V 16 16 2 1
H 16 14 1 6
V 14 15 6 3
H 19 14 1 4
H 19 13 1 2
H 3 0 1 20
H 3 0 2 18
V 3 0 4 1
H 5 0 1 4
V 5 2 12 1
V 6 2 14 1
H 18 2 2 6
H 14 5 1 2
V 6 5 14 1
H 10 5 3 8
H 10 6 3 8
V 11 13 4 1
H 12 18 1 2
H 15 18 1 2
V 15 14 2 1
H 15 15 1 2
H 13 13 3 6
H 13 14 1 6
V 9 19 8 1
V 14 15 6 2
H 12 15 6 4
H 10 6 6 4
H 12 6 1 8
V 12 13 4 1
H 14 13 3 6
V 10 16 10 1
H 0 0 5 6
V 4 0 2 1
H 5 0 1 4
V 5 2 12 1
H 13 2 1 2
V 5 2 14 1
H 18 2 2 6
V 6 5 14 1
H 12 12 1 2
H 13 8 1 2
H 10 5 4 8
H 10 6 2 8
V 10 13 4 1
H 13 13 1 6
H 10 15 1 2
H 14 15 1 2
V 10 16 6 4
H 10 14 2 6
V 9 7 8 3
H 12 10 1 2
H 8 7 5 4
H 9 6 3 8
V 5 13 14 1
H 16 13 3 4
H 13 13 1 2
H 18 13 1 2
H 15 14 4 4
V 1 0 12 1
H 0 0 5 4
H 5 0 1 4
V 5 2 12 1
V 6 2 14 1
V 17 5 2 1
H 18 2 2 6
V 6 5 14 1
H 11 5 1 8
H 11 6 1 8
V 9 13 8 1
H 14 13 4 4
H 12 14 1 2
V 12 15 8 1
H 19 14 1 2
V 16 17 2 1
H 6 6 1 6
V 9 11 2 1
H 6 6 4 8
V 5 13 14 1
H 13 13 1 6
H 12 15 1 2
V 10 16 6 2
H 10 14 1 4
V 2 0 4 1
H 5 0 2 4
H 10 1 1 2
V 5 2 12 1
V 6 2 14 1
H 18 2 2 6
V 5 5 14 1
H 11 5 2 8
H 11 6 2 8
V 10 13 8 1
H 15 18 1 2
H 14 13 3 6
H 15 14 1 6
V 2 10 2 1
H 1 0 2 20
V 2 8 2 1
H 1 0 2 10
V 0 0 2 1
V 0 16 2 1
V 1 0 6 1
H 5 0 2 4
V 5 2 12 1
H 19 2 1 2
V 6 2 14 1
H 18 2 1 6
V 6 5 14 1
H 11 5 2 8
H 11 6 2 8
V 7 13 10 1
H 15 13 3 4
H 15 13 2 6
V 10 17 2 1
V 12 19 2 1
V 6 10 12 2
H 5 10 4 4
H 9 12 1 2
V 5 13 12 1
H 13 13 1 6
V 10 16 4 1
H 11 14 1 4
H 14 18 1 2
V 4 0 6 1
H 5 0 2 4
V 5 2 12 1
V 5 2 14 1
V 17 5 2 1
H 18 2 1 6
V 5 5 14 1
H 11 5 1 8
H 10 6 2 8
H 13 13 1 2
V 11 13 4 1
V 14 14 2 1
H 13 13 2 6
V 10 16 8 1
V 1 7 2 1
H 2 0 1 20
V 4 0 2 1
H 2 0 3 8
V 1 0 6 1
H 3 0 1 2
H 5 0 2 4
V 5 2 12 1
H 7 2 1 2
V 6 2 14 1
H 18 2 1 6
V 5 5 14 1
H 11 5 1 8
H 11 6 1 8
H 15 13 1 2
H 12 12 1 2
V 10 13 8 1
H 13 13 4 4
V 13 13 6 3
H 3 0 2 20
V 2 0 2 1
V 4 0 2 1
H 1 0 1 18
H 3 0 2 18
V 3 0 4 1
H 5 0 1 4
V 5 2 12 1
H 19 2 1 2
V 6 2 14 1
H 18 2 2 6
V 5 5 14 1
H 11 5 1 8
V 10 2 2 2
V 10 7 2 1
H 11 6 1 8
H 14 13 1 2
V 9 13 10 1
H 15 13 2 4
H 13 14 4 4
V 5 11 12 2
H 5 11 1 2
H 5 12 8 2
V 8 13 6 1
H 13 13 1 6
H 14 16 1 2
V 11 16 6 1
H 17 4 2 2
H 7 5 2 2
H 15 5 1 2
V 5 5 14 1
H 7 5 4 8
H 9 6 2 8
H 12 12 1 2
V 6 13 10 1
H 13 13 3 4
H 13 14 3 4
V 6 2 14 2
H 18 2 1 4
V 5 5 14 1
H 13 8 1 2
V 5 5 12 4
V 16 5 2 1
H 5 5 2 8
V 6 9 2 1
H 5 6 2 8
H 3 0 1 14
V 2 0 4 1
H 5 0 1 4
V 5 2 12 2
V 6 2 14 1
V 15 5 4 1
H 18 2 1 6
V 6 5 14 3
H 11 5 1 8
H 11 6 1 8
V 10 13 4 1
H 13 13 6 2
V 11 17 4 1
H 13 13 1 6
V 11 16 4 2
V 1 0 8 1
H 5 0 1 4
V 5 2 12 1
H 19 2 1 2
V 6 2 14 1
H 18 2 2 6
V 6 5 14 1
V 12 5 2 1
H 11 5 1 8
H 11 6 1 8
V 14 11 2 1
V 14 13 2 1
V 11 13 4 1
H 13 13 1 6
V 11 16 4 1
H 11 15 1 2
H 3 0 2 20
V 2 4 2 1
H 3 0 1 12
V 2 0 4 1
H 5 0 2 4
V 5 2 12 1
V 5 2 14 1
H 18 2 2 6
V 13 5 2 1
V 8 5 12 1
H 12 5 3 8
V 11 8 2 1
V 11 16 2 1
H 12 6 1 8
V 7 13 12 1
H 18 13 1 2
H 2 0 1 20
V 1 12 2 1
V 2 7 2 1
H 2 0 1 16
V 0 0 6 1
H 5 0 2 4
V 5 2 12 1
V 5 2 14 1
V 17 6 2 1
H 18 2 2 6
V 6 5 14 1
H 12 8 1 2
H 11 5 3 8
H 11 6 2 8
V 13 13 2 1
V 10 13 4 1
H 13 13 1 4
H 13 13 1 6
V 12 18 2 1
V 16 14 2 1
V 6 13 12 1
V 6 13 2 1
V 17 4 2 1
V 17 6 2 1
H 18 3 2 8
H 19 4 1 2
V 6 5 14 1
H 11 5 3 8
H 12 9 1 2
H 11 6 2 8
V 9 13 6 1
V 12 13 2 1
H 13 13 2 4
H 13 14 2 4
V 5 4 14 1
H 17 4 1 8
V 6 8 12 2
V 5 7 12 4
H 5 5 1 8
H 2 0 1 20
V 1 0 6 1
H 5 0 2 4
V 5 2 12 2
V 6 2 14 2
H 18 2 2 6
V 6 5 14 1
V 10 10 2 1
H 11 5 4 8
V 12 9 2 1
H 11 6 2 8
V 9 13 6 1
H 13 14 1 2
H 13 13 2 4
V 13 13 4 3
H 7 12 1 2
V 5 8 8 3
H 5 6 1 6
H 3 0 2 20
H 0 0 5 4
V 4 0 2 1
H 5 0 1 4
V 5 2 12 2
V 5 2 14 1
H 18 2 2 6
V 5 5 14 1
V 5 5 10 4
H 6 10 1 2
H 6 5 2 6
H 6 5 2 8
V 3 1 2 1
H 4 0 1 6
V 4 0 2 1
H 5 0 1 4
V 5 2 12 1
V 6 2 14 1
H 18 2 1 6
V 7 5 12 1
H 12 5 1 8
H 12 6 1 8
V 9 13 8 1
H 16 13 1 2
H 1 0 4 20
H 1 0 3 8
V 1 0 8 1
H 5 0 2 4
V 5 2 12 1
H 7 1 1 2
V 6 1 14 1
V 6 2 14 1
H 18 2 1 6
V 11 4 2 1
V 11 5 2 1
V 5 5 14 1
V 10 9 2 1
H 11 5 1 8
H 11 6 2 8
V 10 13 4 1
H 13 13 1 2
H 13 13 1 4
V 12 14 2 1
V 12 16 2 1
H 14 14 1 2
H 8 8 2 6
H 7 11 1 2
V 5 7 2 1
H 9 9 1 4
V 8 8 2 1
V 5 5 8 6
H 7 1 4 2
V 8 2 4 2
V 5 2 14 1
V 17 3 2 1
H 18 2 1 6
V 7 5 12 3
H 12 5 1 8
H 12 6 1 8
V 9 13 8 1
H 1 0 4 20
H 0 0 5 2
H 5 0 1 2
V 4 0 2 1
H 5 0 2 4
V 5 2 12 1
V 5 2 14 1
V 15 3 4 1
H 18 2 1 6
V 8 5 12 1
H 12 5 1 8
H 12 6 1 8
V 10 13 6 1
H 15 13 1 2
V 9 13 2 1
V 10 13 6 1
V 9 13 6 1
V 1 0 8 1
V 6 0 2 1
H 5 0 2 4
V 5 2 12 1
H 6 1 1 2
V 6 2 14 2
H 18 2 1 6
V 12 6 2 1
V 6 5 14 3
H 13 8 1 2
H 11 5 3 8
H 11 6 1 8
V 10 13 6 1
H 14 13 1 2
V 0 0 20 1
H 6 0 1 4
V 6 2 10 2
V 5 2 14 1
H 18 2 2 6
V 6 5 14 1
V 8 5 6 7
H 7 5 3 6
H 8 5 2 8
H 0 0 3 12
V 0 0 8 1
H 5 0 1 4
V 5 2 12 1
V 5 2 14 1
H 18 2 2 10
V 6 6 14 2
V 11 6 8 1
H 11 5 1 8
V 7 6 8 6
H 0 0 3 6
V 0 0 6 1
H 5 0 2 4
V 5 2 12 1
H 19 2 1 2
V 6 2 14 1
H 18 2 2 8
V 6 6 14 2
H 11 6 1 8
V 6 10 10 1
H 1 0 4 20
H 1 1 1 2
H 1 0 3 4
V 3 0 4 1
H 5 0 2 4
V 5 2 12 1
V 6 2 14 1
H 18 2 2 6
V 8 5 12 1
H 18 4 1 2
H 11 5 2 8
H 11 6 2 8
H 9 9 1 4
V 10 13 6 1
V 9 12 2 1
H 11 10 2 4
H 11 12 1 2
H 13 13 1 2
V 11 13 4 1
H 13 13 1 2
H 8 9 1 2
H 12 6 1 6
H 13 8 1 2
V 5 6 2 1
V 6 5 12 4
V 0 0 10 1
H 5 0 1 4
V 5 2 12 1
H 19 2 1 2
V 6 2 14 1
H 18 11 1 2
H 19 6 1 2
V 17 7 2 1
H 18 2 2 10
V 12 7 2 1
V 6 5 14 3
V 5 5 12 3
V 16 7 2 1
H 4 0 1 18
V 4 0 2 1
H 5 0 1 4
V 5 2 12 1
V 6 2 14 1
H 18 2 2 6
H 18 6 1 6
H 16 6 1 2
V 6 5 14 2
H 11 5 1 8
H 16 5 2 8
H 12 9 1 2
V 10 7 2 1
H 11 6 2 8
H 4 0 1 10
V 4 0 2 1
H 5 0 1 4
V 5 2 12 1
V 6 2 14 1
H 9 10 1 2
V 8 5 6 5
H 10 6 2 6
V 8 5 2 1
H 9 5 2 6
V 5 5 8 2
V 6 7 14 1
H 13 7 1 6
V 6 6 8 2
V 7 4 4 1
V 6 4 2 1
V 5 4 14 1
H 17 4 2 2
H 13 5 1 2
H 15 5 1 2
V 6 5 12 1
H 11 5 1 8
V 8 9 6 1
H 0 0 2 20
H 0 0 2 14
V 0 0 10 1
H 5 0 2 4
V 5 2 12 1
V 5 2 14 1
V 17 4 2 1
H 18 2 1 8
V 7 7 2 1
V 8 5 12 3
H 12 8 1 2
H 12 5 1 8
V 9 10 6 1
V 5 5 2 1
V 11 11 2 1
V 16 9 2 1
H 2 0 1 2
V 2 0 18 1
H 5 0 2 4
H 9 2 1 2
V 5 2 12 1
H 16 2 1 2
V 5 2 14 1
H 12 10 1 2
V 9 6 8 3
H 12 5 2 4
V 6 5 2 1
V 7 5 10 2
V 8 5 6 3
H 12 5 1 6
V 8 5 12 1
H 17 4 3 2
V 5 4 14 1
V 5 4 10 1
H 3 0 2 10
V 2 0 4 1
H 5 0 1 4
V 5 2 12 1
V 6 2 14 1
H 18 2 1 6
V 8 5 12 1
H 12 5 1 6
V 9 8 6 1
H 3 0 2 20
H 0 0 5 2
V 4 0 2 1
H 0 0 3 4
H 5 0 2 4
H 10 2 1 2
V 5 2 12 1
V 6 2 14 1
H 18 2 2 10
V 8 5 12 3
V 8 6 8 2
V 11 6 4 3
H 13 6 2 6
V 1 0 6 1
V 6 0 2 1
H 5 0 2 4
V 5 2 12 1
V 6 2 14 1
H 18 2 2 6
H 11 6 1 2
H 18 6 1 2
V 12 5 8 2
H 12 5 3 6
H 14 5 1 8
V 0 0 10 1
H 5 0 1 4
V 5 2 12 1
V 6 2 14 1
H 18 2 2 8
V 10 6 10 1
H 13 5 3 6
V 11 8 4 2
H 12 9 1 2
H 19 9 1 2
H 0 0 2 20
V 1 16 2 1
H 0 0 2 18
V 4 0 8 1
V 1 0 8 1
H 5 0 2 4
V 5 2 12 1
V 6 2 14 1
H 18 2 2 6
V 8 5 12 1
V 7 5 10 1
H 13 5 1 6
H 0 0 1 10
V 0 0 10 1
H 5 0 2 4
V 16 2 2 1
H 8 2 1 2
V 5 2 12 1
V 6 2 14 1
H 18 2 2 4
V 7 4 12 1
V 7 4 10 1
V 0 0 20 1
H 6 0 1 4
V 5 2 10 1
V 5 2 14 1
H 18 4 1 2
H 18 2 2 6
V 12 5 8 3
V 14 10 2 1
H 14 5 1 6
H 16 5 1 6
V 13 7 2 1
V 11 5 6 4
V 2 0 8 1
H 5 0 2 4
V 5 2 12 1
V 6 2 14 1
H 18 2 1 6
H 17 4 1 2
V 13 5 6 3
V 15 8 2 1
H 15 5 1 6
H 15 5 2 8
H 14 9 1 2
H 10 5 10 2
V 9 5 10 1
H 0 0 1 12
H 4 0 1 6
V 0 0 10 1
V 6 2 2 1
H 5 0 2 4
V 5 2 12 1
H 16 2 1 2
V 5 2 14 1
H 18 2 2 8
V 10 5 10 2
H 14 6 1 4
V 10 5 6 2
H 3 0 2 20
V 2 8 2 1
H 3 0 2 18
V 4 0 2 1
H 5 0 2 4
V 5 2 12 1
V 5 2 14 1
H 18 2 2 4
V 8 4 12 1
V 8 4 8 1
H 15 7 2 4
V 15 5 2 5
H 16 6 1 6
H 19 11 1 2
V 3 0 14 1
H 5 0 1 4
H 9 1 1 2
V 5 2 12 1
V 6 2 14 1
H 18 2 2 4
V 17 4 2 3
H 17 4 1 8
H 17 5 1 8
H 0 0 1 10
H 2 0 1 2
V 0 0 10 1
H 5 0 1 4
V 5 2 12 1
V 6 2 14 1
V 17 4 2 1
H 18 2 2 6
V 11 5 8 1
H 13 5 4 4
H 14 5 1 2
H 14 6 1 4
H 0 0 1 20
H 15 8 1 2
V 16 10 2 1
H 17 10 1 2
V 12 6 2 1
H 0 0 3 2
V 0 0 10 1
H 5 0 1 4
V 5 2 14 1
V 6 2 14 1
H 19 2 1 8
H 18 2 2 10
H 4 0 1 20
V 4 0 2 1
H 5 0 1 4
V 5 2 12 1
V 6 2 14 1
H 18 2 2 4
V 10 4 10 1
V 10 4 6 1
H 4 9 1 2
H 17 9 1 2
H 1 0 1 10
V 1 0 8 1
H 5 0 2 2
H 5 0 1 4
V 5 3 12 1
V 5 3 14 1
H 18 2 2 8
H 15 6 1 2
H 19 6 1 2
H 16 7 1 2
V 14 7 6 1
V 14 7 2 1
H 0 0 2 6
V 1 0 8 1
H 5 0 2 4
V 5 2 14 1
V 6 2 14 2
H 18 2 2 8
H 19 3 1 8
V 18 4 2 1
H 2 0 1 20
V 1 10 2 1
H 2 0 1 14
H 5 0 1 2
V 2 0 6 1
H 5 0 1 4
V 5 2 12 2
V 6 2 14 1
V 17 3 2 1
H 18 2 2 6
V 12 5 8 1
V 12 5 4 1
H 17 6 1 4
V 17 7 2 1
H 18 7 1 4
H 16 7 2 2
H 0 0 5 8
V 4 0 2 1
H 5 0 2 2
H 5 0 2 4
V 5 3 12 1
V 5 2 14 2
H 18 5 1 2
V 16 4 4 1
H 18 2 1 8
V 14 5 2 1
V 15 5 4 3
V 15 6 2 2
H 0 0 3 20
H 1 0 3 14
V 0 0 6 1
H 5 0 2 4
H 7 1 1 2
V 5 2 12 1
V 6 2 14 1
H 18 3 1 2
H 18 2 2 4
V 12 4 8 1
V 12 4 4 1
H 19 3 1 6
V 2 18 2 1
H 3 0 2 20
V 3 0 4 1
H 6 1 1 2
H 5 0 2 2
V 5 3 2 1
H 5 0 1 4
V 5 2 12 2
H 18 3 1 2
V 5 3 14 1
H 5 2 1 2
H 18 3 1 6
V 16 5 4 2
V 15 6 2 1
H 19 4 1 2
H 18 3 2 2
H 18 2 2 6
H 2 0 2 16
V 1 0 6 1
H 5 0 2 4
V 10 2 2 1
V 5 2 12 1
H 5 1 1 2
H 12 2 1 2
V 5 2 14 1
H 18 2 1 6
V 15 5 4 1
V 15 5 2 1
H 3 0 2 8
V 3 0 4 1
H 5 0 2 4
V 5 2 12 1
V 6 2 14 1
H 18 2 1 4
V 15 4 4 1
V 15 4 2 1
H 0 0 4 20
H 1 0 3 18
V 2 0 4 1
H 5 0 1 4
V 5 2 12 1
V 5 2 14 1
V 18 5 2 1
H 18 2 1 4
H 18 2 1 6
H 0 0 2 8
V 0 0 8 1
H 6 1 1 2
H 5 0 2 2
H 5 0 1 4
H 10 2 1 2
V 5 3 12 1
V 6 2 14 2
H 18 2 2 4
V 16 2 4 2
V 16 5 4 1
H 19 4 1 2
V 17 5 2 1
H 18 3 2 2
V 16 4 4 1
H 18 3 2 2
H 1 0 1 20
H 0 0 2 2
V 0 0 8 1
H 5 0 2 4
V 5 2 14 1
V 6 2 14 1
V 0 0 8 1
H 5 0 2 2
V 5 1 14 1
H 9 1 1 2
V 6 1 14 1
H 2 0 1 4
V 1 0 6 1
H 5 0 2 2
H 5 0 2 4
V 5 2 12 2
V 6 3 12 1
H 1 0 4 20
H 4 0 1 10
V 4 0 2 1
H 5 0 1 4
H 7 1 1 2
V 5 2 12 1
V 5 2 14 1
V 10 1 2 1
H 10 1 1 2
V 5 1 14 1
H 1 0 1 6
V 1 0 16 1
V 1 0 18 1
V 0 15 2 1
H 1 0 4 20
H 1 0 3 2
V 1 0 8 1
H 5 0 2 2
H 5 0 1 4
V 5 2 10 2
H 10 1 1 2
V 5 3 12 1
H 10 2 1 2
V 9 2 6 2
H 4 0 1 6
V 4 0 2 1
H 5 0 1 2
V 5 0 2 1
V 5 1 10 1
V 5 1 12 1
V 12 2 2 2
H 7 1 1 2
V 7 0 10 1
H 2 14 1 2
V 10 1 4 1
V 6 1 2 1
V 5 1 4 3
V 5 2 8 1
V 13 0 2 1
V 1 0 12 1
V 6 0 6 1
H 5 0 2 2
H 5 0 1 4
V 5 1 6 3
V 6 2 6 2
V 1 6 4 1
H 0 0 3 20
V 1 5 4 1
H 0 0 2 6
V 0 0 10 1
H 5 0 2 2
H 8 1 1 2
V 5 1 6 1
V 5 1 8 1
H 1 0 3 4
V 0 0 8 1
V 1 0 12 1
H 0 0 3 6
H 6 0 1 2
V 0 0 10 1
H 5 0 2 4
H 7 2 1 2
V 5 1 4 2
H 0 0 3 12
V 2 0 4 1
V 0 0 8 1
H 5 0 2 2
V 5 1 4 1
V 6 1 4 1
V 8 0 2 1
V 0 0 8 1
H 6 0 1 4
V 6 2 2 1
H 0 0 5 2
V 7 0 2 1
V 0 0 8 1
V 1 0 8 1
V 5 1 2 1
H 0 0 5 2
V 0 0 6 1
V 1 0 6 1
H 0 0 4 10
V 2 0 4 1
V 0 1 4 2
V 1 0 4 4
H 3 0 1 8
V 3 0 2 1
V 3 9 2 4
H 1 2 4 4
H 0 1 4 16
V 0 0 2 1
V 1 0 2 20
H 2 0 1 2
V 0 1 2 13
H 1 0 1 2
V 0 3 4 4
H 0 2 4 4
V 3 8 2 1
V 1 6 2 1
V 2 3 2 10
H 1 2 1 2
H 0 1 3 4
H 4 4 1 2
V 0 4 2 8
H 0 0 1 16
V 0 15 4 4
V 1 15 2 1
V 1 18 2 1
H 2 2 1 18
H 0 2 3 12
V 0 4 4 5
H 2 3 1 8
V 0 3 2 1
H 0 1 1 16
V 3 5 2 1
V 2 10 2 2
H 0 2 1 14
V 1 10 2 1
H 0 5 4 10
H 2 6 3 12
H 2 5 1 2
H 2 6 2 14
H 2 7 3 12
H 4 7 1 4
H 1 14 1 2
H 0 5 2 6
V 3 8 2 9
H 0 5 1 4
V 1 11 4 2
H 0 9 5 4
V 3 12 2 4
V 2 14 2 1
V 2 16 2 1
H 3 8 1 10
V 2 10 2 5
H 3 9 1 2
V 0 12 2 2
H 0 6 1 12
V 1 8 2 9
H 0 7 2 12
V 0 18 4 1
H 2 8 1 12
H 2 8 1 6
V 1 12 2 1
V 0 11 4 3
V 3 15 2 1
H 2 10 1 2
H 2 10 2 6
V 1 11 2 1
H 0 12 5 8
H 2 11 1 2
H 0 11 5 4
H 4 12 1 2
H 0 11 1 8
H 0 8 1 4
V 1 11 2 1
V 1 17 2 1
V 0 9 2 11
V 2 13 2 1
V 1 13 4 1
H 3 12 1 2
V 0 13 4 3
H 0 9 1 8
H 1 10 1 10
H 1 10 1 2
H 1 12 1 8
V 0 11 2 2
H 1 11 1 2
H 4 17 1 2
H 4 14 1 4
H 3 15 2 2
H 0 11 1 6
H 2 13 1 2
V 0 14 4 1
H 2 13 1 2
H 0 12 1 2
V 0 13 2 3
V 0 15 4 1
H 0 12 1 8
H 0 13 1 2
H 4 17 1 2
H 1 16 2 4
H 1 14 1 2
H 2 18 1 2
H 0 15 3 4
V 0 15 2 1
H 0 15 1 2
V 1 18 2 2
V 1 18 4 1
V 2 18 2 1
V 0 17 2 1
H 0 16 1 4
H 2 18 1 2
V 0 19 4 1
V 2 19 2 1
V 3 19 2 1
V 0 17 2 1
H 0 17 1 2
H 0 18 1 2
