H 19 18 1 2
V 3 9 2 1
V 9 5 2 1
H 11 10 1 2
V 10 0 2 1
V 8 12 2 1
V 18 7 2 11
H 17 11 3 4
H 16 8 4 12
H 8 4 1 2
H 11 5 1 2
V 0 5 18 1
V 12 4 8 1
H 16 1 1 16
H 16 1 1 8
V 17 11 2 1
V 16 7 4 11
V 16 8 2 1
V 16 14 2 1
H 17 8 2 12
V 0 15 8 1
V 1 15 2 5
V 0 17 2 1
H 1 8 1 12
H 6 8 1 4
V 7 8 2 1
H 2 9 1 2
V 1 8 14 2
V 12 8 4 1
H 14 9 1 2
H 8 4 5 8
V 2 5 16 1
H 16 3 1 14
H 16 6 1 2
V 16 7 2 7
V 17 8 2 1
V 16 8 4 6
H 19 7 1 12
H 8 14 1 2
V 0 12 16 3
V 0 12 4 1
V 0 9 2 1
H 0 8 1 8
H 10 7 1 2
V 0 8 16 4
V 11 7 2 1
H 8 4 4 8
V 4 4 16 2
V 16 10 2 1
H 16 4 1 10
H 16 0 1 20
V 16 19 2 1
V 4 2 14 2
H 10 1 1 2
H 12 0 2 12
H 0 8 1 2
H 18 8 1 2
H 10 7 1 2
V 0 8 16 1
V 0 8 8 1
H 0 8 1 8
V 0 12 14 2
V 0 12 16 1
H 15 17 1 2
H 8 12 8 6
V 12 18 2 1
H 13 12 3 8
H 14 12 1 8
H 6 13 1 2
V 0 14 16 1
H 12 13 1 2
V 1 12 10 3
H 1 8 1 12
V 1 8 14 1
H 8 4 4 8
H 12 4 1 2
V 1 4 16 1
V 15 2 2 1
H 16 2 1 6
H 16 0 1 20
V 16 17 2 2
V 16 17 4 1
H 16 17 2 2
V 17 17 2 1
V 10 15 2 1
V 11 12 4 8
H 10 14 5 6
V 15 0 4 4
H 16 0 1 18
V 16 5 2 1
V 16 16 2 1
V 15 1 2 1
H 16 0 1 20
V 5 10 6 1
H 10 4 1 8
H 1 4 1 2
H 6 4 1 2
H 8 4 1 2
H 18 3 1 2
V 7 4 12 1
V 15 5 2 1
H 16 0 1 10
H 16 1 1 18
V 16 18 2 1
H 14 0 1 4
V 9 0 6 3
H 8 0 1 2
H 6 1 9 2
H 12 0 1 12
V 0 8 16 1
V 7 9 2 1
V 0 8 8 2
H 0 8 2 8
V 0 12 14 3
V 0 12 16 1
H 12 13 1 6
H 4 12 1 2
H 12 12 4 6
H 14 13 2 6
V 12 12 4 6
H 13 18 1 2
V 1 3 16 1
H 1 2 1 2
H 12 2 1 2
H 16 1 4 6
H 16 1 1 18
V 16 7 2 9
V 16 9 4 7
H 16 0 1 18
H 16 7 1 2
H 16 0 1 8
H 14 0 1 2
V 0 0 20 1
H 5 0 1 2
H 12 0 1 2
V 0 0 12 1
V 0 5 10 2
H 11 5 1 2
V 1 2 2 1
V 1 6 2 1
H 2 4 11 4
H 18 3 1 2
V 0 4 20 2
H 16 2 1 8
H 16 0 1 18
V 16 6 2 1
V 16 13 2 1
V 16 17 2 1
V 12 9 2 2
H 10 10 1 2
V 1 8 12 3
H 8 4 2 8
H 15 3 1 2
V 1 4 16 2
H 16 3 1 10
H 16 1 1 18
V 12 5 2 1
V 7 4 6 4
V 10 6 2 1
V 7 8 2 1
H 8 4 3 8
V 0 8 16 4
H 0 8 2 8
H 1 11 1 2
V 0 12 12 2
V 0 12 16 3
V 11 17 2 1
H 12 12 3 6
H 10 13 5 6
V 1 8 2 1
V 1 15 2 5
H 1 8 1 12
V 0 11 14 1
V 0 13 6 1
V 1 9 2 1
V 1 14 2 1
V 1 16 2 1
H 0 8 2 8
V 1 8 14 2
V 11 8 2 1
H 8 4 4 8
V 1 4 16 1
H 16 3 1 14
H 19 13 1 2
H 17 8 1 2
V 16 9 4 5
H 17 7 2 10
V 1 9 2 1
V 2 9 14 1
H 8 4 1 8
V 3 5 16 1
H 16 5 1 4
H 16 0 1 18
V 16 11 2 1
V 16 16 2 1
H 16 7 1 2
H 16 0 1 8
V 2 0 18 1
V 1 0 12 1
V 0 8 8 4
H 3 8 1 2
H 19 8 1 2
V 0 9 16 2
H 12 0 1 12
H 13 4 1 2
V 15 2 2 1
V 15 5 2 1
V 12 0 8 5
V 16 7 2 1
H 17 4 1 2
H 16 1 1 8
V 16 4 2 1
H 16 0 1 18
V 6 4 4 4
H 8 5 1 6
V 0 8 16 3
H 0 8 1 8
V 0 12 8 1
V 0 12 16 1
H 10 12 4 6
H 12 12 1 8
V 6 0 10 1
H 6 0 10 4
V 12 7 2 1
H 12 0 1 12
V 0 8 16 2
V 6 9 2 1
V 1 8 6 3
H 1 8 1 12
V 0 14 12 1
V 0 13 16 2
H 15 13 1 4
V 16 1 2 1
H 8 2 1 2
V 5 1 12 2
V 11 8 2 1
H 12 0 1 12
V 0 8 16 1
H 7 8 1 2
V 0 8 8 1
H 0 8 2 8
V 0 12 10 2
V 0 12 16 3
V 13 15 2 1
H 13 12 1 6
H 13 13 1 6
H 10 12 1 8
H 15 14 1 2
V 0 14 16 1
H 1 14 1 2
H 14 14 1 2
V 0 12 4 3
H 0 8 1 8
V 0 10 8 1
V 0 8 16 3
V 11 9 2 1
H 12 0 1 12
V 11 5 2 1
V 15 1 2 1
V 15 4 2 1
H 12 1 4 6
H 7 1 1 2
V 0 1 20 1
V 0 1 4 3
V 11 0 2 4
H 12 1 1 2
H 12 0 1 12
V 0 8 16 2
V 0 8 6 3
H 1 8 1 12
V 4 14 2 1
V 0 12 10 3
V 0 14 16 1
H 13 12 2 6
H 9 14 1 2
H 13 14 1 2
H 12 0 3 12
V 11 4 6 2
H 16 4 1 12
V 16 9 4 3
H 16 7 3 8
V 10 9 6 3
V 13 11 2 1
H 12 0 2 12
H 12 0 1 10
V 2 0 18 2
V 2 0 2 1
V 1 8 14 4
H 9 9 1 2
H 8 4 2 6
H 6 4 1 4
V 2 4 16 2
V 7 0 12 1
V 16 12 2 1
V 16 14 2 1
H 16 0 1 16
V 17 12 2 1
H 16 6 1 2
V 16 7 2 8
V 16 9 4 5
V 0 9 16 2
H 2 10 1 2
V 0 9 14 2
H 0 10 2 4
V 0 12 8 3
V 0 12 16 2
V 12 15 2 1
H 10 17 1 2
H 10 12 3 6
H 12 13 1 6
V 11 9 2 1
H 12 2 1 10
V 0 8 16 4
V 0 8 8 2
H 0 8 2 8
V 0 12 6 2
V 0 12 16 3
H 8 12 1 6
H 11 12 1 6
H 11 12 1 8
V 0 12 16 1
H 0 8 2 8
V 0 8 8 2
V 0 8 16 3
H 12 0 1 12
V 1 2 18 1
V 1 1 4 3
H 1 1 1 2
V 1 2 8 2
H 1 2 1 2
H 13 2 1 2
H 13 15 1 2
V 3 0 16 1
V 3 0 10 1
H 8 17 1 2
H 9 13 1 4
H 8 16 1 4
V 8 15 6 1
V 8 12 4 6
V 9 12 4 6
H 3 16 1 2
V 0 17 8 2
V 1 10 2 1
V 1 16 2 4
H 1 12 1 8
V 0 13 12 2
V 0 14 16 1
H 11 17 1 2
V 0 16 2 1
H 1 8 1 12
H 0 8 2 8
H 11 7 2 2
V 0 8 14 1
H 8 4 3 8
V 4 4 16 1
H 16 2 1 6
H 16 0 1 16
V 0 12 16 1
V 5 12 2 1
V 0 12 6 1
H 0 8 2 8
V 3 9 2 1
V 0 8 8 4
V 0 15 8 1
V 0 8 16 2
H 12 0 1 10
H 15 3 1 2
V 0 3 20 1
V 0 3 4 1
V 3 1 6 2
V 11 12 4 3
H 10 12 2 6
V 4 0 16 1
V 4 0 4 3
H 0 8 1 8
V 7 9 2 1
V 0 8 8 4
V 7 11 2 1
V 0 11 16 1
V 11 2 2 1
V 12 10 2 1
H 12 0 1 12
H 15 4 1 2
H 12 2 4 6
V 2 2 18 1
V 2 2 2 1
V 2 15 2 1
H 16 4 1 10
V 3 4 16 1
H 8 4 1 8
V 0 8 14 3
V 1 14 2 1
H 0 8 2 8
V 0 12 16 1
H 6 12 1 2
H 8 12 2 6
H 8 12 2 8
H 2 16 1 2
H 2 18 1 2
V 0 17 8 2
V 1 15 2 5
V 0 15 2 1
H 1 8 1 12
H 0 8 2 8
V 1 8 14 2
H 8 4 3 8
V 2 4 16 1
V 15 1 2 1
V 15 3 2 1
V 15 5 2 1
V 16 10 2 1
H 16 0 1 14
V 16 7 2 6
V 16 9 4 3
V 13 13 2 1
V 17 10 2 1
H 8 4 7 6
V 4 4 14 1
V 15 5 4 1
H 16 0 1 10
V 16 9 4 1
H 16 8 3 4
V 14 12 2 1
V 4 7 12 1
H 8 7 6 2
V 0 8 14 2
V 0 19 2 1
H 1 8 1 12
H 0 12 1 2
V 5 13 2 1
V 0 13 6 2
V 0 13 12 2
V 7 12 2 1
H 8 12 3 6
H 9 14 1 2
V 6 5 8 1
H 8 4 1 6
V 1 8 14 1
V 1 10 2 1
H 1 8 1 10
V 0 12 8 3
V 0 16 8 3
V 0 13 14 1
H 3 13 1 2
H 11 12 2 4
V 0 7 16 1
V 9 7 2 1
H 8 7 2 2
V 6 9 2 1
V 0 8 14 2
V 1 11 2 1
H 1 8 1 8
V 1 12 14 1
V 7 14 2 1
H 8 12 1 6
V 7 14 6 1
H 8 12 1 8
V 1 11 2 1
H 1 8 1 8
V 0 8 6 1
H 13 7 1 2
V 0 8 16 1
H 12 0 1 10
V 2 3 18 1
V 2 3 2 1
V 0 12 10 1
H 3 12 1 2
H 0 8 2 8
H 2 8 1 2
V 0 8 8 1
V 0 8 16 1
H 13 8 1 2
H 12 0 1 12
V 6 2 14 2
H 19 0 1 4
H 1 13 1 2
V 0 11 2 1
H 1 8 1 12
V 1 18 2 1
V 0 10 6 1
V 0 10 16 2
V 11 2 2 1
V 11 13 2 1
V 12 9 2 1
H 12 0 1 12
H 12 0 3 6
H 11 1 1 2
H 15 0 1 2
V 14 2 2 1
V 4 1 16 1
V 5 1 2 1
V 13 1 2 1
V 13 12 2 1
H 13 12 1 2
H 9 15 1 2
V 8 12 4 4
H 8 13 3 4
H 13 0 1 8
V 13 2 2 1
V 9 0 10 2
H 9 12 1 6
H 9 12 1 4
V 5 12 10 1
V 4 5 12 3
H 12 0 1 10
V 6 0 12 1
V 0 16 8 3
V 1 15 2 4
H 1 12 1 6
H 10 12 1 4
V 1 12 10 3
V 1 12 12 3
V 3 9 2 2
V 2 9 2 1
V 2 16 2 1
V 0 10 16 1
H 12 0 1 12
H 12 3 8 2
V 3 3 16 1
V 3 3 2 1
V 0 10 6 2
V 0 11 16 1
H 12 0 1 12
V 12 2 8 4
V 11 5 2 1
H 2 5 1 2
H 12 5 1 2
H 16 5 1 2
V 15 4 2 1
H 16 1 1 12
H 14 9 1 2
V 0 9 16 1
H 4 10 1 2
V 1 9 6 2
H 0 8 2 8
V 1 17 2 1
H 1 8 1 12
H 1 14 1 2
V 1 15 4 5
V 0 8 8 1
V 0 19 8 1
V 0 8 16 2
H 12 0 3 12
H 17 1 1 4
V 4 2 16 2
V 12 12 2 1
H 15 2 1 2
V 4 3 12 1
V 18 8 2 1
V 17 8 2 1
H 14 6 1 2
V 0 8 2 8
H 1 12 9 2
V 1 12 2 1
H 1 8 1 12
V 0 19 4 1
V 6 18 2 1
V 0 16 2 1
V 1 15 6 5
V 7 0 8 1
H 12 0 1 4
V 6 2 14 1
H 0 8 2 8
V 0 8 16 4
H 8 4 2 8
V 4 4 16 1
H 16 0 1 12
V 16 10 2 1
V 0 19 6 1
V 1 8 2 1
H 1 8 1 12
H 1 8 1 10
H 5 8 1 2
V 0 8 6 1
V 0 8 16 1
H 12 3 1 4
H 8 7 1 2
H 12 0 1 12
H 8 1 1 2
H 14 2 1 2
V 5 2 14 1
V 0 16 8 2
V 4 19 2 1
V 2 16 6 1
V 1 16 4 4
H 1 8 1 12
V 1 8 6 4
V 0 10 16 2
H 12 0 1 12
V 12 3 8 3
H 16 0 1 12
V 6 2 4 2
H 4 12 1 2
V 4 12 8 1
H 11 12 1 2
V 0 14 10 1
H 9 14 1 2
H 8 6 1 2
H 8 4 4 6
H 10 5 1 2
V 8 4 12 2
H 16 3 1 6
V 16 7 4 1
H 18 7 1 2
H 5 4 1 2
V 4 4 16 1
H 12 3 6 2
V 5 3 14 1
V 2 5 10 1
H 8 4 1 6
H 15 9 1 2
V 0 8 16 2
V 1 14 2 1
H 0 8 2 8
V 0 12 12 1
H 5 12 1 2
H 8 12 1 2
V 1 12 12 1
H 16 0 1 2
V 0 19 2 1
H 1 8 1 12
V 1 17 2 1
H 1 8 1 10
V 1 8 14 2
V 8 5 2 1
H 8 4 1 8
V 2 4 18 1
H 17 1 1 6
H 12 0 4 8
H 14 1 1 2
V 14 2 4 1
V 17 3 2 4
H 18 3 1 2
V 12 0 4 3
H 15 0 1 2
V 16 3 2 1
V 16 7 2 2
H 10 5 2 4
V 2 5 18 1
H 18 5 2 2
V 1 9 2 1
V 0 8 4 4
H 0 9 2 6
V 4 14 2 1
V 0 12 10 3
H 4 12 1 2
V 1 13 10 1
H 5 17 1 2
V 12 5 2 7
H 12 2 4 6
H 15 1 1 2
V 7 2 10 1
V 0 13 8 1
H 1 10 1 8
V 0 17 6 1
H 1 16 4 4
V 2 4 2 4
V 1 4 18 2
H 12 0 1 8
V 9 0 6 1
V 16 5 4 1
H 18 4 1 2
H 1 15 4 4
H 1 16 3 4
H 16 2 1 6
H 14 5 1 2
H 12 2 5 4
H 15 6 1 2
H 14 1 2 6
H 16 5 1 2
V 10 5 10 1
H 2 13 1 2
H 8 13 1 2
V 0 8 2 4
V 0 14 2 1
H 1 8 1 12
V 3 16 2 1
V 1 16 6 1
H 1 15 4 4
H 1 8 1 6
V 0 12 8 2
V 1 12 10 1
V 0 4 10 2
H 17 4 1 2
V 0 4 18 1
H 1 4 1 2
H 14 0 1 8
H 1 12 1 6
H 0 8 2 8
H 15 8 1 2
V 0 8 16 1
V 0 15 4 1
H 0 8 1 8
V 0 11 8 1
V 0 11 16 1
H 12 0 2 12
V 11 4 2 1
H 12 0 2 6
V 8 2 8 1
H 10 5 1 2
H 17 5 1 2
V 7 6 8 2
V 7 8 2 1
H 8 7 7 4
V 1 9 14 3
V 0 4 2 1
V 0 12 2 1
H 1 8 1 12
V 1 6 2 2
V 1 14 2 1
V 0 15 4 1
H 1 12 1 6
V 0 12 8 2
V 0 15 8 1
H 1 8 1 10
V 13 2 2 3
V 13 8 2 1
V 0 8 14 3
H 8 5 2 6
V 3 5 16 1
H 16 4 1 4
V 16 7 2 1
H 11 0 2 4
H 13 0 1 8
V 13 1 2 4
H 14 1 1 4
V 1 16 2 4
H 1 18 2 2
V 0 19 2 1
V 8 3 6 1
V 9 5 4 1
H 12 3 3 4
V 9 4 8 2
H 16 4 1 4
V 0 8 8 4
H 0 11 2 2
V 0 8 2 1
H 1 8 1 12
H 2 18 1 2
V 0 18 4 1
V 8 3 2 1
V 0 8 16 4
V 0 8 6 3
H 0 8 1 6
V 0 12 8 2
V 0 12 10 1
V 1 10 2 1
V 1 19 2 1
V 5 5 10 3
V 8 6 2 1
H 8 4 1 8
V 1 11 14 1
H 1 8 1 12
V 1 16 2 3
V 1 15 4 3
H 2 16 2 2
V 1 16 4 1
H 1 13 6 2
V 6 13 2 1
H 12 3 3 4
V 12 5 6 1
V 11 1 2 1
V 5 14 2 1
V 12 1 2 1
V 12 8 2 2
H 12 0 1 12
V 9 3 6 1
H 14 3 1 2
H 12 7 1 2
H 7 4 8 4
V 1 4 16 1
H 16 5 1 2
V 12 7 2 1
V 13 7 2 5
V 13 10 2 1
H 12 2 2 10
H 12 1 2 10
V 10 3 2 1
H 11 2 3 2
H 12 2 1 10
V 0 8 16 1
H 0 8 1 2
V 0 8 8 1
H 0 8 2 8
V 7 12 2 1
V 1 9 2 1
V 1 11 2 1
V 1 15 2 3
V 0 12 8 1
H 6 12 1 2
H 1 11 1 2
V 1 12 8 1
V 9 7 2 1
H 1 4 9 4
V 10 3 4 1
V 10 3 2 1
H 1 15 2 2
V 1 15 4 1
V 11 5 2 7
H 12 1 1 8
V 4 14 2 1
V 10 8 6 2
H 12 2 1 10
H 2 4 1 2
H 11 4 1 2
V 10 4 6 1
V 0 9 2 4
H 1 10 1 4
H 1 9 1 10
H 3 15 1 2
V 7 4 2 4
V 1 5 16 1
V 0 5 2 1
V 0 17 2 1
V 0 8 16 4
H 12 2 2 10
H 13 2 1 2
H 1 8 1 10
V 2 12 2 1
V 2 15 2 1
V 1 9 2 1
V 8 4 6 8
H 13 3 1 2
H 0 14 2 2
V 0 14 4 1
H 1 14 1 2
H 1 11 1 2
V 1 12 4 3
V 0 6 14 2
H 0 6 13 2
H 1 5 1 2
V 13 9 2 2
V 12 4 2 8
H 12 2 1 8
V 2 4 12 4
V 10 5 6 2
V 0 9 16 2
V 1 6 2 1
V 1 8 2 4
H 0 8 2 4
H 1 8 1 10
V 0 16 2 1
V 5 12 2 1
H 2 6 1 2
V 0 7 4 1
H 4 4 10 2
V 2 5 10 2
V 0 8 6 4
V 2 11 2 1
H 0 8 1 8
V 2 6 10 1
H 10 7 1 2
V 3 6 12 2
V 3 4 2 1
V 13 5 2 1
H 4 4 10 4
V 0 8 16 2
V 9 10 2 1
H 10 4 3 8
H 12 3 1 4
H 1 9 1 2
V 5 9 2 1
V 0 8 6 2
H 1 8 1 8
V 1 7 2 1
V 1 12 2 2
H 1 11 1 2
V 0 12 6 1
H 1 15 1 2
V 6 6 2 1
V 2 6 10 1
H 8 4 1 8
H 1 10 1 2
H 2 8 1 2
H 15 8 1 2
V 1 9 14 2
V 1 9 2 1
H 1 8 1 8
V 0 13 4 2
H 0 12 1 2
V 3 5 4 3
H 12 4 1 4
V 10 5 4 1
H 10 6 5 6
V 6 11 10 1
H 8 6 1 2
V 4 4 8 3
V 4 4 6 3
V 14 10 2 1
H 0 10 2 4
V 1 13 2 1
V 0 8 2 6
V 0 12 4 1
V 5 4 2 4
V 6 6 2 1
H 5 4 6 4
V 7 7 2 1
V 2 7 12 1
V 11 5 2 1
H 12 5 1 4
H 8 5 2 6
V 4 8 12 1
H 13 6 1 2
V 0 9 8 3
V 1 10 14 2
H 14 10 1 2
V 1 9 2 1
H 0 9 2 4
V 11 6 2 3
H 12 6 1 2
V 13 8 2 2
V 6 9 6 1
H 11 7 1 4
H 13 7 1 4
H 11 6 1 4
V 9 8 6 1
V 1 9 8 3
V 5 5 6 1
H 1 10 1 4
V 3 7 2 1
H 9 5 1 2
V 4 6 8 2
V 4 6 4 2
H 10 4 1 4
H 2 8 10 4
H 12 7 1 4
H 9 8 1 2
V 6 9 10 1
H 8 6 1 2
V 2 8 12 3
H 0 10 1 2
H 13 10 1 2
V 7 7 2 1
V 8 7 4 5
V 8 4 2 1
H 8 4 1 6
V 5 5 6 1
H 6 4 1 2
V 10 6 2 1
V 8 8 6 1
V 0 9 2 1
H 1 9 9 2
H 1 9 1 4
H 8 4 1 4
V 7 5 2 1
H 6 6 5 2
V 5 7 2 1
H 9 6 1 2
V 11 8 2 2
H 8 7 4 4
H 8 6 1 2
V 9 7 2 1
V 9 11 2 1
V 6 7 4 1
H 8 4 1 6
H 11 10 1 2
V 3 8 10 3
V 0 9 4 2
H 1 10 1 2
H 1 8 1 2
H 12 8 1 2
V 9 7 2 1
V 3 9 10 1
V 4 9 4 1
V 8 9 2 1
V 7 8 2 4
H 8 5 1 6
H 1 9 1 2
H 6 9 1 2
V 6 8 6 2
H 11 9 1 2
V 0 9 12 1
V 0 9 4 1
V 9 8 2 3
H 10 9 1 2
V 2 8 8 1
V 2 8 2 1
V 7 10 2 1
V 8 8 2 3
H 4 8 6 4
V 3 8 8 1
H 9 7 1 2
H 5 8 2 4
V 2 9 10 1
H 3 8 6 2
H 10 8 1 2
V 7 11 2 1
V 7 9 4 1
V 2 9 8 1
V 2 9 2 1
H 6 8 2 4
V 7 10 2 1
V 3 8 6 2
H 3 8 1 2
V 3 9 4 1
H 5 8 2 4
V 4 10 2 1
V 5 9 2 2
V 5 10 4 1
H 5 8 3 2
V 6 9 4 1
H 6 8 1 2
H 5 9 1 2
V 3 9 6 1
V 3 9 2 1
V 5 9 2 1
H 5 8 1 2
V 6 9 2 2
H 6 10 1 2
H 7 8 1 2
V 6 10 2 1
