H 2 12 1 2
H 16 11 1 2
V 8 2 2 1
V 0 17 2 1
V 14 2 2 1
H 5 2 1 2
V 2 2 2 1
V 2 3 2 5
V 8 8 6 4
V 8 9 2 4
H 8 8 1 6
V 7 16 2 1
H 8 8 1 12
V 5 19 4 1
V 5 19 2 1
H 5 12 1 8
H 5 11 1 8
H 18 11 1 8
V 4 11 2 1
H 3 11 2 6
H 3 11 2 8
V 1 18 4 2
V 0 19 2 1
V 0 18 4 2
H 0 8 1 12
V 0 9 2 7
H 0 9 2 6
V 4 1 8 5
V 4 5 10 1
V 12 9 2 1
H 13 4 1 14
V 6 12 8 1
V 6 12 6 1
H 6 12 3 6
H 6 12 2 8
V 5 19 2 1
H 5 12 1 8
H 5 11 1 8
V 4 11 2 1
H 3 11 2 6
H 3 11 2 8
V 1 18 4 2
V 0 18 4 2
H 0 8 1 12
H 0 8 1 8
H 17 1 1 10
V 12 1 8 4
V 12 4 2 1
H 13 0 1 20
H 15 0 2 20
V 12 0 2 1
V 12 14 2 1
V 6 12 8 1
V 6 12 6 1
H 6 11 1 6
H 6 12 1 8
V 5 19 2 1
H 5 12 1 8
H 5 11 1 8
V 4 11 2 1
H 3 11 2 6
H 3 11 2 8
V 1 18 4 2
V 0 18 4 2
H 0 9 1 10
V 0 13 2 3
H 0 9 1 2
H 0 10 2 6
H 16 1 1 14
H 5 1 1 2
H 13 1 1 2
V 13 0 2 1
V 13 3 2 1
V 11 2 6 3
H 13 0 1 20
H 12 11 1 2
V 6 12 8 1
V 6 12 6 1
H 6 11 1 6
H 6 12 1 8
V 5 19 2 1
H 5 12 1 8
H 5 11 1 8
V 4 11 2 1
H 3 11 2 6
H 3 11 2 8
H 2 17 1 2
V 1 18 4 2
V 0 18 4 2
H 0 9 1 10
H 0 9 1 8
V 9 1 4 7
V 10 7 4 1
H 13 5 1 10
V 6 12 8 1
V 6 12 6 1
H 6 11 1 6
H 6 12 1 8
V 5 19 2 1
H 5 12 1 8
H 5 11 1 8
V 4 11 2 1
H 3 11 2 6
H 3 12 2 8
V 1 18 4 2
H 2 8 1 12
H 2 8 1 8
H 13 5 1 2
V 8 5 6 1
V 12 8 2 1
H 13 2 1 14
H 12 11 1 2
V 6 1 8 4
V 6 12 8 1
V 6 12 6 1
H 6 11 1 6
V 6 13 2 1
H 6 12 1 8
V 5 19 2 1
H 5 12 1 8
H 5 11 1 8
V 4 11 2 1
H 3 11 2 6
V 2 19 2 1
H 3 12 2 8
V 1 18 4 2
V 0 18 4 2
H 0 10 1 10
V 0 11 2 4
H 0 11 2 4
H 13 0 1 16
V 6 12 8 1
V 6 12 6 1
H 6 11 1 6
V 6 13 2 1
H 6 12 1 8
V 5 19 2 1
H 5 12 1 8
H 5 11 1 8
V 4 11 2 1
H 3 11 2 6
H 3 12 2 8
V 1 18 4 2
V 0 18 4 2
H 0 10 1 10
H 0 10 1 6
V 4 2 12 3
H 13 0 1 16
V 6 12 8 1
V 6 12 6 1
H 6 11 1 6
H 6 12 1 8
V 5 19 2 1
H 5 12 1 8
H 5 11 1 8
V 4 11 2 1
H 3 11 2 6
H 3 12 2 8
V 1 18 4 2
H 2 9 1 10
H 2 9 1 8
V 4 1 8 5
V 4 3 10 3
H 13 1 1 14
V 13 3 2 2
V 6 12 8 1
H 7 12 1 2
V 6 12 6 1
H 6 11 1 6
H 6 12 1 8
V 5 19 2 1
H 5 12 1 8
H 5 11 1 8
V 4 11 2 1
H 3 11 2 6
H 3 11 2 8
V 1 18 4 2
V 0 18 4 2
H 0 11 1 8
V 0 13 2 2
H 1 12 1 4
H 17 2 2 2
V 0 3 20 1
H 13 2 1 18
V 6 12 8 1
V 6 12 6 1
H 6 11 1 6
H 6 12 1 8
V 5 19 2 1
H 5 12 1 8
H 5 11 1 8
V 4 11 2 1
H 3 11 2 6
H 3 11 2 8
V 1 18 4 2
V 0 18 4 2
H 0 11 1 8
H 3 11 2 8
H 0 11 1 6
V 1 18 4 2
V 0 18 4 2
V 0 13 2 1
V 0 17 2 1
H 0 12 1 8
H 0 12 1 4
V 6 3 2 1
H 5 2 2 6
H 3 2 1 2
H 6 2 1 2
V 0 3 14 2
V 6 4 2 1
H 13 2 1 16
H 6 11 1 2
V 6 12 8 1
V 6 12 6 1
H 6 11 1 6
H 6 12 1 8
V 5 19 2 1
H 5 12 1 8
H 5 11 1 8
V 4 11 2 1
H 3 11 2 6
H 3 11 2 8
V 1 18 4 2
H 2 10 1 10
H 2 10 1 6
H 17 1 3 14
V 10 1 10 4
H 13 0 1 20
V 6 12 8 1
V 6 12 6 1
H 6 11 1 6
H 6 12 1 8
V 5 19 2 1
H 5 12 1 8
H 5 11 1 8
V 4 11 2 1
H 3 11 2 6
H 3 11 2 8
V 0 19 4 1
V 1 18 4 2
V 0 18 4 1
H 0 14 1 6
H 0 13 1 4
V 0 13 2 1
H 15 2 2 6
V 11 2 6 1
H 13 0 1 20
V 6 12 8 1
V 6 12 6 1
H 6 11 1 6
H 6 12 1 8
V 5 19 2 1
H 5 12 1 8
H 5 11 1 8
V 4 11 2 1
H 3 11 2 6
H 3 11 2 8
V 1 18 4 2
H 2 11 1 8
H 2 11 1 6
H 17 0 1 2
V 8 0 12 1
H 13 0 2 4
H 13 0 1 20
V 6 12 8 1
V 6 12 6 1
H 6 11 1 6
H 6 12 1 8
V 5 19 2 1
H 5 12 1 8
H 5 11 1 8
V 4 11 2 1
H 3 11 2 6
H 3 11 2 8
V 1 18 4 2
V 0 18 4 2
H 0 16 1 2
H 0 14 1 6
V 0 14 2 2
V 0 18 2 1
H 1 14 1 2
H 12 18 1 2
V 12 17 2 2
H 13 8 1 10
V 6 12 8 1
V 6 12 6 1
H 6 11 1 6
H 6 12 1 8
V 5 19 2 1
H 5 12 1 8
H 5 11 1 8
V 4 11 2 1
H 3 11 2 6
H 3 11 2 8
V 1 18 4 2
H 2 12 1 8
H 2 12 1 4
V 9 6 4 2
V 10 2 4 5
H 13 4 1 12
V 6 12 8 1
V 6 12 6 1
H 6 11 1 6
H 6 12 1 8
V 5 19 2 1
H 5 12 1 8
H 5 11 1 8
V 4 11 2 1
H 3 11 2 6
H 3 11 2 8
V 1 18 4 2
V 0 18 4 2
H 0 14 1 6
H 0 14 1 2
V 12 2 2 3
H 13 0 1 16
H 9 11 1 2
V 6 12 8 1
V 6 12 6 1
H 6 11 1 6
H 6 12 1 8
V 5 19 2 1
H 5 12 1 8
H 5 11 1 8
V 4 11 2 1
H 3 11 2 6
H 3 11 2 8
V 1 18 4 2
H 2 13 1 6
H 2 13 1 4
V 8 1 12 2
H 3 1 17 2
H 13 0 1 20
H 9 12 1 2
H 11 9 1 4
V 6 12 8 1
V 6 12 6 1
H 6 11 1 6
H 6 12 1 8
V 5 2 2 1
V 5 19 2 1
H 5 12 1 8
H 5 11 1 8
V 4 11 2 1
H 3 11 2 6
H 3 11 2 8
V 1 18 4 2
V 0 18 4 2
H 0 15 1 4
H 0 15 1 2
H 14 2 3 6
V 13 0 2 5
H 13 0 1 20
V 6 12 8 1
H 11 12 1 2
V 6 12 6 1
H 6 11 1 6
H 6 12 1 8
V 5 19 2 1
H 5 12 1 8
H 5 11 1 8
V 4 11 2 1
H 3 11 2 6
H 3 11 2 8
V 1 18 4 2
V 0 18 4 2
H 0 16 2 4
V 0 17 2 3
H 1 16 1 4
V 8 8 6 2
V 8 8 4 5
H 8 8 1 10
V 7 18 2 1
H 8 8 1 12
V 6 19 2 1
V 5 19 4 1
V 5 19 2 1
H 5 12 1 8
H 5 11 1 8
V 4 11 2 1
H 3 11 2 8
H 3 12 2 8
V 1 18 4 2
V 0 18 4 2
H 14 0 1 16
V 13 2 2 3
H 13 0 1 20
V 6 12 8 1
V 6 12 6 1
H 6 11 1 6
H 6 12 1 8
H 5 18 1 2
V 5 19 2 1
H 5 12 1 8
H 5 11 1 8
V 4 11 2 1
H 3 11 2 6
H 3 12 2 8
V 1 18 4 2
H 2 15 1 4
H 2 15 1 2
V 15 9 2 1
H 16 2 1 18
V 12 0 2 1
V 12 9 2 1
V 16 5 2 1
V 13 0 6 4
V 18 1 2 1
H 13 0 1 20
H 10 12 1 2
V 6 12 8 1
V 6 12 6 1
H 6 11 1 6
H 6 12 1 8
V 5 19 2 1
H 5 12 1 8
H 5 11 1 8
V 4 11 2 1
H 3 11 2 6
H 3 11 2 8
H 2 17 1 2
V 1 18 4 1
V 0 18 4 1
H 0 17 1 2
H 1 18 4 2
V 0 18 4 1
V 10 17 2 3
V 10 18 4 2
H 13 6 1 14
V 6 12 8 1
V 6 12 6 1
H 6 12 1 6
V 5 19 4 1
H 6 12 1 8
V 5 19 2 1
H 5 12 1 8
H 5 11 1 8
V 4 11 2 1
V 3 3 2 1
V 3 11 2 9
H 3 11 2 4
H 3 8 1 12
V 1 18 4 2
V 1 4 2 1
H 16 4 1 2
V 2 4 16 1
H 13 2 1 16
V 6 12 8 1
V 6 12 6 1
H 6 11 1 6
H 6 12 1 8
V 5 19 2 1
H 5 12 1 8
H 5 11 1 8
V 4 11 2 1
H 5 11 1 2
V 3 16 2 1
H 4 11 1 6
V 4 11 2 1
H 3 11 2 8
V 1 18 4 1
H 2 16 1 4
V 0 3 4 5
H 3 3 1 2
H 3 1 1 6
H 2 4 1 2
V 0 3 20 2
V 13 4 2 1
H 13 0 1 18
V 6 12 8 1
V 6 12 6 1
H 6 12 1 6
H 6 12 1 8
V 5 19 2 1
H 5 12 1 8
H 5 11 1 8
V 4 11 2 1
V 3 11 2 6
H 3 11 2 2
H 3 8 1 12
V 1 18 4 1
H 1 17 1 2
H 14 0 1 20
V 13 2 2 2
V 12 19 2 1
H 13 2 1 18
V 6 2 8 3
V 6 12 8 1
V 6 12 6 1
H 6 11 1 6
H 6 12 1 8
V 5 19 2 1
H 5 12 1 8
H 5 11 1 8
H 4 11 1 2
V 4 11 2 1
V 3 11 2 9
H 3 11 2 2
H 3 8 1 12
V 1 18 4 1
H 13 0 1 20
V 6 12 8 1
V 6 12 6 1
H 6 11 1 6
H 6 12 1 8
V 5 19 2 1
H 5 12 1 8
H 5 11 1 8
V 4 11 2 1
V 3 11 2 9
H 3 11 2 4
H 3 8 1 12
H 14 0 3 16
V 13 1 2 4
H 13 9 1 2
H 13 0 1 20
V 6 12 8 1
V 6 12 6 1
H 6 11 1 6
H 6 12 1 8
V 5 19 2 1
H 5 12 1 8
H 5 11 1 8
V 4 11 2 1
V 3 11 2 8
H 3 8 1 6
V 3 8 4 3
V 4 8 4 3
V 12 3 4 2
H 13 0 1 16
V 6 12 8 1
V 6 12 6 1
H 6 11 1 6
H 6 12 1 8
V 5 19 2 1
H 5 12 1 8
H 5 11 1 8
H 4 11 1 2
V 4 11 2 1
V 3 11 2 8
V 4 11 2 1
H 3 11 2 4
H 3 9 1 10
V 2 18 2 1
H 2 17 1 2
V 11 1 2 1
V 12 1 2 7
V 12 6 2 1
H 13 1 1 18
V 13 4 2 1
V 6 12 8 1
V 6 12 6 1
H 6 11 1 6
H 6 12 1 8
V 5 19 2 1
H 5 12 1 8
H 5 11 1 8
V 4 11 2 1
V 3 11 2 8
H 3 11 2 4
H 3 9 1 10
V 2 18 2 1
V 10 17 2 2
V 9 18 2 1
V 10 17 4 3
H 13 8 1 10
V 6 12 8 1
V 6 12 6 1
H 6 11 1 6
H 6 12 1 8
V 5 19 2 1
H 5 12 1 8
H 5 11 1 8
V 4 11 2 1
V 3 11 2 7
H 3 11 2 4
V 3 14 2 1
H 3 9 1 10
H 6 2 2 6
H 9 1 1 2
H 3 4 1 2
H 16 4 1 2
V 6 2 14 3
V 12 2 2 1
V 12 15 2 1
H 13 0 1 16
V 6 12 8 1
V 6 12 6 1
H 6 11 1 6
H 6 12 1 8
V 5 19 2 1
H 5 12 1 8
H 5 11 1 8
V 4 11 2 1
H 4 11 1 8
H 4 11 1 2
H 4 12 1 8
H 8 8 1 12
V 5 19 4 1
V 5 19 2 1
H 5 12 1 8
H 5 11 1 8
V 4 11 2 1
H 3 10 1 2
V 3 11 2 2
H 3 8 1 4
V 3 8 4 3
V 4 9 4 2
V 10 13 4 4
H 10 11 4 6
V 6 12 8 1
H 6 11 2 6
H 6 12 3 8
V 5 19 4 1
H 5 12 1 8
H 5 11 1 8
V 4 11 2 1
V 3 11 2 2
H 3 11 2 2
H 3 8 1 10
H 9 3 1 2
V 4 3 16 1
H 13 2 1 18
V 6 12 8 1
V 6 12 6 1
H 6 11 2 6
H 6 12 1 8
V 5 19 2 1
H 5 12 1 8
H 5 11 1 8
V 4 11 2 1
H 3 11 2 6
H 4 11 1 8
V 0 0 6 1
V 0 1 6 2
H 5 2 1 2
H 12 2 1 2
V 0 1 20 2
V 13 1 2 1
H 13 0 1 20
V 6 12 8 1
V 6 12 6 1
H 6 11 2 6
V 6 16 2 1
H 6 12 1 8
V 5 19 2 1
H 5 12 1 8
H 5 11 1 8
V 4 11 2 1
V 3 8 2 1
V 3 11 2 6
H 3 8 1 6
V 3 8 2 3
V 3 8 4 3
V 6 12 8 1
H 6 11 2 6
H 6 12 2 8
V 5 19 4 1
H 5 12 1 8
H 5 11 1 8
V 4 11 2 1
V 3 11 2 6
H 3 11 2 2
V 4 11 2 1
H 3 9 1 8
V 13 0 6 4
H 13 0 1 18
V 6 12 8 1
V 6 12 6 1
H 6 11 1 6
H 6 12 2 8
V 5 19 2 1
H 5 12 1 8
H 5 11 1 8
V 4 11 2 1
V 3 11 2 5
H 3 8 1 4
V 3 8 2 3
V 3 9 4 2
V 8 2 12 2
H 13 2 1 18
V 6 12 8 1
V 6 12 6 1
H 6 11 2 6
H 6 12 1 8
V 5 19 2 1
H 5 12 1 8
H 5 11 1 8
V 4 11 2 1
H 4 11 1 6
H 4 12 1 6
V 13 0 2 4
H 13 0 1 20
H 10 11 1 2
V 6 12 8 1
V 6 12 6 1
H 6 11 2 6
H 6 12 1 8
V 5 19 2 1
H 5 12 1 8
H 5 11 1 8
V 4 11 2 1
V 3 11 2 5
H 3 10 1 2
V 3 10 4 1
V 4 10 4 1
H 9 12 5 2
V 6 12 8 1
H 6 11 2 6
H 6 12 2 8
V 5 19 2 1
H 5 12 1 8
H 5 11 1 8
V 4 11 2 1
H 4 15 1 2
V 3 11 2 5
H 3 8 1 8
V 8 1 6 2
V 12 10 2 1
H 13 0 1 20
V 6 12 8 1
V 6 12 6 1
H 6 11 2 6
H 6 12 2 8
V 5 19 2 1
H 5 12 1 8
H 5 11 1 8
V 4 11 2 1
H 4 12 1 2
V 3 11 2 3
H 3 8 1 6
V 3 8 2 1
V 6 0 14 1
H 13 0 1 4
H 13 0 1 20
H 19 0 1 20
V 6 12 8 1
V 6 12 6 1
H 6 11 1 6
H 6 12 1 8
V 5 19 2 1
H 5 12 1 8
H 5 11 1 8
V 4 11 2 1
H 3 11 2 4
H 4 11 1 6
V 15 4 2 1
V 16 2 2 1
H 16 0 1 20
H 5 2 1 6
H 14 2 3 6
H 17 2 3 6
V 11 1 6 4
H 13 0 1 20
V 6 12 8 1
V 6 12 6 1
H 6 11 1 6
H 6 12 1 8
V 5 19 2 1
H 5 12 1 8
H 5 11 1 8
V 4 5 2 1
V 4 7 2 1
V 4 11 2 1
V 3 11 2 4
H 3 9 1 4
V 3 9 2 2
V 4 9 2 1
H 14 0 1 4
V 8 2 12 1
H 13 0 1 20
V 6 12 8 1
V 6 12 6 1
H 6 11 1 6
H 6 12 1 8
V 5 19 2 1
H 5 12 1 8
H 5 11 1 8
V 4 11 2 1
V 3 11 2 1
H 3 10 1 2
V 3 9 2 2
V 3 10 4 1
V 5 19 4 1
V 5 19 2 1
H 5 12 1 8
H 5 11 1 8
V 4 11 2 1
V 3 11 2 3
H 3 8 1 6
H 8 9 1 8
H 8 8 1 12
V 5 19 4 1
V 5 19 2 1
H 5 12 1 8
H 5 11 1 8
V 4 11 2 1
H 3 10 1 2
V 3 11 2 3
H 3 9 1 4
V 3 9 2 1
V 16 2 2 1
V 16 5 2 2
H 16 0 1 10
V 13 2 6 2
V 12 6 2 1
H 13 0 1 20
V 6 12 8 1
V 6 12 6 1
H 6 11 1 6
H 6 12 1 8
V 5 19 2 1
H 5 12 1 8
H 5 11 1 8
V 4 11 2 1
H 4 11 1 4
H 4 12 1 4
V 0 3 6 2
V 0 3 20 1
H 13 2 1 18
V 6 12 8 1
V 6 12 6 1
H 6 11 1 6
H 6 12 1 8
V 5 19 2 1
H 5 12 1 8
H 6 12 2 8
H 5 11 1 8
V 4 11 2 1
V 3 11 2 3
H 3 10 1 2
V 3 10 2 1
V 4 10 2 1
V 5 19 4 1
H 5 12 1 8
H 5 11 1 8
V 4 11 2 1
V 3 11 2 3
H 3 10 1 2
V 3 10 2 1
V 6 12 6 1
H 6 11 2 6
H 6 12 1 8
V 5 19 2 1
H 5 12 1 8
H 5 11 1 8
V 4 11 2 1
V 3 11 2 3
H 3 10 1 4
V 7 15 2 1
H 6 14 2 6
V 5 19 4 1
H 5 12 1 8
H 5 11 1 8
V 4 11 2 1
H 3 11 2 2
H 4 12 1 2
H 15 0 2 20
H 16 0 1 8
V 12 2 6 1
H 13 0 1 20
V 6 12 8 1
V 6 12 6 1
H 6 11 2 6
H 6 12 2 8
V 5 19 2 1
H 5 12 1 8
H 5 11 1 8
V 4 11 2 1
V 3 11 2 2
H 3 9 1 4
V 13 1 2 1
V 13 4 2 1
V 10 4 4 4
H 13 7 1 2
V 12 15 2 1
H 13 1 1 16
V 6 12 8 1
V 6 12 6 1
H 6 12 2 6
H 6 12 2 8
V 5 19 2 1
H 5 12 1 8
H 5 11 1 8
V 4 11 2 1
V 3 11 2 2
H 3 10 1 2
H 15 2 2 14
V 14 8 2 1
V 14 12 2 1
V 14 14 2 1
V 12 1 4 3
V 12 10 2 1
V 12 16 2 1
H 13 0 1 20
H 12 12 1 2
V 6 12 8 1
H 12 11 1 2
V 6 12 6 1
H 6 11 2 6
H 6 12 2 8
V 5 19 2 1
H 5 12 1 8
H 5 11 1 8
V 4 11 2 1
V 3 11 2 2
H 3 11 1 2
V 7 14 2 1
H 8 8 1 10
V 7 14 2 1
H 8 8 1 12
V 5 19 4 1
V 5 19 2 1
H 5 12 1 8
H 5 11 1 8
V 4 11 2 1
V 3 11 2 1
H 9 9 4 8
V 6 12 8 1
H 6 12 3 6
H 6 12 2 8
V 5 19 2 1
H 5 12 1 8
H 5 11 1 8
V 4 11 2 1
V 9 1 6 2
H 17 0 1 2
H 4 1 14 2
V 12 3 2 1
H 13 0 1 20
V 6 12 8 1
V 6 12 6 1
H 6 12 3 6
H 7 15 1 2
H 6 12 2 8
V 5 19 2 1
H 5 12 1 8
H 5 11 1 8
H 13 12 1 2
V 6 12 8 1
H 6 12 3 6
H 6 12 2 8
V 5 19 4 1
H 5 12 1 8
H 5 12 1 6
H 13 6 1 14
V 6 12 8 1
V 6 12 6 1
H 6 12 3 6
H 6 12 2 8
V 5 19 2 1
H 5 14 1 6
H 5 13 1 6
V 16 0 2 1
H 17 0 3 20
V 15 1 2 1
V 12 1 8 3
H 13 1 1 18
V 6 12 8 1
V 6 12 6 1
H 6 12 3 6
H 6 12 2 8
V 5 19 2 1
H 5 14 1 6
H 5 14 1 4
V 0 0 20 1
H 13 3 1 2
V 13 1 2 1
H 13 0 1 4
H 13 0 1 20
H 12 12 1 2
V 6 12 8 1
H 6 12 1 2
V 6 12 6 1
H 6 12 3 6
V 5 19 2 1
H 6 12 2 8
V 5 19 2 1
H 5 16 1 4
H 5 15 1 4
V 8 8 4 1
H 8 8 1 10
H 8 8 1 12
V 5 19 4 1
V 5 19 2 1
V 12 17 2 2
H 13 8 1 10
V 6 12 8 1
H 7 11 1 2
V 6 12 6 1
H 6 12 3 6
H 6 12 1 8
H 5 16 1 4
V 5 19 2 1
H 5 17 1 2
H 5 16 1 4
V 8 9 2 4
H 8 9 1 6
H 8 8 1 12
V 5 19 4 1
V 5 19 2 1
H 5 18 1 2
V 9 1 6 2
H 13 0 1 20
V 6 12 8 1
V 6 12 6 1
H 6 12 3 6
H 6 12 1 8
V 5 19 2 1
V 1 1 4 2
H 16 1 1 2
H 6 2 1 4
V 0 2 20 1
V 12 12 2 1
H 13 0 1 20
H 17 0 3 20
V 6 12 8 1
V 6 12 6 1
H 6 12 3 6
H 6 12 1 8
V 6 18 2 1
H 19 0 1 12
V 8 2 12 1
H 13 0 1 20
V 6 12 8 1
V 6 12 4 1
H 7 12 2 6
V 6 12 2 1
H 7 12 2 8
V 6 11 2 7
H 7 15 2 4
V 9 17 2 1
V 9 19 2 1
H 18 2 2 14
H 18 0 1 6
V 8 2 12 1
H 13 0 1 20
V 6 12 8 1
V 6 12 4 1
H 6 11 2 4
H 7 12 2 6
H 6 12 3 4
V 6 12 6 1
V 6 12 8 1
V 12 10 2 1
H 13 6 1 14
V 11 17 2 1
V 10 17 4 3
V 10 19 2 1
V 0 0 20 1
V 0 0 12 1
H 11 18 1 2
V 0 1 2 1
V 12 18 2 1
V 13 4 2 1
H 13 2 1 18
V 12 19 2 1
V 9 1 6 1
H 2 1 1 2
H 7 1 10 2
H 13 0 1 20
V 6 12 8 1
V 6 0 6 1
V 6 12 6 1
H 6 12 1 2
V 15 0 2 1
V 3 0 16 1
H 13 0 4 4
H 13 9 1 2
H 13 0 1 20
V 6 12 8 1
V 6 12 4 1
H 7 11 1 4
V 1 5 2 1
V 0 3 4 5
H 3 2 1 6
V 0 3 20 2
H 13 1 1 16
V 6 12 8 1
V 8 10 2 1
H 9 9 1 8
V 11 18 2 1
H 18 0 1 20
H 17 3 3 6
H 9 3 1 2
H 11 3 1 2
H 3 2 1 2
V 0 3 20 1
V 0 3 16 2
H 0 3 1 4
H 0 4 4 4
H 8 11 1 4
V 6 12 4 1
H 3 2 1 2
V 0 3 4 4
H 3 2 10 2
V 0 2 6 1
V 8 8 6 5
H 10 10 1 2
H 9 8 2 6
H 9 8 3 8
H 13 0 1 16
V 8 11 6 1
V 8 11 4 1
H 8 9 1 6
V 10 2 4 3
H 13 0 1 18
V 8 11 6 2
V 7 12 6 1
H 7 11 1 2
H 12 4 1 2
V 5 1 10 4
V 12 18 2 1
H 13 3 1 16
H 10 10 1 2
V 8 11 6 2
H 10 9 1 8
V 2 3 18 2
H 13 1 1 18
V 8 12 6 1
V 7 12 6 1
H 7 12 1 2
H 1 1 1 2
H 5 1 1 2
H 8 1 1 2
H 11 8 1 2
H 8 9 6 4
H 13 10 1 2
H 10 8 1 8
H 2 3 1 2
H 2 5 1 2
V 0 3 4 1
H 3 6 1 2
H 3 1 1 6
H 9 1 3 6
V 3 1 2 1
V 2 1 2 2
V 2 5 2 1
H 2 1 1 2
V 1 2 16 1
V 12 17 2 1
V 8 8 2 1
H 15 2 2 16
V 13 0 4 5
H 13 0 1 18
H 13 7 1 2
V 8 8 6 5
V 7 12 6 1
V 12 12 2 1
H 14 4 6 2
V 0 4 20 1
V 0 4 10 1
H 0 4 1 2
V 10 9 4 4
H 13 1 1 12
V 0 4 20 1
H 3 2 1 6
V 2 2 2 1
V 2 7 2 1
H 3 2 1 6
H 13 4 1 2
H 5 3 1 2
V 0 4 20 1
V 12 8 2 1
H 13 1 1 10
H 13 1 1 18
V 17 11 2 1
H 17 0 1 20
H 17 0 2 12
V 4 0 16 1
V 3 0 12 1
H 19 0 1 20
V 17 3 2 1
H 18 0 2 10
H 13 0 1 2
V 8 1 12 1
V 12 5 2 1
V 12 16 2 1
H 13 0 1 18
H 11 12 1 2
V 8 9 6 4
V 8 8 4 3
H 8 8 1 6
V 10 8 2 7
V 11 10 2 1
H 11 8 1 8
V 12 14 2 1
V 12 16 2 1
V 5 4 2 1
V 11 11 2 1
H 6 1 2 6
V 1 3 10 2
H 3 4 1 2
V 0 4 4 1
V 8 8 6 5
H 13 4 1 14
H 17 3 1 2
V 1 4 18 1
V 2 3 10 2
V 2 3 2 1
H 2 3 1 4
V 3 2 14 3
H 13 0 1 8
V 4 0 16 1
V 4 0 2 1
H 17 0 2 20
H 18 3 2 8
V 10 2 10 2
V 12 15 2 1
H 13 1 1 16
V 8 10 6 2
H 11 11 1 2
H 10 9 2 6
H 10 10 2 4
V 5 3 2 1
V 2 3 4 2
H 4 4 1 4
H 3 3 8 2
V 3 2 2 1
H 4 2 3 6
V 11 1 4 3
H 13 0 7 2
V 5 0 14 1
V 5 0 2 1
V 13 3 2 1
H 13 0 1 14
V 10 11 2 2
V 8 10 6 2
V 8 11 4 1
V 4 1 16 1
V 4 1 14 3
H 8 9 1 2
H 4 2 2 4
H 4 2 1 2
H 9 2 1 6
V 3 4 12 1
H 3 3 1 2
V 11 12 2 1
H 14 0 1 16
H 14 0 3 20
H 14 0 2 12
V 13 0 2 5
H 13 0 1 14
V 12 0 2 1
V 12 10 2 1
H 13 0 1 16
H 9 4 5 4
V 4 4 10 2
H 5 3 1 4
V 5 3 14 1
H 5 3 15 2
V 3 4 12 1
H 10 10 1 2
V 6 3 10 2
V 13 0 2 1
H 13 0 1 8
V 7 0 12 1
H 16 1 1 2
H 13 10 1 4
V 6 2 2 4
H 7 4 1 4
H 6 2 1 4
V 5 3 2 1
V 5 5 2 1
H 11 5 1 2
V 13 3 2 1
V 6 2 8 4
H 6 5 1 2
V 9 9 2 1
V 12 2 2 6
V 12 8 2 2
V 10 1 8 1
H 13 0 1 12
V 7 1 12 1
V 6 2 10 2
H 13 1 1 12
V 8 8 6 1
V 8 8 4 1
H 16 2 1 16
V 6 2 14 1
V 6 2 6 1
V 12 11 2 1
H 12 10 2 2
V 11 10 2 1
V 7 5 2 1
V 6 4 4 2
H 8 4 1 4
H 13 6 1 4
V 10 8 4 2
V 10 0 2 1
V 10 9 2 1
V 9 8 2 1
H 14 16 1 2
V 14 4 2 13
H 14 4 1 14
H 11 1 2 6
V 5 4 12 1
H 15 0 2 14
V 6 3 14 1
V 6 3 4 2
V 14 10 2 1
V 14 14 2 1
H 14 1 1 16
H 13 3 1 2
V 6 4 14 1
H 7 3 1 4
H 11 3 1 4
V 14 9 2 6
H 15 3 1 16
V 14 16 2 1
H 15 12 1 6
V 10 6 4 2
H 10 5 1 2
V 9 6 4 2
H 13 6 1 6
V 12 10 2 1
H 13 0 3 4
V 8 2 12 3
H 9 2 5 2
V 7 3 12 1
V 9 4 8 1
H 9 1 5 6
V 10 8 2 1
H 12 3 1 2
V 9 3 2 1
V 10 2 10 2
H 14 3 2 10
V 14 7 2 1
V 14 6 6 1
H 14 1 1 16
H 10 1 1 6
H 11 2 2 6
V 8 4 6 2
H 9 4 1 2
V 7 4 4 1
V 10 2 2 6
V 10 5 4 3
H 13 7 1 2
V 12 8 2 2
V 11 8 2 1
V 16 0 2 1
V 15 0 2 17
V 16 5 4 1
H 16 2 1 16
H 12 1 8 2
V 10 2 10 1
V 9 2 10 1
H 17 4 2 12
H 18 3 1 2
V 12 4 8 1
H 13 0 1 10
V 12 8 2 2
V 14 5 6 2
H 14 6 3 2
H 14 0 1 16
V 14 3 2 9
H 15 3 1 14
H 10 5 1 2
V 10 2 8 2
V 17 2 2 1
V 17 9 2 1
V 10 3 2 2
H 11 2 1 6
V 11 1 4 4
H 13 0 7 2
V 12 0 2 1
H 11 3 3 4
V 9 3 8 1
V 11 3 4 2
H 11 1 1 6
H 13 0 1 8
H 14 0 1 8
V 12 1 2 1
V 12 5 2 1
H 13 0 1 10
V 12 2 2 1
H 10 4 1 2
V 8 4 12 1
H 16 2 1 2
V 13 3 6 2
H 14 3 3 8
V 13 2 2 1
V 14 9 2 1
H 14 1 1 14
V 15 7 2 3
H 16 1 1 16
V 12 1 2 7
H 13 5 1 4
V 10 4 6 1
H 11 2 2 4
H 14 0 3 12
V 13 0 4 1
H 14 1 2 8
V 12 1 4 1
H 17 3 2 6
H 10 3 1 2
V 10 4 10 1
V 11 5 2 1
H 12 2 1 6
H 14 12 1 2
V 18 18 2 1
H 19 0 1 20
V 10 3 10 2
V 10 4 8 1
H 10 3 2 2
H 13 6 1 2
V 14 0 4 1
V 14 10 2 1
V 15 9 2 2
H 15 8 2 6
H 18 1 2 18
V 14 1 6 1
V 13 1 4 4
V 17 4 2 1
V 17 7 2 1
H 18 0 2 16
H 18 0 1 2
V 14 1 6 5
H 16 12 1 2
V 13 3 6 1
H 16 1 1 12
H 16 1 1 14
H 19 0 1 20
H 19 6 1 6
H 18 6 1 2
V 14 6 6 1
V 15 1 2 1
V 14 1 4 6
H 14 1 1 12
H 12 4 1 2
H 13 2 1 4
H 15 1 5 6
V 17 4 2 1
V 17 13 2 1
V 12 3 6 2
V 12 4 4 1
H 14 4 1 4
H 14 2 1 10
V 15 0 4 2
V 15 5 4 1
H 15 0 1 2
V 13 3 2 2
H 17 3 1 2
V 14 2 2 7
H 14 2 1 4
V 15 2 2 5
H 15 5 5 2
V 13 4 4 1
H 16 1 1 12
H 14 3 5 4
V 15 8 2 3
H 15 9 1 2
H 17 2 1 2
H 16 1 4 2
H 17 6 1 2
V 15 2 4 5
V 16 3 2 1
H 17 0 2 4
V 13 4 2 1
H 19 5 1 2
H 15 6 2 4
V 18 2 2 18
H 18 8 1 4
H 18 0 2 20
H 18 0 2 4
H 17 1 3 2
V 16 2 4 4
V 16 3 2 1
V 17 8 2 12
V 17 15 2 1
H 17 2 1 16
V 14 5 2 1
V 16 4 2 2
H 15 5 5 2
H 16 4 1 6
V 18 16 2 1
H 19 0 1 20
H 19 0 1 2
H 17 3 1 2
V 17 9 2 11
H 16 4 2 2
H 17 5 3 10
V 15 5 4 2
H 16 4 1 2
H 16 6 1 2
V 15 6 2 1
H 18 7 1 2
V 18 9 2 10
H 18 8 1 2
H 19 2 1 18
V 18 7 2 1
H 19 2 1 14
H 17 5 3 2
V 16 6 2 1
V 17 5 2 15
H 17 5 1 14
H 19 4 1 16
H 19 3 1 12
V 18 5 2 11
H 19 4 1 2
V 18 11 2 1
H 17 6 2 8
H 18 5 2 14
V 18 12 2 1
H 18 5 1 10
H 17 7 1 2
H 19 7 1 2
V 18 13 2 1
H 18 6 1 12
H 18 17 1 2
V 17 10 2 2
H 19 9 1 2
H 18 8 2 4
H 17 9 2 8
H 18 9 1 2
V 18 10 2 1
V 17 10 2 2
H 19 8 1 10
H 19 9 1 2
H 18 16 1 4
H 19 10 1 8
H 18 15 1 4
H 17 13 3 6
V 18 13 2 1
V 18 17 2 1
H 17 15 1 2
V 17 17 2 1
H 18 15 2 4
H 17 17 1 2
H 19 14 1 2
H 19 13 1 4
V 18 17 2 2
H 18 16 1 2
H 18 17 1 2
V 17 18 2 1
H 19 18 1 2
