V 12 8 2 1
V 12 17 2 1
V 0 5 2 1
V 0 8 2 1
H 17 15 1 2
H 19 8 1 2
V 2 1 2 1
V 3 4 2 1
V 6 17 2 1
V 0 8 20 1
H 15 8 1 6
V 8 11 10 3
H 10 18 1 2
H 10 11 2 8
V 9 16 2 1
H 10 12 2 8
H 11 17 1 2
V 0 18 12 2
V 0 18 8 2
V 1 19 10 1
H 1 18 11 2
V 0 18 6 1
H 7 5 1 2
H 16 5 1 2
V 0 6 10 2
H 0 7 7 2
V 0 8 20 1
H 15 8 1 6
V 10 11 10 2
H 14 12 1 2
H 10 11 2 8
V 11 12 2 1
V 11 14 2 1
H 10 12 2 8
V 1 19 10 1
V 1 19 8 1
V 8 8 2 1
H 2 7 1 2
V 2 8 14 3
H 15 10 5 2
V 10 11 10 1
V 11 15 8 1
H 8 11 7 6
V 10 17 2 1
H 10 12 1 8
V 1 18 10 1
V 6 18 6 1
V 1 18 8 1
H 4 0 1 16
V 3 4 4 12
V 1 14 2 1
H 2 3 6 14
H 3 9 1 4
V 0 8 20 2
H 15 8 5 6
H 10 13 1 2
V 8 11 10 3
H 10 11 2 8
H 10 12 2 8
V 3 18 8 2
V 3 18 6 2
V 10 11 4 2
H 10 12 5 6
H 10 12 2 8
V 4 18 8 2
V 4 18 4 2
V 2 6 18 2
V 7 6 2 1
H 0 6 8 4
V 0 8 20 3
H 0 8 1 6
H 15 8 3 6
V 8 11 10 1
V 11 14 2 1
H 10 11 2 6
H 10 11 2 8
V 4 18 8 1
V 3 18 6 1
V 0 14 8 3
V 6 8 2 1
H 3 2 4 14
H 2 10 1 2
V 0 8 20 3
V 14 12 2 1
H 15 8 2 6
V 8 11 10 1
V 11 15 2 1
H 10 11 2 8
H 10 12 1 8
V 5 18 6 2
V 5 18 4 2
H 4 2 1 2
V 3 3 8 5
H 7 0 1 2
H 5 1 3 8
H 6 7 1 2
H 2 9 1 2
V 0 8 20 2
H 15 8 2 6
V 8 11 10 3
H 10 11 3 6
V 10 17 2 1
H 10 12 1 8
V 4 18 8 1
H 6 18 1 2
V 1 5 2 1
V 3 4 2 1
V 2 0 4 15
H 1 9 1 2
H 19 9 1 2
V 0 9 20 1
H 15 8 1 4
V 10 11 10 2
H 10 11 2 6
H 10 11 1 8
H 11 17 1 2
V 4 18 8 1
V 4 18 4 1
V 6 18 2 1
H 7 18 1 2
H 9 18 1 2
V 0 10 8 4
H 3 4 3 10
V 2 7 2 1
V 0 8 20 2
H 3 7 2 2
H 15 8 5 6
V 8 11 10 1
H 10 11 1 6
H 10 12 2 8
V 6 18 6 1
V 6 18 2 1
V 8 18 4 2
V 18 14 2 4
H 19 16 1 4
V 3 3 2 1
V 4 0 2 17
V 3 6 2 1
H 4 2 3 14
H 5 9 1 2
H 16 9 1 2
V 0 8 20 2
H 15 8 3 6
H 16 10 1 2
V 8 11 10 2
H 9 12 1 2
H 10 11 2 6
H 10 18 1 2
V 9 17 2 1
H 10 11 2 8
V 8 18 4 1
V 18 14 2 4
H 19 17 1 2
V 11 16 2 1
V 8 11 4 7
H 8 16 1 2
H 14 15 1 2
H 10 13 1 2
V 8 14 12 2
V 11 12 2 1
V 10 11 2 9
H 10 11 1 8
V 9 18 2 1
V 6 4 2 1
H 5 5 1 2
H 5 2 2 8
V 0 6 18 2
V 15 7 2 1
H 14 0 2 8
V 12 2 8 1
H 12 2 1 2
H 15 2 1 2
H 17 1 1 2
H 16 0 4 4
H 6 6 1 2
H 15 6 1 2
H 7 7 1 2
V 2 7 18 1
H 0 7 7 2
H 2 9 1 2
V 0 8 20 2
H 15 8 3 6
V 10 11 10 3
H 10 11 2 8
H 10 12 1 8
H 13 4 7 4
H 5 7 1 2
H 10 5 1 2
V 0 6 20 2
H 0 6 8 6
H 5 5 1 2
V 2 8 18 2
V 14 10 2 1
H 17 9 1 2
H 15 8 2 6
V 12 11 6 3
H 12 11 3 8
H 12 14 1 2
V 8 14 12 3
V 18 15 2 1
H 17 14 2 6
V 15 2 2 1
V 16 0 2 4
H 16 0 3 2
V 16 1 4 3
H 12 3 2 2
V 12 4 6 3
H 16 1 1 2
H 11 2 6 6
H 16 4 1 2
V 11 2 8 1
H 16 0 3 4
V 8 14 12 3
V 9 14 8 4
H 9 16 1 2
H 17 18 1 2
V 4 14 2 1
V 7 0 2 1
V 7 10 2 1
V 2 4 6 13
V 1 6 2 1
H 7 16 1 2
H 5 5 3 12
V 0 8 20 3
H 15 8 1 6
V 14 11 2 3
H 14 11 1 8
V 10 16 10 2
H 7 3 1 2
V 0 4 8 1
V 7 3 2 1
H 3 3 5 10
H 18 10 1 2
V 7 7 2 1
V 0 9 20 2
H 15 8 1 6
V 11 11 8 3
V 11 16 2 1
H 11 11 1 8
V 8 16 6 1
H 12 15 1 2
H 11 15 1 4
V 11 15 8 1
V 16 14 2 1
V 14 14 6 3
H 15 14 2 6
H 12 9 1 2
V 10 8 8 2
H 15 8 5 6
V 13 13 2 1
V 11 11 6 3
H 12 11 2 8
H 8 14 1 2
V 8 15 8 1
H 0 7 7 6
V 0 8 10 1
H 7 7 1 2
V 0 8 20 3
H 15 8 4 6
H 12 16 1 2
V 14 11 2 2
H 11 11 4 6
H 14 11 1 8
V 12 14 6 5
H 12 6 1 2
H 11 5 2 2
V 5 6 12 2
V 2 6 2 1
H 3 6 5 4
V 0 8 20 2
H 15 8 1 6
V 12 11 6 1
H 12 11 2 8
H 13 15 1 2
V 13 12 2 1
H 12 12 2 8
V 14 13 2 1
V 18 10 2 1
H 15 8 4 6
V 0 8 20 3
H 4 5 2 8
H 14 6 1 2
H 7 5 1 2
V 0 6 18 1
H 11 0 5 8
V 11 2 8 2
H 15 1 1 2
H 18 1 1 2
H 12 3 2 2
V 10 6 2 1
H 11 4 4 4
H 3 5 1 2
V 3 6 12 2
H 4 5 3 6
H 4 4 1 2
V 0 9 20 2
H 15 8 2 6
V 14 12 2 2
V 13 17 2 1
H 14 13 1 2
H 14 12 1 8
V 10 15 10 2
V 0 17 4 1
V 0 17 8 1
H 7 10 1 2
H 7 4 1 14
H 5 8 1 2
V 1 9 16 2
H 15 8 1 6
H 14 13 1 2
V 14 12 2 2
H 14 11 1 8
V 11 17 8 1
H 4 0 1 6
V 1 1 10 1
V 6 17 2 1
H 7 0 1 18
H 5 9 1 2
V 0 10 16 1
V 15 8 2 1
H 15 8 1 6
V 13 13 2 1
V 13 15 2 1
V 8 11 12 3
H 9 11 1 6
V 16 1 2 3
H 16 1 2 2
V 16 4 4 1
H 16 0 1 8
V 0 6 20 2
H 5 6 3 4
H 9 9 1 2
V 0 8 18 2
H 15 8 3 6
V 10 11 10 3
H 11 13 1 2
H 10 11 2 6
V 9 12 2 1
H 10 12 1 6
V 13 18 4 1
H 15 18 1 2
V 18 3 2 1
V 15 2 2 1
V 13 2 6 2
H 18 2 1 2
H 10 15 1 2
V 9 14 8 2
H 9 14 1 2
V 8 6 4 1
H 4 6 1 2
V 3 5 8 2
H 2 5 4 6
H 14 9 1 2
H 4 7 1 2
V 0 8 20 2
H 15 8 1 6
V 14 11 2 1
H 13 11 2 8
H 13 15 1 4
V 14 14 2 1
V 10 14 10 2
V 0 6 2 11
V 3 16 2 1
V 0 6 8 11
H 4 5 4 12
H 14 9 1 2
V 0 10 20 1
H 15 8 2 6
V 14 12 2 2
H 14 12 1 8
V 12 17 6 1
V 16 2 2 1
V 13 16 4 2
H 11 12 1 4
V 10 14 6 2
V 12 12 2 1
V 12 17 2 1
H 13 13 1 6
H 13 11 2 6
V 12 14 2 1
V 10 15 8 1
H 8 2 3 6
H 8 3 1 4
H 6 5 1 2
V 2 6 18 2
H 12 4 8 4
H 15 17 1 2
V 16 16 2 1
H 11 3 6 2
V 13 4 6 1
V 14 16 2 1
H 14 11 1 8
V 13 13 4 1
H 11 14 1 2
H 16 14 1 2
H 10 13 5 2
V 11 14 8 1
H 16 10 2 2
H 15 9 2 4
V 8 12 12 1
H 9 12 1 2
V 6 6 10 2
H 13 0 1 8
V 10 6 2 1
V 11 2 6 5
V 14 5 6 2
V 3 3 6 4
V 2 4 2 1
H 2 4 4 8
V 0 10 20 1
V 14 7 2 1
V 14 9 2 1
H 15 8 1 6
V 14 11 2 3
H 14 11 1 6
H 13 13 1 4
V 13 14 4 3
H 6 0 2 10
V 0 9 18 1
V 15 3 2 1
V 15 8 2 1
V 14 11 2 1
H 15 8 1 6
V 10 11 10 2
V 9 11 2 1
H 10 11 5 4
H 15 8 1 6
V 0 8 20 2
H 3 5 5 4
H 7 6 1 2
V 2 6 18 1
H 11 0 4 8
H 14 0 1 4
H 15 10 1 2
V 10 11 8 1
H 15 8 2 6
H 16 8 1 2
V 0 8 20 1
H 5 5 1 2
H 18 5 1 2
H 5 6 3 4
V 2 6 18 1
V 13 1 2 1
V 13 3 2 1
H 14 2 2 6
H 15 2 1 2
V 12 3 6 1
V 0 6 20 1
V 3 6 8 2
H 5 5 3 4
H 14 9 1 2
V 0 8 20 2
H 15 8 1 6
V 12 11 4 3
H 13 11 2 6
V 12 13 2 1
H 13 12 2 6
V 13 5 6 1
V 16 7 4 1
H 19 6 1 2
V 17 6 2 2
H 16 4 2 4
H 14 13 1 2
V 11 14 6 1
H 14 12 1 6
H 6 11 1 2
H 9 11 1 2
V 13 15 2 1
V 4 0 2 14
H 3 10 5 4
H 1 9 1 2
V 0 10 20 1
H 15 8 4 6
V 12 13 6 1
H 12 12 1 4
V 13 14 4 1
V 12 14 4 1
H 17 5 1 2
H 12 3 1 2
H 14 3 1 2
H 11 1 1 2
H 11 2 4 4
V 13 4 4 4
H 13 13 1 2
V 12 11 4 3
V 12 13 8 1
V 3 7 2 1
V 3 16 2 1
H 2 0 2 16
V 0 0 4 6
H 0 0 1 2
H 3 9 1 2
V 0 8 18 2
V 14 10 2 1
H 15 8 1 6
H 7 10 1 2
H 16 10 1 2
V 9 11 10 1
V 9 11 2 1
V 1 0 10 1
H 5 0 2 10
H 4 6 1 6
V 2 6 16 2
H 12 2 2 6
V 12 3 4 5
H 13 14 1 2
V 0 6 12 1
H 5 3 3 8
V 0 9 20 2
V 14 4 2 1
V 14 13 2 1
H 15 8 1 6
H 11 12 1 2
V 11 13 8 1
V 17 7 2 1
H 13 6 1 2
H 17 6 1 2
V 11 1 2 7
H 17 9 2 2
H 16 10 1 2
H 19 10 1 2
H 16 8 3 6
V 0 1 10 1
V 1 1 4 1
H 1 0 1 2
V 10 11 2 1
V 0 14 6 2
V 0 14 8 1
H 7 12 1 6
V 0 17 8 1
V 0 17 6 1
H 7 1 1 12
V 7 8 4 3
H 6 7 1 2
V 0 8 20 1
H 0 6 6 10
V 16 7 2 1
V 1 7 16 1
V 1 7 18 1
H 13 2 1 2
V 1 15 2 2
H 2 5 2 12
V 0 9 14 2
V 0 10 20 1
H 16 10 1 2
H 15 9 5 4
H 15 5 1 2
V 18 11 2 1
V 17 8 2 5
H 18 11 1 2
V 17 11 2 1
H 15 8 3 6
V 16 13 2 1
V 14 8 2 1
V 13 11 4 3
V 13 8 2 1
V 14 8 2 3
H 15 10 2 4
V 11 11 2 1
H 15 10 1 2
V 12 11 6 2
H 12 4 1 2
H 14 4 1 2
V 6 1 2 1
V 6 8 2 8
H 7 12 1 6
V 6 16 2 1
V 2 17 6 1
V 6 17 2 1
V 1 17 6 1
V 0 6 8 1
V 1 6 16 1
H 11 2 2 6
V 12 3 2 1
V 13 4 2 1
H 17 12 1 2
H 7 16 1 2
V 2 17 6 1
H 7 0 1 18
H 0 6 8 4
V 8 7 2 1
V 7 0 2 8
H 14 5 1 2
V 1 6 16 1
V 2 1 6 6
H 5 0 1 14
H 16 10 1 2
V 0 10 20 1
V 14 12 2 1
H 15 9 3 4
V 14 11 2 3
H 14 11 1 4
V 2 9 14 2
V 1 12 2 1
H 2 1 1 16
V 0 2 4 3
V 9 7 8 1
V 9 8 8 1
V 9 6 4 2
H 11 2 1 6
V 11 3 2 1
H 11 2 1 4
H 6 9 2 2
H 6 0 1 10
V 4 0 6 2
V 4 0 2 4
H 1 3 1 2
H 8 2 1 2
V 1 3 10 1
V 7 4 2 1
H 8 1 3 4
H 2 3 8 4
V 4 6 12 1
V 4 8 12 2
H 15 9 3 4
V 13 11 6 1
H 3 0 1 16
V 2 3 2 1
H 3 0 1 12
V 2 11 2 1
H 2 2 1 14
H 2 2 1 10
V 1 2 2 1
V 1 16 2 1
H 3 8 5 6
V 7 9 2 1
V 6 8 4 3
V 0 10 20 1
H 16 10 1 2
H 0 13 1 2
V 1 9 18 2
V 5 3 2 1
H 4 2 2 12
H 9 5 1 2
V 0 3 10 3
V 4 17 4 1
V 6 1 2 2
H 7 0 1 18
V 0 8 16 2
H 15 8 2 6
H 14 11 1 2
V 12 11 6 1
V 1 10 2 1
H 2 9 1 8
V 1 8 10 3
V 0 10 18 1
V 16 9 2 1
H 15 8 2 6
V 0 6 8 7
H 4 11 1 2
H 0 10 7 2
V 1 10 18 1
V 14 12 2 2
H 15 8 1 6
V 14 11 2 1
V 14 13 2 1
H 1 3 1 2
V 17 10 2 1
H 17 9 1 2
V 7 4 4 1
V 8 2 2 1
H 4 0 5 8
V 8 1 2 1
V 2 4 2 13
V 2 5 2 1
H 3 1 1 10
H 7 16 1 2
V 0 7 8 10
V 2 7 2 1
V 2 9 2 1
V 0 8 6 9
H 2 3 1 14
H 2 2 1 2
H 6 2 1 2
H 7 5 1 2
V 4 6 10 2
H 11 4 2 4
V 12 5 2 1
V 13 6 2 1
H 11 3 1 2
V 0 7 14 1
V 0 7 16 1
V 4 2 6 1
V 6 4 4 1
V 6 16 2 1
H 7 0 1 18
H 6 1 2 8
V 5 2 6 4
V 4 0 4 13
V 4 1 2 11
H 4 0 1 2
H 15 9 1 4
V 1 9 16 1
H 7 2 1 16
H 3 8 13 2
V 15 9 2 1
V 2 3 4 3
H 2 3 9 4
V 3 2 6 2
H 5 0 2 6
V 14 11 2 1
V 3 7 12 1
V 5 8 4 3
H 7 0 1 16
V 7 6 2 1
V 6 2 2 10
H 1 7 7 2
V 0 8 16 1
V 0 6 2 10
H 1 6 2 10
V 0 15 2 1
H 1 7 2 10
H 5 2 1 8
V 0 6 12 2
H 11 4 1 4
H 15 11 1 2
H 0 8 3 4
H 6 1 1 14
V 0 10 14 1
V 0 10 18 1
V 3 17 4 1
V 3 17 2 1
V 4 17 4 1
V 3 17 4 1
H 7 2 1 16
H 7 16 1 2
H 7 1 1 16
V 7 1 2 1
V 4 2 2 1
V 11 6 2 1
H 1 6 11 2
H 11 5 1 2
V 7 4 4 2
H 10 4 1 2
V 11 10 6 1
H 2 4 4 6
V 1 5 2 1
V 1 6 2 3
V 2 15 6 2
H 1 7 5 4
H 1 6 2 10
V 0 12 2 1
V 0 14 2 1
H 1 9 10 2
V 2 10 14 1
H 15 10 1 2
V 4 3 2 8
H 5 1 1 16
H 7 2 1 8
V 4 3 6 5
H 6 1 2 6
V 0 6 12 1
V 6 1 2 7
H 3 5 5 4
V 1 8 14 3
V 0 9 14 1
H 7 1 1 16
V 8 4 2 1
H 6 1 1 2
V 5 2 2 1
V 1 13 6 2
V 1 14 2 1
H 4 3 4 2
H 6 3 1 2
V 3 4 4 3
V 3 9 2 2
H 3 5 1 12
H 3 7 5 2
H 1 6 1 2
V 1 7 12 1
V 2 7 6 1
H 2 5 2 4
V 0 9 6 2
H 2 6 2 10
H 5 4 3 10
V 0 7 12 1
V 1 6 10 2
V 1 6 2 1
V 10 6 2 1
H 7 7 1 2
V 3 8 10 1
V 4 5 2 1
V 4 8 2 1
H 5 8 3 4
H 7 4 1 14
V 6 17 2 1
H 9 8 1 2
V 1 8 12 1
H 3 6 1 2
H 3 7 5 4
H 5 9 1 2
H 12 9 1 2
V 0 10 16 1
V 11 8 2 1
V 1 10 4 4
H 1 12 1 2
H 5 3 3 4
H 3 10 5 6
H 6 3 2 2
V 5 4 4 1
V 5 4 2 13
V 4 5 6 3
H 4 5 1 2
H 2 6 3 8
V 0 8 4 4
H 2 10 1 2
H 0 9 8 2
H 2 7 1 8
V 2 10 2 2
V 3 6 2 1
H 3 5 1 10
H 7 3 1 12
V 5 6 6 2
V 6 9 2 1
H 6 2 1 10
V 4 9 2 1
V 0 9 10 2
V 3 8 2 1
H 4 5 1 12
V 3 7 2 1
V 5 5 2 5
V 0 9 14 1
H 7 16 1 2
H 1 8 1 4
V 8 6 2 2
H 9 6 1 2
V 9 9 4 2
V 2 7 6 1
H 3 6 1 2
V 6 6 2 9
H 7 11 1 6
H 5 11 1 2
H 5 4 3 8
V 5 5 4 1
H 5 4 1 2
H 4 6 4 6
V 0 9 8 3
H 1 11 1 2
H 0 9 7 2
H 8 9 1 2
H 2 8 1 6
V 4 8 8 2
H 11 8 1 2
V 8 9 4 1
H 2 8 9 2
V 0 9 8 2
V 3 7 4 6
H 6 3 1 8
V 5 10 2 1
H 7 6 1 10
H 5 6 3 4
H 6 7 1 8
V 5 7 6 1
V 2 8 6 1
H 2 7 1 2
H 5 5 1 2
V 11 10 2 1
V 1 9 2 3
H 1 9 1 2
V 1 11 6 1
V 5 6 2 9
H 6 13 1 4
V 4 6 2 6
H 4 6 1 4
H 5 6 3 2
V 6 7 4 1
V 7 8 2 3
H 6 5 2 6
H 7 14 1 2
H 6 7 1 6
V 3 8 8 1
H 3 7 1 2
V 2 8 4 1
H 6 12 1 4
H 6 5 1 10
V 0 10 12 1
V 4 7 2 7
H 4 12 1 2
H 3 8 2 4
V 2 9 4 3
V 4 7 2 2
V 4 12 2 1
H 5 6 3 4
V 3 8 4 3
V 4 7 2 1
H 5 6 1 4
V 4 7 4 1
V 4 7 2 1
V 5 10 2 2
V 2 10 10 1
V 2 10 4 1
H 5 7 2 8
H 5 12 1 2
H 5 7 2 6
V 5 7 4 1
V 6 6 2 1
V 6 14 2 1
V 7 8 2 1
V 7 10 4 1
V 4 8 4 3
V 2 10 6 1
H 6 8 1 2
H 5 7 3 4
H 6 6 1 6
H 3 9 1 2
V 3 9 6 1
V 5 10 4 1
V 4 9 6 2
H 6 8 2 6
V 5 12 2 1
V 6 9 2 4
H 6 9 1 6
H 5 8 1 2
H 6 9 2 4
H 4 9 4 2
V 3 10 4 1
V 8 10 2 1
V 5 9 2 1
V 4 10 4 1
H 7 8 1 4
V 6 9 2 1
H 6 8 1 4
H 6 8 1 6
H 7 10 1 2
V 5 9 2 1
V 4 10 4 1
V 7 10 2 1
H 5 10 2 2
V 6 10 2 1
H 5 9 1 2
V 5 10 2 2
