H 2 9 1 2
H 12 8 1 2
V 7 4 2 1
V 13 6 2 1
V 0 7 20 3
V 1 5 2 1
H 4 6 1 2
H 2 0 2 14
V 0 0 12 1
H 2 0 1 2
H 6 0 1 2
H 10 0 1 2
V 0 0 20 1
V 0 4 10 6
H 0 0 1 8
H 2 2 1 2
H 15 2 1 2
H 19 2 1 2
V 0 0 18 3
H 15 1 1 2
V 1 0 18 2
V 5 6 12 1
V 16 16 2 1
H 10 4 7 16
H 3 5 1 2
H 12 5 1 2
H 16 11 1 2
V 0 6 20 3
H 2 6 1 2
V 4 8 2 1
V 4 15 2 1
H 2 1 3 12
V 1 1 10 3
V 0 1 20 1
V 4 0 10 4
H 17 0 1 2
V 1 1 18 2
V 2 2 12 1
H 9 0 8 4
H 12 2 1 2
V 0 3 20 1
H 19 7 1 2
V 0 8 20 2
H 12 7 1 2
V 0 8 18 2
H 0 2 1 14
V 0 1 18 3
H 7 2 1 2
V 0 2 20 1
H 0 1 1 16
V 0 2 18 2
V 1 2 18 2
V 8 13 10 4
H 10 16 1 2
V 9 12 2 1
H 10 4 5 16
H 1 3 1 2
V 0 4 20 2
H 0 0 2 8
V 15 0 2 1
V 0 0 16 2
V 0 1 18 1
V 13 2 2 1
H 12 0 2 4
V 9 3 10 1
V 0 1 14 1
H 6 0 1 2
H 14 0 1 2
H 4 1 5 2
H 11 1 1 2
V 0 2 18 1
V 8 15 12 5
H 11 4 3 16
V 10 8 2 1
V 0 5 20 3
V 1 1 2 1
H 2 0 2 12
V 2 1 10 2
H 3 0 1 12
V 1 1 16 2
H 0 0 14 2
V 6 1 10 1
V 6 3 12 1
V 0 10 20 1
H 4 17 1 2
H 3 2 2 16
V 0 2 10 1
H 4 3 1 2
V 1 2 16 2
V 0 4 20 6
H 0 0 5 8
V 1 0 8 4
V 0 0 14 3
V 5 5 2 1
V 0 4 12 2
H 0 2 5 4
V 0 2 14 1
V 0 2 16 1
V 3 9 2 1
H 0 0 4 16
V 1 2 14 2
H 7 2 1 2
V 1 3 16 1
H 12 18 1 2
H 15 18 1 2
V 7 11 10 8
V 10 12 2 1
H 10 4 1 14
H 0 2 1 4
H 11 5 1 2
V 0 4 20 2
H 0 0 2 6
H 1 2 1 2
H 5 2 1 2
V 6 1 2 1
V 0 1 14 2
V 1 1 14 1
V 11 0 2 1
H 0 2 14 2
V 4 3 12 1
V 8 11 4 3
H 10 13 1 2
H 10 4 1 14
V 0 4 20 1
H 0 1 2 6
H 11 0 1 2
V 0 1 12 1
V 0 6 12 2
V 0 1 14 1
V 10 0 2 1
H 13 2 1 2
H 6 0 5 4
V 9 2 4 2
V 2 5 2 1
V 2 18 2 1
H 0 1 3 12
V 1 3 8 1
H 8 0 1 2
V 0 1 10 3
V 0 1 12 3
H 10 1 1 2
V 10 2 2 2
H 6 0 5 4
H 10 0 1 2
H 1 0 2 20
H 1 2 3 12
H 3 3 1 2
V 0 0 10 4
H 1 3 1 2
V 0 3 14 1
H 0 10 4 10
V 8 13 12 3
H 10 4 3 16
V 0 5 20 1
H 1 0 2 8
V 0 0 8 2
H 4 0 1 2
V 1 1 10 1
H 0 0 1 6
H 0 1 2 16
H 1 0 1 20
V 5 1 4 1
H 8 0 1 2
H 14 7 1 2
V 0 8 20 2
V 1 1 6 1
H 0 1 2 12
H 7 1 1 2
V 0 2 10 1
H 2 2 1 2
V 1 2 10 1
V 0 9 4 1
H 2 0 1 20
V 2 17 4 1
V 0 17 4 2
H 13 8 1 2
V 9 4 10 5
V 5 10 12 1
H 13 6 4 6
H 10 4 4 16
H 9 18 1 2
V 8 19 12 1
H 1 0 7 4
V 0 1 2 1
V 13 16 6 4
H 9 16 10 4
V 11 4 4 16
H 18 14 1 2
V 8 15 12 2
H 18 13 2 6
V 2 6 2 1
H 5 4 1 2
V 3 5 4 12
H 2 1 3 14
H 5 1 1 2
V 0 2 10 1
V 18 5 2 1
V 3 5 16 4
H 3 0 1 20
V 1 18 6 1
H 6 18 1 2
H 1 5 1 2
V 1 6 8 5
H 1 6 2 6
H 1 1 1 18
V 13 7 2 1
V 13 12 4 1
H 14 4 1 16
V 0 7 20 1
H 1 1 4 8
V 4 0 2 4
V 1 3 10 1
V 3 2 6 2
V 3 18 4 1
H 4 12 1 8
V 4 19 2 1
V 1 15 2 1
V 0 2 2 14
H 1 1 1 12
V 1 7 2 6
H 1 12 1 2
H 2 5 1 14
H 14 4 2 16
V 14 18 4 2
V 8 12 6 3
V 7 15 2 1
V 8 14 12 2
H 14 11 5 8
H 17 14 1 2
H 3 4 1 10
V 3 3 2 1
H 3 0 1 20
V 3 10 2 1
V 3 13 2 1
H 4 0 1 20
V 0 8 8 1
H 0 2 1 12
V 10 9 6 7
H 10 8 5 6
H 3 8 1 2
V 0 9 18 1
V 0 12 2 1
H 1 2 4 16
H 3 17 1 2
H 6 10 1 6
V 4 10 16 1
H 13 6 1 14
V 8 17 12 1
V 7 17 12 1
V 11 12 2 1
H 11 4 1 16
V 2 10 2 1
V 3 5 14 6
V 3 5 2 1
V 3 18 2 1
H 4 2 1 18
V 3 17 4 2
H 10 4 1 16
V 3 8 12 1
V 0 10 8 1
V 4 11 2 1
H 4 1 1 14
V 2 1 6 3
H 4 0 2 4
V 5 3 2 1
V 4 2 4 2
V 2 1 2 17
H 2 12 3 6
H 10 16 7 4
V 15 13 4 5
V 10 14 2 1
H 15 6 1 10
V 11 13 6 6
H 16 18 1 2
V 12 14 8 1
H 18 12 1 2
H 7 13 13 4
H 18 14 1 2
V 0 3 8 1
V 0 4 8 1
H 4 6 1 6
H 2 1 3 6
H 4 0 1 20
V 4 0 2 4
H 4 0 2 4
H 4 4 1 14
V 3 17 4 1
H 3 1 2 12
H 4 1 1 18
V 4 18 2 1
V 3 8 14 1
H 4 1 1 14
V 3 1 4 1
V 0 13 2 1
V 1 11 2 5
H 1 14 1 2
H 19 13 1 2
V 17 12 2 1
V 16 11 4 3
H 7 12 13 4
V 1 5 6 8
H 3 1 1 10
V 8 11 12 1
H 12 6 5 12
V 10 15 8 3
V 14 7 2 6
V 12 16 2 1
V 12 18 2 1
H 13 6 3 14
H 17 6 1 2
V 2 4 18 3
H 2 2 2 8
V 10 6 8 3
V 5 4 6 1
H 10 4 7 10
H 15 11 1 2
H 17 11 1 2
H 11 8 1 2
H 15 5 2 14
H 12 4 1 12
V 2 9 10 1
V 0 6 16 5
H 4 1 1 18
H 11 16 1 4
V 9 18 6 2
V 10 10 2 1
H 10 4 1 16
V 0 8 16 3
H 2 5 4 12
V 4 17 2 1
H 3 2 1 2
H 1 13 6 2
V 0 13 2 1
V 8 10 12 1
H 12 8 2 8
V 8 14 12 1
V 12 13 2 1
H 13 9 2 8
V 12 16 6 1
H 9 15 8 2
V 15 14 4 2
V 8 11 12 1
V 14 4 2 1
H 13 4 2 14
V 8 4 12 4
V 13 7 2 1
V 11 6 6 3
H 16 4 1 8
H 16 4 1 14
V 9 11 2 4
H 10 4 1 16
V 2 5 16 3
H 2 3 1 6
V 1 4 2 1
V 1 8 2 1
H 17 12 1 4
V 2 4 2 7
H 3 3 1 8
V 3 14 2 1
H 4 11 1 6
V 1 12 6 2
H 3 6 1 2
V 0 7 14 1
H 8 6 1 2
H 1 5 13 4
H 2 5 1 2
V 0 6 4 5
H 2 4 3 6
H 19 12 1 2
V 4 4 12 5
H 4 2 1 6
V 4 3 2 1
V 4 5 16 1
V 4 5 10 2
H 4 2 1 6
H 2 5 17 2
V 0 6 10 1
V 14 13 2 1
V 16 6 2 1
V 13 4 4 13
H 16 5 1 6
H 15 5 2 12
V 8 12 8 2
V 9 12 2 1
H 10 8 2 12
H 9 14 1 6
V 7 18 6 2
H 5 9 1 2
V 1 9 14 1
H 3 4 1 12
H 7 12 2 6
V 7 12 10 3
V 7 14 12 1
H 18 5 1 2
V 11 6 8 3
H 10 6 4 6
H 13 4 1 16
V 10 6 10 2
H 10 6 5 10
V 14 9 2 1
H 13 5 2 14
H 14 16 2 2
V 7 15 10 1
H 11 4 3 12
V 0 9 14 1
V 3 8 2 1
H 4 3 1 14
V 10 14 4 5
V 16 10 2 5
H 17 13 1 2
V 17 13 2 1
H 1 6 5 6
H 2 5 3 6
V 0 10 8 1
H 0 10 1 2
H 2 6 1 2
V 11 7 2 1
V 0 7 12 1
V 8 13 4 7
H 8 18 1 2
H 7 17 6 2
V 9 17 6 1
H 9 16 3 4
V 8 15 8 2
H 11 16 1 2
V 7 15 8 2
H 7 12 1 2
H 7 13 1 6
V 18 7 2 1
V 13 7 6 3
V 18 8 2 1
H 18 5 1 4
H 0 9 1 2
H 5 5 1 10
V 0 9 20 1
V 3 8 2 2
V 4 4 2 12
H 4 3 1 12
V 3 5 14 6
H 13 11 1 2
H 11 10 3 4
V 8 11 12 2
V 10 12 8 1
V 10 16 2 1
H 10 4 1 16
H 7 4 1 2
V 4 4 14 1
H 7 14 1 4
H 9 17 4 2
V 12 17 2 1
H 14 10 1 2
H 12 10 1 4
H 13 7 1 4
V 9 10 10 1
H 10 10 4 4
V 7 12 12 1
V 8 16 2 2
H 9 14 1 6
V 15 8 4 2
H 16 4 1 10
V 16 5 2 1
V 0 8 16 1
V 5 7 2 1
H 6 5 1 12
V 1 8 10 3
H 1 7 14 4
V 2 7 18 1
H 18 6 1 2
H 10 7 2 4
H 10 4 1 16
V 8 16 4 3
V 2 7 18 1
H 18 8 1 2
V 1 8 18 1
V 6 9 2 1
H 4 4 3 8
V 7 4 4 3
H 12 5 1 2
V 4 6 14 4
H 17 5 1 2
V 12 6 2 1
H 10 11 1 2
H 10 6 3 12
V 9 13 8 2
V 11 4 2 9
V 12 7 2 1
H 12 7 1 12
H 10 18 1 2
V 11 17 2 1
H 3 10 1 2
H 15 13 1 2
V 15 6 2 8
H 16 12 1 2
V 14 9 2 1
V 18 10 2 1
H 18 10 1 2
V 2 7 2 5
V 2 10 2 1
H 2 8 1 4
H 14 7 1 4
H 12 9 5 4
V 12 10 8 1
V 5 6 2 1
V 7 9 2 1
V 4 6 4 5
H 6 6 1 10
V 11 8 2 5
H 11 7 1 12
H 13 11 1 2
V 8 12 10 1
H 12 7 2 10
V 7 7 12 2
V 3 6 8 5
H 5 4 1 6
H 4 6 3 4
H 8 9 1 2
V 0 9 12 1
V 6 10 4 1
V 1 10 14 1
H 4 8 3 6
V 7 6 10 5
H 13 7 3 8
H 12 6 3 6
V 12 6 6 1
V 3 8 8 3
H 10 9 1 2
H 2 8 13 2
H 5 5 1 10
H 6 6 5 2
V 13 7 2 1
V 2 7 12 1
H 16 11 1 2
H 13 10 5 2
V 1 10 18 1
V 1 10 14 1
V 7 10 2 1
V 2 8 2 3
H 3 7 9 4
V 1 8 4 2
V 1 9 2 1
H 4 8 1 2
V 2 9 18 1
V 3 9 14 1
H 6 12 1 2
H 3 7 4 6
V 3 7 6 1
V 7 15 6 1
V 16 11 2 1
V 15 7 2 5
H 11 5 5 4
H 9 16 1 2
V 8 14 4 3
V 10 13 2 1
H 10 13 1 6
H 5 5 1 8
H 5 5 2 4
H 6 5 1 10
H 6 4 1 2
V 7 12 4 3
V 8 11 8 3
H 8 11 7 4
H 9 6 1 4
H 3 9 7 2
V 1 9 16 1
V 5 8 2 1
V 5 11 2 1
V 4 10 14 1
H 11 4 1 14
V 7 14 6 1
H 10 8 2 8
V 3 10 16 1
V 11 10 6 1
H 11 6 2 10
H 8 8 1 2
H 14 8 1 2
V 6 9 14 1
V 16 7 2 1
H 4 7 1 2
H 6 12 1 2
V 8 15 2 1
H 14 5 1 2
V 5 6 4 5
V 11 7 6 2
V 7 13 8 1
H 13 13 1 2
H 8 7 1 2
V 8 5 2 3
V 9 6 2 1
V 6 5 8 6
H 11 4 1 2
H 13 4 1 2
V 7 7 2 1
V 6 5 2 6
H 6 5 1 8
V 13 9 4 3
H 11 9 1 2
H 10 7 6 6
V 10 9 6 1
H 13 5 1 2
H 13 6 3 6
H 16 10 1 2
V 4 10 14 1
H 11 9 1 2
V 8 10 6 1
H 10 9 1 8
V 7 12 6 3
V 10 11 6 1
H 10 9 3 6
V 3 10 14 1
H 10 16 1 2
V 5 7 8 4
V 3 9 16 1
V 9 9 2 1
V 9 15 2 1
H 10 4 1 10
V 2 9 16 1
V 7 13 2 1
H 9 12 1 2
V 8 13 6 1
H 10 4 1 10
V 3 8 14 1
V 10 5 2 10
H 11 7 1 4
V 11 7 2 1
H 11 5 1 12
H 11 9 4 4
V 4 8 2 2
H 5 7 7 4
V 10 8 4 6
H 13 12 1 2
V 11 8 2 1
V 8 7 8 4
H 7 11 7 2
V 8 11 8 1
V 9 11 4 3
H 11 10 1 6
V 12 6 2 4
H 8 4 5 6
V 4 8 12 1
V 4 8 2 1
H 11 8 5 2
H 11 9 1 2
V 14 9 4 1
V 6 6 4 5
H 6 6 4 4
V 9 6 2 5
H 10 5 1 12
V 8 14 2 1
V 4 9 4 1
H 6 8 1 4
H 6 7 3 4
H 14 7 1 4
V 14 8 2 1
H 7 6 1 2
H 11 10 1 2
V 6 7 6 4
V 5 9 2 1
V 8 6 2 5
H 9 4 3 4
V 8 12 4 2
H 10 12 1 4
V 11 8 2 1
V 12 7 2 3
H 13 7 1 6
H 10 9 3 4
H 9 11 1 2
V 7 12 6 1
H 13 7 1 4
V 11 9 6 1
H 11 4 1 2
V 12 10 2 1
H 10 5 3 8
V 10 4 2 6
V 12 8 2 1
H 11 11 1 2
V 11 6 2 6
H 11 6 2 8
V 9 11 6 1
H 11 8 1 2
H 11 9 1 6
V 5 9 8 2
H 7 7 1 4
V 7 9 4 1
V 5 8 4 3
V 9 5 2 1
V 9 12 2 1
V 10 6 2 8
H 10 5 1 10
V 9 9 2 1
V 9 14 2 1
H 10 7 1 8
V 5 9 10 2
V 6 8 4 2
H 6 9 9 2
V 5 9 4 1
H 10 5 1 2
V 8 6 4 4
V 10 5 2 4
V 9 6 2 2
V 9 9 2 1
V 10 8 4 4
H 13 7 1 2
H 13 8 1 4
V 11 8 4 2
V 13 10 2 1
H 12 6 1 6
V 9 12 4 1
V 8 11 4 2
V 9 12 4 1
V 12 9 2 1
H 8 7 1 4
H 11 7 2 4
H 11 6 1 8
H 9 6 1 2
V 11 8 2 4
H 10 11 2 2
V 9 7 4 2
V 8 9 2 1
H 9 7 2 4
V 7 8 4 1
V 7 11 4 1
V 7 11 6 1
V 9 11 2 1
H 11 6 1 2
V 7 10 6 1
V 7 10 4 1
V 8 8 2 1
V 9 8 2 2
H 10 7 1 6
H 10 6 1 2
H 10 7 1 2
H 10 7 1 4
H 10 8 1 2
V 9 9 4 2
V 8 9 2 1
V 10 8 2 2
V 9 8 2 1
H 10 8 1 2
H 10 7 1 2
H 10 7 1 4
V 9 10 2 1
H 10 9 1 2
V 10 9 2 1
