H 15 4 1 2
H 18 4 1 2
V 9 4 2 1
V 2 15 2 1
H 10 0 1 2
H 7 6 1 2
V 6 3 2 1
H 15 11 1 2
V 8 0 2 8
H 7 3 2 2
H 0 2 4 4
H 4 2 6 4
H 9 0 2 20
H 14 13 1 2
V 9 14 8 5
V 14 9 2 1
V 14 15 2 1
H 13 4 2 16
V 11 5 4 3
H 11 1 1 10
H 11 0 1 2
V 11 0 8 1
V 12 0 8 1
H 15 10 1 2
V 11 3 8 8
V 11 5 2 1
V 11 11 2 2
H 11 0 1 10
H 11 0 1 4
V 11 0 6 1
V 11 0 8 1
V 9 18 6 2
H 13 3 2 16
V 11 3 4 8
H 11 4 1 4
H 11 1 1 10
V 11 3 2 1
H 11 0 1 8
V 11 1 8 1
V 11 9 8 2
V 12 1 8 1
H 11 0 1 10
H 11 0 1 6
V 11 1 6 1
V 11 1 8 1
V 10 14 2 1
H 9 13 2 2
H 13 13 1 2
V 15 14 2 1
V 10 14 6 1
V 12 16 2 1
H 13 4 2 16
V 11 6 4 5
H 11 0 1 10
H 11 0 1 2
V 11 0 6 1
V 12 0 6 1
V 7 9 4 4
H 9 11 2 4
V 9 14 8 1
H 13 3 1 16
V 11 3 4 6
V 11 5 2 1
V 11 0 6 1
H 11 0 1 8
V 11 2 8 1
V 12 2 8 1
V 4 7 2 9
V 3 8 8 6
H 9 12 2 4
V 9 14 8 2
H 12 15 1 2
H 15 15 1 2
V 14 19 2 1
H 13 4 2 16
H 13 11 1 2
V 11 6 4 1
V 11 1 2 1
H 11 0 1 10
H 11 0 1 2
V 11 0 4 1
H 11 0 1 2
V 11 0 6 1
V 1 19 8 1
V 3 15 2 1
V 3 17 2 1
H 4 0 5 20
V 8 3 2 6
V 10 14 2 1
H 9 4 2 14
V 12 15 2 1
V 9 14 8 4
V 13 16 2 1
H 13 3 1 16
H 12 7 2 2
V 11 5 4 3
H 11 0 1 10
V 11 1 6 2
V 12 1 6 2
V 1 4 4 8
H 5 5 1 2
V 1 4 10 2
V 9 5 2 1
H 9 0 1 20
V 9 14 8 4
H 13 3 1 16
V 11 5 4 3
H 11 0 1 8
V 16 2 2 1
V 16 7 2 1
V 11 1 6 2
V 11 2 8 1
V 14 0 2 1
V 1 7 10 2
V 8 12 2 1
H 9 3 1 12
V 9 14 8 1
V 12 7 2 1
H 13 3 1 16
V 11 5 4 2
H 11 0 1 10
V 11 1 4 2
V 11 1 6 2
V 9 15 6 4
H 13 3 1 16
V 11 9 4 2
V 11 0 2 1
H 11 0 1 10
H 11 0 1 6
V 11 1 4 2
V 12 1 4 2
V 7 0 2 1
V 7 2 2 1
V 5 1 6 12
H 10 7 1 2
H 9 0 2 16
V 9 14 8 1
H 13 3 1 16
V 12 5 2 1
V 11 5 4 2
H 11 0 1 10
H 11 0 1 2
V 11 0 2 1
V 11 0 4 1
H 5 0 3 6
V 3 4 8 1
V 9 2 2 1
H 9 0 1 20
V 9 14 8 3
H 13 3 1 16
V 11 5 4 6
H 11 2 1 8
V 11 1 4 2
V 11 2 6 1
V 5 15 2 1
H 5 0 1 20
V 6 7 2 1
H 1 5 1 2
H 10 5 1 2
V 3 6 8 4
H 9 2 2 16
H 15 14 1 2
V 9 14 8 1
V 13 18 4 1
V 13 6 2 1
H 13 3 1 16
V 11 6 4 5
H 11 2 1 8
V 11 2 4 1
V 12 2 4 1
V 0 14 6 6
H 4 0 1 20
V 0 4 10 1
H 9 0 2 20
V 9 14 8 4
V 13 2 2 1
V 13 15 2 1
H 13 3 1 16
V 11 6 4 1
H 11 0 1 10
H 11 0 1 2
V 11 0 2 1
V 12 0 2 1
V 12 5 2 1
V 10 14 10 1
H 19 3 1 12
H 17 3 3 10
V 17 11 2 1
V 18 4 2 11
H 19 4 1 2
V 11 3 2 8
H 11 0 1 10
V 11 1 2 1
V 7 7 4 6
H 9 2 1 2
H 9 3 1 12
V 12 14 2 1
V 9 14 8 3
H 9 13 1 2
V 9 14 10 1
H 18 3 1 12
H 18 12 1 2
H 18 3 1 10
H 0 1 3 4
H 7 3 1 6
V 0 4 8 2
V 0 4 10 5
H 9 0 2 20
V 9 14 8 1
H 13 3 1 16
V 11 3 4 4
H 11 2 1 8
V 11 2 2 1
V 12 2 2 1
V 12 17 2 1
V 12 4 6 7
V 12 8 8 3
H 19 5 1 8
H 12 3 1 10
V 11 4 2 7
H 11 1 1 10
V 2 10 6 4
V 2 13 8 1
H 9 13 2 2
V 9 14 8 1
H 14 14 2 2
V 10 14 10 1
V 17 10 2 1
H 18 5 1 10
H 18 4 1 10
H 0 3 4 2
V 2 18 2 1
V 3 4 2 16
V 1 4 10 1
H 8 3 1 2
H 8 0 1 20
H 9 0 1 20
H 10 14 1 2
V 9 14 8 1
H 14 10 1 2
H 13 3 3 16
V 11 5 4 2
H 13 6 1 2
H 11 2 1 8
V 11 2 2 1
V 11 10 2 1
H 13 4 5 2
V 15 5 4 9
V 12 7 2 1
V 12 17 2 1
V 18 13 2 1
H 13 3 1 16
V 12 6 2 1
V 11 3 4 4
H 11 2 1 4
V 7 11 2 1
V 8 2 2 10
V 8 13 2 1
H 9 9 2 10
V 10 15 2 1
V 9 14 4 6
H 16 4 1 12
H 18 13 1 2
V 9 14 10 1
H 16 3 1 16
H 11 3 6 6
V 11 11 8 1
H 14 10 1 2
V 12 11 8 2
H 16 7 4 8
H 17 5 1 2
V 0 7 2 1
V 16 10 2 1
H 0 0 1 14
V 0 5 10 3
V 1 5 10 2
V 8 2 2 1
H 9 0 2 18
H 19 13 1 2
V 10 14 10 1
V 14 6 2 1
V 14 11 2 2
H 15 3 1 16
H 14 3 2 6
H 4 17 1 2
H 6 14 1 6
V 0 16 8 2
H 4 0 1 20
V 5 6 2 1
V 1 4 10 5
H 9 1 2 16
V 9 14 10 1
H 14 3 1 16
V 11 6 8 1
H 11 4 5 2
V 15 5 2 1
H 14 3 1 8
V 0 1 4 3
H 1 0 2 6
H 16 6 2 10
V 17 7 2 1
V 11 11 6 1
V 13 7 2 1
H 14 4 2 14
V 3 11 2 1
V 4 9 2 1
V 4 11 2 7
V 2 11 8 2
H 9 12 2 4
V 9 14 10 1
H 14 4 1 16
V 12 6 6 7
H 7 0 1 20
V 9 4 2 1
V 9 12 2 1
V 6 8 4 5
V 8 11 2 1
H 9 3 1 12
H 16 11 1 6
V 9 14 8 1
V 14 17 2 1
H 13 4 2 16
V 11 6 4 2
H 11 4 3 4
H 3 15 1 2
V 1 16 6 2
V 0 18 8 1
V 3 17 2 1
H 4 0 1 20
H 6 7 1 2
V 0 5 10 3
H 9 4 1 16
V 9 14 8 6
H 13 4 1 16
V 13 4 2 1
V 12 3 2 10
H 13 5 1 2
V 11 8 2 1
H 12 3 2 6
V 9 14 8 5
H 9 0 1 20
H 5 8 1 2
H 7 8 1 2
V 1 4 10 5
V 0 4 8 2
H 0 1 3 6
V 0 2 2 12
H 1 1 1 2
H 11 5 2 4
V 12 5 4 6
H 12 4 1 2
V 14 12 6 1
V 12 13 8 1
H 13 6 4 12
H 0 8 2 6
V 0 9 4 3
V 1 10 2 1
V 3 14 2 1
H 2 0 2 20
V 1 18 2 2
V 9 13 2 1
H 10 2 1 18
V 9 16 8 4
V 10 18 10 2
V 11 19 8 1
V 14 9 2 1
H 14 6 1 14
H 14 8 3 8
V 18 9 2 1
V 11 8 8 2
V 0 11 6 1
H 7 10 1 2
V 1 11 10 1
H 10 10 1 6
V 9 14 10 1
H 14 5 2 14
H 15 5 1 4
V 9 15 8 1
H 9 0 2 20
V 9 14 10 1
H 14 5 1 14
V 12 7 6 3
H 19 9 1 2
V 13 19 2 1
H 17 16 1 4
V 9 19 10 1
V 10 18 2 1
V 9 14 4 6
H 9 0 2 20
V 1 4 10 6
V 0 6 8 4
H 0 2 1 12
H 0 2 1 2
V 1 2 2 10
H 2 1 2 4
H 12 5 3 6
H 18 18 1 2
H 14 15 1 2
V 0 12 2 1
H 1 2 1 12
H 1 2 3 8
V 1 3 2 3
H 2 3 2 10
H 2 2 1 18
V 17 19 2 1
V 1 14 4 4
H 4 0 1 20
V 0 4 10 1
V 9 17 2 1
H 9 0 1 20
V 9 14 10 1
V 14 15 2 1
H 14 6 1 10
H 12 8 1 2
V 11 9 8 1
H 6 9 1 2
H 4 0 5 20
V 1 5 10 5
V 3 8 2 1
H 3 0 1 18
H 15 6 1 2
V 16 9 2 1
V 12 13 2 1
V 11 8 6 2
H 11 7 1 2
V 15 14 2 1
V 14 7 2 13
V 11 8 2 1
H 12 6 3 6
H 12 6 2 4
V 2 17 2 1
V 1 14 2 4
H 5 14 2 2
H 2 11 7 8
V 2 9 4 6
H 2 2 2 14
H 12 13 1 2
V 9 19 2 1
V 10 14 4 6
V 9 15 10 2
V 15 15 2 1
H 16 12 2 8
V 3 10 2 10
V 2 3 2 1
H 3 2 1 18
H 3 1 1 4
H 2 16 1 2
H 15 16 1 2
V 14 12 6 3
V 15 16 2 1
H 16 8 1 10
H 9 0 1 20
V 1 6 10 3
H 4 0 5 20
V 0 16 8 1
V 2 14 4 3
V 3 9 2 1
V 3 18 2 1
H 3 12 1 8
V 3 6 8 3
H 4 0 1 14
V 8 0 2 12
H 9 8 1 12
V 9 17 10 1
V 10 17 10 1
V 7 4 4 10
H 10 1 1 16
V 9 14 10 1
H 14 10 3 6
V 12 11 8 1
H 2 3 2 2
V 2 5 2 1
V 4 9 4 1
V 1 4 4 7
H 0 5 1 2
V 1 5 2 5
H 3 2 1 2
H 2 3 2 6
V 14 10 4 2
H 14 8 2 4
V 16 12 2 7
H 16 9 1 8
H 16 10 1 8
V 15 15 4 3
V 16 15 4 2
H 15 12 2 8
V 16 12 4 1
V 14 13 6 1
H 19 12 1 2
H 19 15 1 2
V 11 15 8 2
H 13 8 2 12
H 13 10 1 2
V 12 10 6 1
V 1 6 6 2
H 4 1 7 10
H 3 17 1 2
V 3 12 6 6
H 3 14 4 4
V 0 14 8 2
H 0 8 5 4
H 4 2 2 18
V 0 8 2 1
V 0 11 2 1
H 8 10 1 2
V 1 11 10 1
H 9 10 1 6
V 12 17 2 1
H 11 18 1 2
V 9 14 8 5
H 13 6 1 14
H 13 6 1 2
V 9 15 2 1
H 9 0 1 20
V 2 8 8 1
V 4 5 2 1
V 4 14 2 1
H 5 0 1 16
V 9 14 8 4
H 14 11 1 4
V 14 18 2 1
H 13 8 2 12
H 13 9 1 4
V 11 8 4 3
H 2 5 1 2
H 2 4 5 2
V 2 9 2 1
V 1 5 4 7
V 6 14 2 1
V 1 14 6 2
V 13 9 2 11
V 12 14 2 1
H 13 7 1 6
H 3 12 1 2
H 2 10 5 6
V 0 14 4 1
V 3 11 2 7
V 2 14 4 2
H 4 13 2 6
H 15 10 1 10
V 3 4 8 3
H 10 0 1 2
H 5 1 6 6
V 0 6 6 1
H 3 3 1 6
V 13 12 4 2
V 13 11 2 1
H 14 8 1 10
H 14 14 1 6
V 11 16 8 1
H 8 0 3 12
H 2 5 1 2
V 1 6 10 1
V 0 6 8 2
V 5 11 2 1
V 2 11 8 3
H 6 0 1 20
H 6 5 1 2
H 6 0 1 6
V 6 10 2 1
V 6 13 2 1
H 5 2 2 18
V 3 5 8 3
H 9 5 1 14
H 14 9 1 6
V 9 14 10 1
H 13 12 2 4
H 16 11 1 2
H 15 10 1 4
V 11 12 8 1
V 9 15 10 1
V 9 15 6 1
H 9 9 1 10
V 2 7 8 7
V 4 7 2 1
H 5 2 1 18
V 11 10 2 1
H 4 14 4 4
V 6 3 2 16
H 6 18 1 2
V 7 0 2 20
H 7 0 1 2
H 9 16 7 2
V 12 13 6 4
V 3 6 2 4
H 4 3 3 8
V 3 4 4 8
H 2 9 2 6
V 0 9 4 2
H 0 8 2 6
H 10 14 6 4
V 11 15 8 1
V 9 14 8 4
H 14 14 1 6
V 12 15 4 4
H 15 17 1 2
H 15 10 1 8
H 13 10 3 6
V 13 12 2 7
V 11 13 8 2
H 14 10 1 6
H 14 11 1 8
V 12 13 6 3
H 15 12 1 2
H 17 12 1 2
V 16 14 4 1
H 13 8 1 12
H 13 8 1 2
H 0 9 1 4
V 0 7 10 4
V 0 8 6 3
H 0 7 1 2
V 5 7 2 1
H 5 3 1 16
H 3 5 1 10
H 3 5 1 12
V 7 6 2 1
V 8 2 2 12
V 9 17 2 1
V 9 19 2 1
H 9 5 1 14
V 9 16 6 2
V 12 16 4 1
V 9 14 8 4
V 12 9 2 1
V 1 7 2 5
H 2 6 2 6
V 4 5 6 8
H 5 3 1 4
V 2 7 2 7
H 3 5 1 10
H 13 10 2 8
V 14 17 2 1
H 13 10 1 10
V 6 9 2 1
V 6 17 2 1
V 3 9 4 7
H 6 9 1 10
V 6 10 2 1
V 0 9 6 1
H 6 10 1 2
H 3 9 8 2
H 3 6 4 10
V 11 13 4 5
H 13 10 2 8
V 12 10 2 1
V 12 12 2 1
V 12 13 6 3
H 3 11 1 4
V 2 13 8 1
H 6 2 1 16
H 6 2 3 6
V 2 12 8 2
H 9 12 2 4
V 9 14 8 1
H 15 13 1 4
V 9 14 10 1
V 5 12 6 2
H 7 2 1 18
V 4 4 6 2
H 14 13 1 2
V 9 14 6 2
V 9 10 2 1
H 9 0 1 20
V 9 1 2 1
V 7 7 2 1
V 8 5 2 4
H 8 0 1 10
H 13 10 1 2
V 12 11 2 1
V 2 7 2 4
H 2 7 8 4
H 9 1 1 2
V 7 2 4 1
H 8 1 1 2
H 2 11 1 2
H 1 8 7 4
V 0 10 4 2
H 9 0 2 8
H 9 14 6 4
H 13 12 1 4
V 13 13 4 3
V 10 14 4 1
V 12 14 6 1
H 13 12 2 6
V 13 11 2 6
H 12 13 2 6
H 13 10 1 8
V 9 1 2 16
V 9 14 8 1
H 13 11 2 6
V 10 15 2 1
V 8 11 2 1
H 9 10 2 8
V 3 7 8 4
V 6 10 2 1
H 5 5 2 12
V 2 11 2 1
V 3 7 2 7
H 4 5 1 6
V 3 8 2 1
H 4 6 2 10
V 7 6 2 1
H 7 3 1 16
V 5 4 4 1
V 4 5 2 6
H 5 12 1 4
H 4 5 2 10
V 9 17 4 3
H 9 10 2 10
V 2 10 2 1
V 2 13 2 1
H 6 13 1 2
H 16 13 1 2
V 3 13 8 1
V 2 13 8 1
V 1 10 10 1
H 8 2 1 18
H 9 8 1 2
V 1 9 10 2
H 4 6 1 4
V 1 8 4 2
H 1 8 1 2
V 1 9 2 3
H 1 10 1 2
V 7 4 2 6
H 7 3 1 2
H 8 2 3 4
H 14 13 1 4
V 9 19 2 1
V 10 17 2 3
V 10 16 4 2
V 11 14 2 5
H 12 15 1 4
H 13 12 2 2
V 12 13 4 2
H 3 9 3 4
V 1 9 6 2
V 6 9 2 4
H 6 4 2 10
V 3 7 6 3
H 3 7 1 2
H 7 8 2 10
V 11 13 2 2
H 11 13 1 6
H 10 13 1 2
H 10 14 2 6
V 4 11 6 3
H 8 5 1 14
H 10 0 1 20
H 10 0 1 2
V 9 3 2 6
H 9 1 2 10
V 13 12 2 1
H 9 18 1 2
V 1 10 10 1
V 0 10 10 1
H 14 14 1 2
V 14 14 2 1
H 14 13 1 2
V 1 10 4 1
H 3 9 8 4
V 4 7 4 3
H 6 6 1 2
H 4 7 3 4
V 7 7 2 10
H 8 3 3 8
V 5 7 6 4
V 5 6 2 7
H 5 6 1 2
V 3 8 8 2
H 3 8 1 2
H 12 13 2 4
V 10 14 6 1
H 7 12 1 2
V 4 13 6 1
H 7 11 2 6
V 9 10 2 8
V 10 14 2 1
H 9 3 1 16
V 10 14 4 3
H 10 14 1 6
V 7 4 2 1
V 7 8 2 1
V 3 9 8 3
V 9 7 2 1
H 10 5 1 14
V 10 18 2 1
V 6 7 2 6
V 5 8 6 3
H 9 6 2 12
H 6 13 1 2
H 9 13 1 2
V 11 14 2 1
V 9 14 6 1
H 13 12 1 4
V 10 14 4 2
V 10 14 2 2
H 10 1 1 18
H 10 1 1 10
H 8 4 1 2
V 5 10 2 1
V 4 8 2 5
H 5 7 1 2
V 9 15 2 2
H 9 16 1 2
H 7 5 4 2
H 6 6 1 2
V 6 6 4 1
H 7 10 1 2
H 5 8 3 6
V 3 9 6 1
H 4 9 7 2
V 2 10 4 1
V 3 10 4 2
H 4 11 1 2
V 6 9 2 1
V 7 7 4 5
V 7 10 4 1
H 9 3 2 8
H 10 2 1 4
H 8 11 1 6
V 5 13 6 1
H 10 12 1 4
V 10 14 2 3
H 9 14 1 2
V 11 16 2 1
V 9 14 6 1
H 9 7 2 8
V 5 9 6 2
H 7 6 1 10
H 5 9 3 4
V 3 11 4 1
V 5 10 6 1
H 9 5 1 12
H 8 12 1 2
V 8 6 2 7
H 8 5 1 12
V 7 8 2 7
V 6 9 2 1
H 7 5 2 6
V 9 4 2 12
H 10 9 1 10
H 13 13 1 2
H 12 15 1 2
H 9 4 1 2
V 8 5 2 1
V 7 14 2 1
H 7 9 1 6
V 7 10 2 1
H 6 8 2 6
V 5 8 2 1
H 9 9 2 8
V 4 9 2 2
H 4 9 1 2
H 10 3 1 8
V 10 14 4 1
H 11 13 1 4
V 7 11 2 1
V 5 10 6 2
H 6 10 4 2
V 3 10 6 1
H 7 12 1 2
V 7 10 4 3
H 10 10 1 6
V 9 15 4 1
H 12 13 1 2
H 10 4 1 12
V 9 7 2 1
H 10 4 1 14
V 4 10 4 1
V 11 14 2 1
V 6 8 2 5
V 6 10 2 1
V 7 7 2 7
H 8 11 1 4
H 7 8 4 4
V 5 11 4 1
V 9 10 2 4
H 9 8 2 8
V 10 15 2 1
H 9 6 2 4
V 7 8 4 1
V 6 8 4 1
V 5 10 2 1
H 6 9 1 2
H 10 5 1 10
V 9 14 2 1
V 10 14 2 1
H 8 7 3 6
H 8 7 1 2
V 8 8 2 6
V 7 10 2 1
H 8 10 2 4
H 8 8 1 4
V 5 10 6 1
H 6 10 1 2
V 7 10 2 1
V 6 10 2 1
V 7 10 4 1
H 9 6 2 8
H 10 6 1 2
H 8 8 2 4
V 7 9 2 1
H 9 7 2 2
H 8 9 2 2
H 8 9 3 4
H 10 11 1 4
H 8 9 1 2
V 7 10 2 1
H 9 8 2 4
H 10 12 1 2
V 9 12 2 1
H 10 11 1 2
V 9 9 2 3
H 10 8 1 6
V 8 10 2 1
V 9 10 2 1
H 10 9 1 4
H 10 10 1 2
