H 17 1 1 2
H 12 15 1 2
H 2 2 1 2
V 10 18 2 1
H 13 16 1 2
V 17 17 2 3
H 17 0 1 20
V 16 3 4 8
V 15 9 2 1
H 19 0 1 10
H 19 0 1 8
V 15 7 2 13
V 14 16 2 1
H 0 0 1 18
H 15 0 2 18
H 17 2 1 2
V 14 8 2 1
V 15 3 4 8
H 18 0 1 6
V 17 4 2 1
V 17 12 2 3
V 17 8 2 1
V 16 5 2 1
H 17 0 1 20
H 19 2 1 8
V 16 3 4 4
H 19 1 1 6
V 2 18 6 2
H 2 18 8 2
H 10 18 1 2
V 0 19 12 1
H 10 0 2 20
H 11 6 1 2
H 10 7 2 4
V 11 5 2 3
V 12 16 2 1
V 12 19 2 1
H 12 0 1 18
V 12 16 4 1
H 14 4 1 16
V 13 5 2 1
V 13 19 2 1
V 13 8 6 3
V 17 13 2 2
H 17 0 1 16
V 6 0 2 12
H 5 7 2 4
V 5 3 2 1
H 6 0 1 20
V 2 19 10 1
H 11 0 1 20
H 11 6 1 4
V 11 0 2 8
H 12 0 1 18
V 12 16 4 1
V 13 10 4 7
H 15 0 2 20
V 15 4 4 3
H 3 1 2 10
H 18 1 1 10
H 1 0 3 20
H 5 11 1 2
V 3 12 4 8
V 0 19 12 1
V 11 0 2 1
V 11 5 2 1
H 10 0 2 20
H 10 6 2 4
V 11 5 2 3
H 12 0 1 18
V 12 16 2 3
V 13 15 4 2
V 16 10 2 1
H 15 0 2 20
V 15 3 4 5
H 16 0 1 10
H 18 5 1 2
V 16 6 4 2
H 1 2 3 8
H 18 2 2 8
V 16 6 2 1
H 15 0 2 20
H 16 0 1 2
H 14 16 1 2
H 13 7 1 2
V 13 8 4 9
V 14 11 6 1
H 19 11 1 8
H 19 12 1 8
V 10 0 2 19
V 10 8 2 1
H 11 7 1 8
V 11 4 2 4
H 12 0 1 18
V 12 16 4 1
H 13 3 2 16
V 13 8 6 1
V 17 6 2 1
H 17 1 1 14
H 1 18 6 2
V 0 19 12 1
H 10 0 2 20
H 10 6 2 4
V 11 0 2 1
V 11 5 2 3
H 12 0 1 18
V 12 16 4 1
V 14 13 2 1
H 13 1 2 16
V 13 8 6 1
H 17 3 1 10
V 16 3 4 1
V 6 15 2 1
H 5 6 2 14
H 4 18 1 2
V 2 19 10 1
H 11 0 1 20
H 11 7 1 4
V 11 5 2 3
H 12 8 1 2
H 12 0 1 18
V 12 16 2 3
V 13 15 4 2
V 14 8 2 1
H 15 0 1 20
V 15 5 2 13
V 15 5 4 3
H 18 2 1 8
V 18 11 2 5
H 19 13 1 6
H 16 10 1 2
H 15 3 4 8
H 18 3 1 2
H 16 6 1 2
V 17 12 2 1
V 18 11 2 5
H 17 10 1 2
V 17 11 2 9
H 17 3 1 16
V 15 4 4 4
V 15 5 2 1
H 15 0 1 12
V 10 3 2 17
H 11 0 1 20
H 11 6 1 4
V 11 7 2 1
H 12 0 1 18
V 12 16 4 1
H 13 7 2 10
V 14 11 6 1
H 17 4 1 16
V 17 12 2 1
V 17 19 2 1
V 4 16 4 1
V 3 11 4 9
V 0 19 12 1
H 11 0 1 20
H 11 6 1 4
V 11 6 2 2
H 12 0 1 18
V 12 16 2 1
V 13 6 2 1
H 13 2 1 16
H 18 7 1 2
V 13 8 6 1
H 15 1 2 14
H 14 0 1 20
V 14 10 2 1
V 13 8 4 9
H 15 2 2 10
V 15 4 4 5
H 17 3 1 2
V 4 19 8 1
V 11 3 2 1
H 10 9 1 2
H 10 0 2 20
H 10 6 2 4
V 11 7 2 1
H 12 0 1 18
V 12 16 2 3
H 13 2 2 16
V 13 8 6 1
V 14 8 6 1
H 17 5 3 6
V 10 14 2 4
H 11 3 1 16
V 11 0 2 1
V 11 7 2 1
V 12 16 2 1
H 12 1 1 18
V 12 16 4 1
H 14 10 1 10
H 13 10 1 2
V 13 11 6 1
V 16 9 2 1
H 17 4 1 16
H 8 12 2 2
V 4 13 6 1
H 5 8 2 12
V 0 19 12 1
H 11 0 1 20
H 11 7 1 4
V 11 7 2 1
H 12 0 1 18
V 12 16 4 1
V 13 6 2 1
V 13 11 2 1
H 14 0 1 20
H 13 0 2 12
H 4 14 3 6
V 0 19 12 1
V 10 9 2 1
H 11 0 1 20
H 11 6 1 4
V 11 5 2 3
H 12 0 1 18
H 13 15 1 2
V 12 16 4 1
H 14 7 1 10
V 14 16 2 1
V 13 11 6 1
V 17 9 2 1
V 17 16 2 1
V 16 8 2 1
H 17 5 1 14
V 17 18 2 1
V 6 17 2 1
H 5 16 2 4
V 0 19 12 1
H 11 0 1 20
H 11 6 1 4
V 11 5 2 3
H 12 0 1 18
V 13 16 2 1
V 12 16 2 3
H 13 1 2 16
V 13 8 6 1
H 16 2 1 12
H 8 4 1 4
V 8 4 2 1
V 8 18 2 1
H 8 1 1 14
V 4 13 6 1
H 5 8 1 12
V 0 19 12 1
H 11 0 1 20
H 11 7 1 4
V 11 5 2 3
H 12 0 1 18
V 12 16 2 2
V 14 12 2 1
H 13 9 2 10
V 13 11 6 1
V 14 11 6 1
H 19 11 1 6
H 19 12 1 6
V 16 8 4 3
H 16 4 2 8
H 12 11 1 8
V 12 16 2 3
V 12 17 2 1
H 12 15 1 2
H 13 8 1 10
V 13 11 6 1
H 17 11 1 2
V 14 11 6 1
H 17 11 3 4
V 18 11 2 1
H 19 11 1 6
V 12 16 2 1
V 13 1 2 18
H 14 5 1 14
V 13 11 6 1
V 17 12 2 1
H 17 5 1 14
H 12 2 1 10
H 12 1 1 18
V 12 16 2 3
H 13 1 1 16
V 13 8 6 3
V 14 8 6 1
H 15 6 5 4
V 13 13 2 1
V 13 16 2 3
H 14 2 1 18
H 13 1 2 16
V 3 13 6 1
H 5 8 1 12
H 14 8 1 12
V 0 19 12 1
H 11 0 1 20
H 11 7 1 4
V 11 5 2 3
H 12 0 1 18
V 12 16 2 3
V 13 14 4 3
H 15 4 2 16
V 13 8 6 2
H 15 5 4 6
H 8 8 2 6
V 3 13 6 1
H 5 8 1 12
V 0 19 12 1
H 11 0 1 20
H 11 6 1 4
H 12 7 1 2
H 19 7 1 2
V 11 4 2 4
H 12 0 1 18
V 12 16 4 1
H 14 10 1 10
V 14 11 6 1
H 17 6 1 12
V 17 17 2 1
V 1 18 2 1
H 2 0 3 20
V 3 17 4 3
V 0 19 12 1
H 11 0 1 20
H 11 7 1 4
V 11 6 2 2
H 1 0 3 18
H 12 0 1 18
V 12 16 2 3
H 13 1 1 16
V 13 8 6 1
H 15 3 2 10
H 1 0 2 20
V 1 17 8 3
V 0 19 12 1
H 11 0 1 20
H 11 6 1 4
V 11 6 2 2
H 12 0 1 18
V 12 16 2 3
V 13 14 4 3
H 15 2 1 18
H 15 2 1 10
H 8 0 2 8
H 9 1 1 14
V 2 13 8 2
H 5 8 1 12
H 10 18 1 2
V 0 19 12 1
V 10 18 2 1
H 11 0 1 20
H 11 7 1 4
V 11 6 2 2
H 12 0 1 18
V 12 16 2 3
H 13 0 1 18
H 0 0 1 14
H 13 0 1 14
H 12 14 1 4
V 12 16 2 3
H 13 8 2 10
V 13 11 6 1
V 14 11 6 1
H 17 11 3 4
H 17 12 3 4
H 6 14 1 6
H 10 18 1 2
V 2 19 10 1
H 11 0 1 20
H 11 6 1 4
V 11 6 2 2
H 12 8 1 2
H 12 0 1 18
V 12 16 2 3
V 12 16 4 1
H 15 10 1 2
V 15 17 2 1
H 15 3 1 16
H 15 3 1 10
H 8 12 2 2
V 3 13 6 1
H 5 8 1 12
V 0 19 12 1
H 5 0 2 20
H 11 0 1 20
H 11 7 1 4
V 11 5 2 3
H 12 0 1 18
V 12 16 2 3
H 13 2 1 16
V 13 8 6 3
V 14 8 6 1
H 19 7 1 2
V 2 19 10 1
H 11 0 1 20
H 11 6 1 4
V 11 6 2 2
H 12 0 1 18
V 12 16 2 3
V 12 16 4 1
H 15 4 1 16
V 14 8 6 1
V 18 9 2 1
H 17 6 2 4
H 5 10 1 10
V 0 19 12 1
H 11 0 1 20
H 11 6 1 4
V 11 7 2 1
H 12 0 1 18
V 12 16 4 1
H 13 3 2 16
V 13 8 6 1
H 17 5 1 6
H 8 1 2 10
H 8 1 2 14
V 3 13 6 2
H 5 8 1 12
V 0 19 12 1
H 11 0 1 20
H 11 6 1 4
V 11 6 2 2
V 12 17 2 1
H 12 0 1 18
V 12 16 4 1
H 13 9 2 10
V 13 11 6 1
V 16 8 4 1
H 17 6 1 12
H 13 2 1 4
V 10 4 2 13
V 10 19 2 1
V 11 5 2 3
H 10 6 3 2
H 12 0 1 18
V 12 16 4 1
H 14 7 1 10
H 16 11 1 2
V 13 11 6 1
H 17 7 1 10
H 11 2 1 18
V 11 7 2 1
H 12 0 1 18
V 12 16 4 1
H 13 6 2 12
V 13 10 6 1
H 17 6 1 10
V 17 15 2 1
V 5 14 2 1
V 4 12 2 8
H 4 14 2 6
V 0 19 12 1
H 11 0 1 20
H 11 7 1 4
V 11 5 2 3
H 12 0 1 18
V 12 16 2 3
V 13 13 4 4
V 15 18 2 1
H 15 4 1 16
H 15 4 1 8
V 4 14 4 2
H 5 10 1 10
V 0 19 12 1
H 11 0 1 20
H 11 6 1 4
V 11 6 2 2
H 12 0 1 18
V 12 16 2 3
H 14 16 1 4
H 13 3 2 16
V 13 8 6 1
H 15 5 2 6
H 5 13 1 2
V 2 11 4 3
H 5 8 1 12
V 0 19 12 1
H 11 0 1 20
H 11 7 1 4
V 11 7 2 1
H 12 0 1 18
V 12 16 4 1
H 13 3 2 16
V 13 3 2 1
V 13 19 2 1
H 14 3 1 10
H 8 1 2 6
V 8 14 2 1
H 9 1 1 14
V 5 14 2 1
V 2 13 8 2
H 2 14 1 2
H 5 8 1 12
V 0 19 12 1
H 11 0 1 20
H 11 7 1 4
V 11 6 2 2
H 12 0 1 18
V 12 16 4 1
H 14 4 1 16
H 13 7 1 2
V 13 8 6 2
H 15 6 3 4
H 5 16 1 4
V 0 19 12 1
H 11 0 1 20
H 11 7 1 4
V 11 7 2 1
H 12 0 1 18
V 12 16 2 3
V 13 16 4 1
H 15 18 1 2
H 15 5 1 14
H 15 5 1 8
V 4 16 6 1
H 4 14 3 6
V 0 19 12 1
H 11 0 1 20
H 11 7 1 4
V 11 7 2 1
H 12 0 1 18
V 12 16 2 3
V 13 11 6 1
H 13 3 1 16
H 13 3 1 10
V 1 16 6 4
H 5 16 1 4
V 0 19 12 1
H 11 0 1 20
H 11 7 1 4
V 11 7 2 1
H 12 0 1 18
V 12 16 4 1
H 1 4 2 16
H 14 4 1 16
V 14 10 2 1
H 13 4 2 8
H 2 3 1 2
V 0 19 8 1
V 0 19 12 1
H 11 0 1 20
H 11 7 1 4
V 11 7 2 1
H 12 0 1 18
V 12 16 4 1
H 13 7 2 10
V 13 11 6 1
H 17 8 1 8
H 8 1 2 14
V 3 13 6 1
H 5 8 1 12
V 0 19 12 1
H 11 0 1 20
H 11 7 1 4
V 11 7 2 1
H 12 0 1 18
V 12 16 2 3
H 12 16 1 2
V 12 16 4 1
H 15 6 1 14
V 13 8 6 2
H 2 8 1 2
H 18 8 1 2
H 9 12 1 2
V 2 13 8 1
H 5 8 1 12
V 0 19 12 1
H 11 0 1 20
H 11 7 1 4
V 11 7 2 1
H 12 0 1 18
V 12 16 4 1
H 13 5 2 14
V 13 9 6 1
H 15 7 3 4
V 16 8 2 1
H 13 5 2 14
V 15 11 2 1
V 18 11 2 1
V 13 11 6 1
H 14 10 1 2
V 14 11 6 1
H 19 11 1 2
H 6 6 1 14
V 2 19 10 1
H 11 0 1 20
H 11 7 1 4
V 11 7 2 1
H 12 0 1 18
V 12 16 4 1
H 13 6 2 12
V 13 9 6 2
H 17 9 1 6
V 17 13 2 1
V 3 12 4 1
V 6 7 2 1
H 5 6 2 14
V 0 19 12 1
H 11 0 1 20
H 11 7 1 4
V 11 7 2 1
H 12 0 1 18
V 12 16 4 1
H 13 8 2 10
H 17 10 1 2
V 13 11 6 1
H 17 9 1 6
H 8 12 2 2
V 4 13 6 1
H 5 8 1 12
V 0 19 12 1
H 11 0 1 20
H 11 7 1 4
V 11 7 2 1
H 12 0 1 18
H 13 15 1 2
V 12 16 2 3
H 13 5 1 12
V 13 9 6 2
V 13 10 2 1
V 14 10 6 1
V 6 1 2 10
H 6 0 2 16
H 6 0 1 20
V 2 19 10 1
H 4 0 1 20
H 11 0 1 20
H 11 7 1 4
V 11 7 2 1
H 12 0 1 18
V 12 16 2 3
H 12 15 1 2
V 12 16 4 1
H 15 6 1 14
V 13 9 6 1
V 4 17 2 3
V 0 19 12 1
H 11 0 1 20
H 11 7 1 4
V 11 7 2 1
H 12 0 1 18
V 12 16 2 3
H 13 7 2 12
V 13 10 6 1
H 16 7 1 6
V 0 0 2 2
V 1 1 2 1
H 1 0 2 18
H 1 0 2 20
V 1 18 8 2
V 0 19 12 1
H 11 0 1 20
H 11 7 1 4
V 11 7 2 1
H 12 0 1 18
V 12 16 2 3
V 12 16 4 1
H 15 6 1 14
H 15 6 1 6
V 2 17 8 3
H 2 16 5 4
V 0 19 12 1
H 11 0 1 20
H 11 7 1 4
V 11 7 2 1
H 12 0 1 18
V 12 16 2 3
H 13 5 1 14
H 13 5 1 8
H 3 18 7 2
V 6 19 6 1
H 11 0 1 20
H 11 7 1 4
V 11 7 2 1
H 12 0 1 18
H 13 15 1 2
V 12 16 2 3
V 13 12 4 5
H 15 8 1 12
V 13 10 6 1
H 6 18 4 2
V 2 19 10 1
H 11 0 1 20
H 11 7 1 4
V 11 7 2 1
H 12 0 1 18
V 12 16 4 1
H 14 6 1 14
V 14 8 2 4
V 14 9 4 1
V 4 12 4 2
H 5 8 2 12
V 0 19 12 1
H 11 0 1 20
H 11 7 1 4
V 11 7 2 1
H 12 0 1 18
V 12 16 2 3
H 13 7 2 10
H 15 11 1 2
V 13 11 6 1
V 14 11 6 1
V 1 13 8 1
H 5 8 1 12
V 0 19 12 1
H 11 0 1 20
H 11 7 1 4
V 11 7 2 1
H 12 0 1 18
V 12 16 4 1
H 14 6 1 14
H 13 6 2 6
H 4 2 1 18
V 4 13 2 7
V 0 19 12 1
H 11 0 1 20
H 11 7 1 4
V 11 7 2 1
H 12 0 1 18
V 12 16 4 1
H 14 10 1 10
V 15 11 2 1
H 17 11 1 2
V 13 11 6 1
H 17 10 1 4
H 1 14 6 6
V 2 19 10 1
H 11 0 1 20
H 11 7 1 4
V 11 7 2 1
H 12 0 1 18
V 12 16 2 3
H 15 16 1 2
V 12 16 4 1
H 15 8 1 12
V 13 9 2 1
H 14 8 2 4
V 0 19 10 1
V 0 19 12 1
H 11 0 1 20
H 11 7 1 4
V 11 7 2 1
H 12 0 1 18
V 12 16 4 1
H 14 7 1 12
H 14 7 1 6
V 2 15 8 1
H 5 12 1 8
V 0 19 12 1
H 11 0 1 20
H 11 7 1 4
V 11 7 2 1
H 12 0 1 18
H 14 8 1 12
V 12 16 4 1
V 13 14 4 3
H 16 9 1 10
H 13 9 4 4
H 4 14 2 6
V 0 19 12 1
H 5 0 1 20
H 11 0 1 20
H 11 7 1 4
V 11 7 2 1
H 12 0 1 18
V 12 16 2 3
H 13 6 1 12
H 13 6 1 8
V 0 19 12 1
H 11 0 1 20
H 11 7 1 4
V 11 5 2 3
H 12 0 1 18
V 12 16 2 3
H 13 7 1 12
H 13 7 1 6
V 0 0 2 1
H 0 0 1 6
V 0 0 2 2
H 0 0 1 18
H 1 0 4 18
H 1 0 3 20
V 1 19 8 1
V 0 19 12 1
H 11 0 1 20
H 11 7 1 4
V 11 7 2 1
H 12 0 1 18
V 12 16 2 3
H 14 15 1 2
V 13 16 4 1
H 15 9 1 10
H 13 9 3 4
V 13 9 2 1
V 6 5 2 3
H 5 4 3 6
H 6 0 1 20
V 2 19 10 1
H 11 0 1 20
H 11 7 1 4
V 11 5 2 3
H 12 0 1 18
V 12 16 2 3
H 13 8 1 10
H 13 8 1 6
H 15 11 1 2
H 1 14 6 6
V 2 19 10 1
H 11 0 1 20
H 11 7 1 4
V 11 7 2 1
H 12 0 1 18
V 12 16 4 1
V 13 14 4 3
H 15 12 2 8
H 5 4 2 10
V 6 19 2 1
H 6 0 1 20
V 2 19 10 1
H 11 0 1 20
H 11 7 1 4
V 11 5 2 3
H 12 0 1 18
V 12 16 4 1
H 14 10 1 10
H 14 10 1 2
V 6 19 6 1
H 11 0 1 20
H 11 7 1 4
V 11 7 2 1
H 12 0 1 18
V 12 16 4 1
V 13 16 4 1
H 16 13 1 6
V 1 19 8 1
V 0 19 12 1
H 11 0 1 20
H 11 7 1 4
V 11 5 2 3
H 12 0 1 18
V 12 16 4 1
H 14 14 1 6
V 13 19 2 1
V 12 19 2 1
H 1 6 1 14
V 1 18 8 2
V 0 19 12 1
H 11 0 1 20
H 11 7 1 4
V 11 7 2 1
H 12 0 1 18
V 12 16 4 1
H 14 12 1 8
H 14 11 1 2
H 0 0 1 14
V 1 1 2 1
V 1 11 2 1
V 0 0 2 2
H 0 0 1 18
H 1 0 1 18
V 1 10 2 1
H 1 0 1 20
V 1 18 8 2
V 0 19 12 1
V 10 9 2 1
H 11 0 1 20
H 11 7 1 4
V 11 5 2 3
H 12 0 1 18
V 12 16 2 3
H 13 10 1 8
H 13 10 1 4
V 13 19 2 1
V 14 13 2 1
V 14 15 2 1
V 4 17 6 3
H 2 16 4 4
V 0 19 12 1
H 1 0 3 20
H 11 0 1 20
H 11 7 1 4
V 11 7 2 1
H 12 0 1 18
V 12 16 4 1
H 14 12 1 8
H 6 15 1 2
V 3 16 4 4
V 0 19 12 1
H 11 0 1 20
H 11 7 1 4
V 11 5 2 3
H 12 0 1 18
V 12 16 2 3
H 13 11 1 8
H 13 11 1 2
H 0 0 1 6
V 0 0 2 2
H 1 8 1 2
H 4 8 1 2
H 1 0 4 18
H 1 0 1 20
V 1 17 8 3
V 0 19 12 1
H 11 0 1 20
H 11 7 1 4
V 11 7 2 1
H 12 0 1 18
V 12 16 4 1
H 13 15 1 2
V 13 16 4 1
H 15 15 2 4
H 0 0 1 16
V 0 0 2 2
H 1 0 1 18
V 0 0 2 1
H 1 0 1 20
V 1 18 8 2
V 0 19 12 1
H 11 0 1 20
H 11 7 1 4
V 11 5 2 3
H 0 0 1 18
H 12 0 1 18
V 12 16 4 1
V 13 16 4 1
H 15 14 2 4
V 0 19 10 1
V 0 19 12 1
H 11 0 1 20
H 11 7 1 4
V 11 0 2 1
V 11 7 2 1
H 12 0 1 18
V 12 16 4 1
V 13 16 4 1
H 16 15 1 2
V 4 13 2 6
H 4 12 2 8
V 0 19 12 1
H 11 0 1 20
H 11 7 1 4
V 11 5 2 3
H 12 8 1 2
H 12 0 1 18
V 12 16 2 3
H 13 12 1 6
H 13 12 1 2
V 4 11 4 4
H 5 6 1 14
V 0 19 12 1
H 11 0 1 20
H 11 7 1 4
V 11 7 2 1
H 5 0 1 18
H 12 0 1 18
V 12 16 4 1
V 13 16 4 1
H 16 16 1 2
H 5 0 1 20
V 0 19 12 1
H 11 0 1 20
H 11 7 1 4
V 11 5 2 3
H 12 0 1 18
V 12 16 4 1
H 14 14 1 6
V 2 6 2 1
H 3 0 1 14
V 3 14 2 1
H 3 0 1 20
V 2 14 4 6
H 8 18 1 2
V 0 19 12 1
H 11 0 1 20
H 11 10 1 6
H 11 7 1 4
V 11 7 2 1
H 12 0 1 18
V 12 16 2 3
V 13 16 4 1
H 15 15 1 4
H 1 0 1 16
H 1 0 1 20
V 1 19 8 1
V 0 19 12 1
H 11 0 1 20
H 11 7 1 4
V 11 5 2 3
H 12 0 1 18
V 12 16 2 3
V 12 16 4 1
H 15 14 1 4
V 10 3 2 5
V 11 6 2 2
H 12 0 1 18
H 15 15 1 2
V 12 16 4 1
H 13 15 2 4
V 2 15 4 3
H 5 12 1 8
V 0 19 12 1
H 11 9 1 2
H 11 0 1 20
H 11 7 1 4
V 11 5 2 3
H 12 0 1 18
V 12 16 2 2
V 12 16 4 1
H 15 16 1 2
V 2 13 8 1
V 4 19 2 1
H 5 8 1 12
H 2 18 1 2
H 7 18 1 2
V 0 19 12 1
V 11 7 2 1
H 11 0 1 20
H 11 7 1 4
V 11 5 2 3
H 12 0 1 18
V 12 16 4 1
H 13 14 2 4
H 1 6 1 4
H 1 0 3 20
V 0 19 8 1
H 11 18 1 2
V 0 19 12 1
H 11 0 1 20
H 11 7 1 4
V 11 5 2 3
H 12 0 1 18
V 12 16 4 1
H 14 15 1 2
H 0 0 1 10
H 4 0 1 10
V 0 0 2 1
H 1 0 3 18
V 1 10 2 1
V 1 12 2 1
H 1 0 1 20
V 0 19 8 1
V 0 19 12 1
H 10 0 2 20
H 10 0 2 18
V 11 0 2 4
H 12 0 1 18
H 12 1 1 18
V 12 18 2 1
V 4 17 2 1
H 5 14 2 6
V 2 19 10 1
H 11 0 1 20
H 11 6 1 4
H 12 6 1 10
V 11 7 2 1
H 12 0 1 18
V 12 16 2 2
V 13 16 2 1
H 0 17 1 2
V 3 1 2 1
H 4 0 1 20
V 4 15 2 5
H 10 18 1 2
V 0 19 12 1
H 11 0 1 20
H 11 0 1 18
V 11 0 2 8
H 12 0 1 18
H 12 1 1 18
V 4 17 2 3
H 5 15 1 2
H 1 16 6 4
V 0 19 12 1
H 11 9 1 2
H 11 0 1 20
H 11 0 1 18
V 11 0 2 5
H 12 0 1 16
H 12 0 1 18
H 6 13 1 2
V 2 11 6 3
V 1 5 4 13
V 2 16 2 1
H 1 0 2 20
H 0 0 1 4
H 1 0 1 4
V 0 0 2 1
H 0 0 1 16
V 0 1 2 1
H 0 0 1 18
V 6 0 2 1
H 5 0 2 18
V 4 13 2 1
H 5 0 2 20
V 2 19 10 1
V 10 6 2 1
V 10 17 2 1
H 11 0 1 20
H 11 0 1 18
V 11 0 2 2
H 12 0 1 16
H 12 1 1 16
V 12 16 2 1
H 1 5 4 6
V 2 4 2 1
V 4 17 2 1
H 3 0 2 20
V 3 17 4 3
V 0 19 12 1
H 11 0 1 20
V 11 1 2 1
H 11 0 1 18
V 11 0 2 2
H 12 0 1 16
H 12 1 1 16
H 0 2 1 14
H 5 2 2 8
V 6 1 2 1
H 5 0 2 20
V 0 19 12 1
H 11 0 1 20
V 10 0 2 1
V 10 8 2 1
H 11 6 1 4
H 12 0 1 14
V 11 5 2 3
H 12 0 1 16
H 3 13 1 2
V 4 13 2 1
H 10 8 1 2
V 1 10 4 4
H 1 0 1 20
V 0 1 2 1
H 1 0 1 4
V 0 0 2 2
H 0 0 1 14
H 10 0 1 14
V 0 1 2 1
H 0 1 1 14
V 11 0 2 1
H 8 4 2 10
V 2 13 8 1
H 7 12 1 2
V 1 13 8 1
H 1 0 1 20
H 1 0 1 6
V 0 0 2 2
H 0 1 1 2
H 0 0 1 12
H 8 0 1 12
V 0 1 2 1
V 0 0 4 1
H 0 0 1 14
H 8 1 2 14
V 3 13 6 1
V 4 11 2 1
H 5 8 2 12
V 0 19 12 1
H 11 0 1 20
H 11 0 1 18
H 7 18 3 2
V 8 19 4 1
V 10 15 2 2
H 11 2 1 18
V 10 2 2 1
V 11 3 2 1
H 11 2 1 16
V 11 2 2 1
H 1 12 6 8
V 2 19 10 1
H 11 2 1 18
H 10 5 2 6
V 11 7 2 1
H 12 3 1 10
H 0 11 1 2
V 6 19 6 1
V 10 12 2 1
H 11 2 1 18
V 11 4 2 1
H 11 2 1 14
V 11 3 2 1
V 11 7 2 1
V 2 17 8 3
H 1 16 5 4
V 2 19 10 1
H 10 2 2 18
H 10 1 1 18
V 1 13 4 4
H 1 0 1 20
H 1 0 1 12
V 0 0 2 1
H 0 0 1 10
V 0 1 2 1
H 0 1 1 10
V 2 15 8 1
H 5 12 2 8
H 6 18 1 2
V 0 19 12 1
H 11 4 1 16
H 10 7 2 8
V 11 4 2 4
H 12 5 1 6
V 3 11 4 8
H 5 4 1 16
H 4 18 1 2
V 0 19 12 1
H 10 4 2 16
H 10 3 2 16
V 6 19 6 1
H 11 4 1 16
H 11 4 1 8
V 11 6 2 2
H 12 6 1 4
H 6 18 2 2
V 1 19 2 1
V 2 19 10 1
H 10 4 2 16
H 10 4 2 12
V 11 5 2 1
V 10 4 2 1
H 6 13 1 2
H 3 14 4 6
V 3 19 8 1
H 10 11 1 2
H 10 4 1 16
V 10 12 2 1
H 10 4 1 14
V 2 13 8 2
V 4 18 2 1
H 5 8 1 12
H 4 18 1 2
V 0 19 12 1
H 10 6 2 14
H 10 7 2 10
V 11 7 2 1
H 1 8 4 2
H 3 0 1 20
V 2 17 4 3
V 0 19 12 1
V 10 12 2 1
H 1 6 1 14
H 11 6 1 14
H 11 6 1 12
H 10 7 2 8
H 8 6 2 2
H 10 6 1 2
V 0 19 8 1
H 9 18 1 2
V 0 19 12 1
H 10 10 2 10
H 10 18 1 2
H 10 9 2 10
H 8 10 2 4
H 8 12 1 2
V 2 13 8 1
H 5 8 1 12
V 1 19 10 1
H 10 10 1 10
H 10 9 1 10
H 10 10 1 2
H 4 16 1 2
V 1 15 8 2
H 1 0 1 20
H 1 0 1 10
V 0 0 2 1
H 5 1 1 10
H 5 0 1 20
H 11 18 1 2
V 0 19 12 1
V 10 12 2 1
H 11 12 1 8
H 8 1 2 6
H 8 1 2 14
V 2 13 8 2
H 4 14 1 2
H 7 14 1 2
V 1 13 8 2
V 1 12 2 1
H 1 0 1 20
H 1 0 1 6
V 1 1 2 1
V 2 19 2 1
V 1 2 2 18
V 1 6 2 1
H 2 0 1 8
H 1 2 1 10
H 10 13 1 2
H 1 12 1 2
V 3 18 2 1
H 4 10 1 10
V 0 19 12 1
H 10 14 1 6
H 10 14 1 4
H 3 5 1 2
H 2 3 3 6
V 6 19 6 1
H 5 17 1 2
H 11 12 1 6
H 10 16 2 4
H 11 15 1 4
H 11 15 1 2
V 2 15 2 1
V 1 12 4 5
H 1 4 2 16
H 4 2 1 18
V 3 9 2 1
H 4 1 1 14
V 5 0 2 1
V 2 11 6 3
H 4 6 1 14
V 0 19 12 1
V 10 17 2 1
H 10 16 1 4
H 10 15 1 4
H 4 2 1 18
H 6 2 1 18
H 4 2 1 14
V 2 19 10 1
H 10 18 2 2
H 11 17 1 2
V 0 19 4 1
V 1 14 8 1
V 6 4 2 1
V 6 11 2 1
V 5 15 2 1
H 6 0 1 20
H 6 0 2 8
H 3 7 1 2
V 1 6 4 2
V 3 7 2 13
H 3 4 2 10
V 2 5 2 1
H 5 9 1 2
V 1 11 2 7
H 1 12 3 8
H 2 6 1 10
V 6 7 2 6
H 7 1 1 12
H 3 5 1 2
V 4 15 6 1
H 6 2 1 18
V 5 9 2 1
H 6 2 1 8
V 7 18 2 1
H 2 7 3 2
V 1 8 4 1
V 3 7 2 3
H 4 5 1 8
H 4 6 1 14
V 2 18 4 2
V 5 4 2 15
V 4 16 2 1
H 5 4 1 16
H 5 9 1 2
H 5 4 3 6
V 3 12 4 8
H 6 4 1 16
H 6 3 1 16
V 4 15 2 1
H 3 7 2 10
H 3 16 1 2
V 2 9 2 10
H 2 9 2 10
H 3 16 3 4
V 1 11 2 1
H 1 9 1 6
H 1 10 1 8
H 5 6 1 14
H 6 11 1 2
V 2 12 6 3
H 4 6 1 12
V 8 19 2 1
V 4 18 4 1
V 5 17 4 2
H 6 6 1 14
V 6 6 2 11
H 7 3 1 14
V 1 16 2 1
V 2 11 2 7
H 2 16 1 2
H 4 18 4 2
V 6 17 4 2
V 5 14 2 1
V 6 13 2 2
H 5 10 2 10
V 5 17 4 3
V 1 13 8 1
H 2 9 3 8
H 8 10 1 4
V 5 13 4 1
H 6 5 1 14
H 6 5 1 2
V 2 16 2 1
V 6 17 2 1
V 6 19 2 1
H 7 5 1 4
H 4 9 1 2
V 3 10 2 5
V 2 10 2 1
V 4 17 2 1
V 5 15 2 1
H 5 10 1 10
H 1 14 1 2
V 8 13 2 1
H 8 6 1 8
V 4 13 6 1
V 5 17 2 1
H 5 7 1 12
H 8 3 2 6
V 8 5 2 1
V 8 7 2 1
H 8 0 1 14
H 6 7 1 10
V 1 13 8 2
V 1 12 6 3
H 2 12 1 2
H 1 11 2 4
V 8 1 2 12
H 8 13 1 2
V 8 12 2 1
H 8 6 1 8
V 1 13 8 1
H 4 8 1 10
H 4 16 1 2
V 1 12 2 1
V 3 10 2 3
H 4 9 1 4
V 2 11 4 3
V 2 14 2 1
H 3 10 2 6
V 3 13 2 4
H 3 15 1 2
H 5 8 3 6
H 7 6 1 4
H 7 12 1 2
H 8 12 2 2
V 6 13 4 2
H 5 13 1 2
H 5 10 2 8
V 5 17 4 1
H 5 9 3 2
H 6 9 1 10
H 7 14 1 2
V 2 15 8 1
H 3 11 1 2
V 1 13 6 1
H 4 10 1 6
V 5 9 2 2
V 5 14 2 1
H 6 8 1 10
H 8 8 1 6
V 1 13 8 1
V 5 13 4 1
V 1 13 6 1
H 8 1 2 10
H 8 1 2 14
V 7 13 2 2
H 7 7 1 10
H 7 7 1 2
V 4 11 2 1
H 5 11 2 6
H 7 8 1 8
V 4 11 2 1
V 4 15 2 1
V 5 13 2 2
H 6 16 1 2
H 6 9 2 8
H 8 1 1 14
H 8 1 1 8
V 8 13 2 1
V 8 15 2 1
H 9 6 1 2
H 9 0 1 14
H 9 0 1 8
H 9 5 1 10
V 4 13 6 1
H 5 12 1 2
V 3 13 6 1
H 4 13 1 2
H 3 12 2 2
V 5 15 4 1
H 8 2 2 4
V 6 14 2 1
H 7 9 1 6
H 8 9 1 2
H 8 5 2 10
V 3 13 6 1
V 3 13 4 1
H 7 10 1 2
V 6 11 2 1
H 6 12 2 4
V 4 13 4 1
V 5 13 4 2
H 7 10 1 4
H 6 14 1 2
V 6 14 4 1
V 6 13 2 1
H 7 13 1 4
V 6 13 4 2
V 8 12 2 2
H 8 3 1 12
H 8 3 1 10
H 7 14 1 2
H 9 3 1 2
H 8 4 1 2
V 6 13 4 2
H 6 12 1 2
H 6 13 4 2
V 5 13 2 1
H 9 7 1 8
V 6 13 4 1
H 7 11 1 4
H 7 13 1 2
H 8 5 2 4
H 8 6 2 6
H 8 7 1 8
V 6 13 4 1
V 8 6 2 1
V 8 9 2 6
H 9 4 1 10
V 8 14 2 1
H 8 13 2 2
V 7 13 2 1
H 8 11 1 2
H 8 8 2 4
H 8 7 2 8
H 9 5 1 10
H 9 6 1 8
V 8 13 2 1
H 9 6 1 4
H 9 8 1 2
H 8 9 2 4
H 9 11 1 4
V 8 11 2 2
H 9 11 1 2
V 8 10 2 2
H 9 9 1 2
H 9 10 1 4
H 9 11 1 2
