H 0 3 1 16
H 11 1 1 2
H 1 4 1 2
V 17 8 2 1
V 0 2 16 5
V 15 4 2 1
H 0 0 1 12
H 0 16 1 2
V 0 17 20 3
H 1 0 8 20
V 18 11 2 1
H 1 0 18 14
H 0 2 3 18
H 0 2 14 6
V 0 6 20 3
H 3 7 1 4
H 14 7 1 4
V 2 0 2 10
H 2 0 1 12
H 5 9 1 4
H 1 10 1 2
H 10 10 1 2
H 16 10 1 2
H 18 10 1 2
V 0 11 20 4
H 3 0 4 20
V 1 1 4 1
V 1 2 2 18
H 7 2 1 2
V 0 7 2 1
V 0 11 2 1
H 2 1 8 4
V 0 3 20 1
V 0 3 8 1
V 5 3 10 1
H 3 2 3 18
V 0 18 10 2
H 1 8 1 8
H 1 2 1 18
H 1 2 2 14
H 2 2 5 2
V 1 3 4 11
V 0 7 2 12
H 1 14 10 6
V 3 1 12 6
H 3 1 1 10
V 0 7 4 11
H 0 4 1 14
H 0 4 4 8
V 4 0 16 1
H 10 2 1 6
H 7 0 13 4
V 2 2 16 5
V 2 19 18 1
V 4 17 12 3
H 4 0 2 20
H 4 0 1 18
V 1 9 2 1
V 0 5 4 6
H 2 3 3 6
H 3 4 4 2
V 0 5 8 1
H 13 17 1 2
V 1 17 14 1
H 2 16 11 4
H 4 14 1 6
V 5 14 2 1
H 4 1 2 16
H 4 1 1 18
H 5 14 1 2
V 1 15 6 4
V 4 18 6 2
H 4 2 1 18
H 4 1 1 16
V 2 17 18 2
V 3 17 10 3
H 3 2 1 18
V 0 10 6 1
V 2 8 2 1
H 3 2 1 14
V 5 1 8 15
V 8 1 12 1
V 6 0 14 8
H 6 0 1 4
V 3 9 2 1
V 4 2 4 18
V 1 5 6 7
H 1 5 1 2
H 13 5 1 6
H 5 2 15 4
V 2 4 6 1
H 3 18 1 2
V 1 6 8 3
H 1 10 1 2
H 14 5 1 2
H 13 13 1 4
H 1 6 15 10
H 1 6 1 12
H 5 2 2 12
V 4 12 2 1
H 5 2 1 18
V 2 15 6 4
V 1 6 18 1
H 7 6 1 2
V 10 5 4 1
V 6 2 6 14
H 6 0 1 12
V 0 15 20 1
V 0 15 16 1
H 0 15 1 2
V 5 2 4 3
V 2 10 14 1
V 1 13 6 1
V 2 5 2 13
H 2 14 7 4
H 0 8 1 8
H 0 7 2 4
V 1 6 8 1
V 3 18 10 1
V 1 7 4 1
V 2 15 2 1
V 7 6 4 1
H 3 4 6 14
H 7 0 1 20
H 6 1 1 2
H 10 4 1 2
H 18 3 1 2
V 4 4 16 1
H 12 5 1 2
H 8 4 11 2
V 2 5 14 1
H 5 18 1 2
H 7 1 9 6
H 6 14 1 2
V 0 9 8 6
H 1 14 1 2
V 0 10 6 5
H 2 6 6 8
V 3 5 10 1
H 9 4 1 2
H 5 3 4 4
V 5 14 2 5
H 9 2 1 6
H 6 4 6 16
V 0 8 12 1
V 7 4 2 4
H 8 0 5 14
H 7 3 5 4
V 3 5 16 2
V 0 11 8 1
H 4 4 1 14
V 4 5 16 4
H 6 2 6 12
V 1 14 4 1
H 2 10 2 6
H 3 7 3 10
V 2 7 4 3
V 7 4 10 5
H 7 2 5 6
V 4 5 8 4
H 8 1 4 8
H 5 6 1 12
H 4 13 1 2
V 1 14 8 1
V 12 11 2 1
V 12 17 2 1
H 6 10 7 10
H 4 11 1 2
V 1 11 14 1
H 2 13 1 2
H 10 13 1 2
H 1 8 7 6
H 3 6 4 10
V 5 13 2 1
H 3 7 3 10
V 0 13 20 1
V 0 12 4 2
V 7 4 6 11
H 9 0 1 18
H 9 2 1 2
H 9 10 1 2
H 6 3 6 8
H 9 9 1 2
V 0 9 16 1
V 4 7 6 10
V 5 10 2 1
V 4 16 4 1
H 5 4 1 14
H 5 4 4 6
V 2 8 18 1
V 3 8 10 3
H 3 6 1 4
V 9 2 6 1
H 10 0 1 20
V 5 18 10 1
V 10 0 10 1
H 12 9 1 2
H 12 0 1 10
H 19 5 1 8
V 5 8 10 1
V 11 6 2 1
H 15 7 1 8
V 4 5 16 4
H 9 9 1 6
V 0 12 20 1
H 8 2 1 18
V 6 3 4 12
H 10 0 1 2
V 3 12 6 4
H 9 1 2 8
V 0 11 8 1
H 0 10 1 2
V 5 5 2 9
H 6 9 1 10
V 1 11 4 3
H 4 6 1 10
H 12 0 1 6
V 6 5 10 5
H 7 6 1 4
H 6 4 3 10
V 8 2 12 18
H 8 2 12 2
V 7 3 6 17
V 7 4 2 16
H 7 10 3 10
V 4 16 8 1
H 2 8 10 6
V 1 12 16 2
H 7 4 1 14
V 3 7 8 1
H 18 8 1 4
H 5 10 14 4
V 0 11 20 1
H 8 2 1 18
V 10 1 2 1
V 10 10 2 1
H 4 10 5 6
V 0 11 4 1
H 2 10 6 4
H 6 8 1 10
V 7 17 8 2
H 7 17 1 2
H 9 10 1 2
H 5 11 15 2
V 0 11 10 1
V 3 12 12 3
V 5 16 2 1
V 3 8 2 6
H 4 7 3 6
V 12 0 8 4
V 11 0 8 14
V 5 13 6 2
H 8 8 1 12
H 9 12 4 8
H 10 12 1 2
H 12 12 1 2
V 1 12 16 1
H 9 13 1 2
V 5 6 14 8
H 6 5 2 12
V 5 10 2 1
V 2 10 18 3
V 1 10 2 1
H 15 11 1 2
V 3 10 14 2
V 8 10 4 1
H 3 8 1 6
H 8 6 1 12
V 1 11 14 1
H 8 3 1 16
V 18 8 2 1
V 8 15 8 2
V 10 19 2 1
H 10 2 1 18
H 7 5 1 2
V 5 6 10 3
V 2 10 2 3
H 3 9 1 2
H 3 10 4 4
H 11 2 3 2
V 10 6 2 1
V 9 3 4 4
H 13 0 4 2
H 19 0 1 2
V 12 4 2 1
V 14 1 2 1
V 11 1 4 11
H 3 10 17 2
V 1 11 6 1
V 5 7 4 9
H 5 7 10 6
V 6 6 4 10
H 6 9 1 8
V 7 13 6 4
H 8 9 2 10
H 12 1 1 18
H 18 3 1 8
V 4 8 16 1
H 15 0 2 12
V 6 8 14 5
V 9 12 4 1
H 9 4 1 16
V 4 9 2 4
H 4 9 1 2
H 10 3 10 6
V 13 0 6 14
V 13 0 2 1
V 11 8 2 1
V 10 4 2 16
V 10 13 4 1
H 11 2 2 12
H 12 3 6 4
V 8 5 8 1
H 8 12 1 4
H 6 10 4 6
V 3 10 12 1
H 7 7 2 10
V 6 10 4 6
V 6 13 14 1
V 9 12 6 1
V 7 10 10 4
H 7 11 1 6
V 14 0 2 1
H 19 1 1 6
H 6 9 4 2
V 4 10 6 1
V 3 11 4 1
H 6 9 2 6
V 8 7 4 4
H 10 4 1 6
V 8 8 2 1
H 11 8 1 2
H 9 7 5 2
V 6 8 8 1
H 4 11 12 2
V 3 11 16 1
V 6 11 4 1
V 6 10 2 1
H 7 7 2 8
H 13 1 1 18
V 11 6 6 9
H 11 6 1 14
V 8 7 12 2
H 10 11 1 6
V 9 7 6 6
H 9 5 3 4
V 8 9 2 1
H 9 8 1 10
H 12 10 1 10
V 5 13 14 1
V 7 8 6 6
H 8 8 5 6
H 10 5 1 14
H 6 9 14 2
V 5 10 2 1
V 9 6 4 1
V 11 5 2 2
H 11 4 1 2
H 15 0 1 4
V 12 4 8 7
H 12 3 1 2
V 8 9 6 4
H 9 7 5 10
V 6 10 6 1
H 7 8 1 4
V 7 11 10 2
H 11 7 1 4
H 8 10 8 6
H 14 1 1 16
V 9 11 6 5
H 12 6 1 14
H 15 8 1 2
V 12 9 8 5
H 17 13 1 2
H 13 2 2 14
H 11 11 1 2
H 7 12 7 2
V 5 12 14 1
V 6 10 2 4
H 6 12 1 2
H 11 5 2 12
V 12 13 2 1
H 11 5 2 14
V 8 11 6 3
H 9 10 1 2
V 13 14 2 1
H 8 7 6 8
H 15 1 1 14
V 4 11 16 1
H 10 8 1 2
H 7 9 5 6
H 16 4 2 16
V 17 12 2 1
V 4 11 16 1
V 4 11 8 1
V 8 14 2 1
V 12 18 2 1
H 13 3 1 2
V 13 4 2 13
H 13 3 2 4
H 16 1 1 2
V 14 3 2 1
V 15 2 4 18
V 14 12 2 1
V 13 17 4 3
H 15 1 2 4
V 6 10 4 1
H 8 8 8 4
V 9 15 4 1
H 11 14 4 4
V 12 4 2 13
H 12 4 2 10
H 15 12 1 2
H 10 11 9 4
V 13 6 2 1
V 13 12 2 1
V 6 10 8 3
H 15 3 1 6
V 14 6 6 2
V 14 13 6 6
H 16 3 4 6
H 19 8 1 12
H 12 8 1 2
V 8 9 12 1
V 11 15 2 1
V 10 6 2 10
H 11 11 1 2
H 11 8 1 2
H 14 8 1 2
H 10 6 3 6
H 11 10 1 2
H 7 9 12 4
V 5 11 6 1
V 7 11 12 3
H 9 10 1 6
V 16 12 2 1
V 13 5 4 11
V 15 9 2 1
H 14 2 2 18
V 14 9 2 1
V 13 10 2 1
H 14 2 1 8
V 14 12 6 3
H 16 0 1 20
H 16 0 1 4
H 8 9 1 2
H 19 9 1 2
V 9 14 2 1
V 10 15 8 1
V 6 11 8 1
H 7 10 1 2
H 15 9 1 8
V 11 15 8 2
H 14 14 3 6
V 17 5 2 1
V 16 4 2 15
H 16 1 1 12
V 14 5 4 5
H 16 2 2 10
H 11 11 7 6
H 14 10 1 2
V 6 11 10 1
V 14 16 6 1
H 17 15 3 4
V 13 10 2 1
V 14 5 2 14
H 14 3 2 16
H 14 11 1 2
V 7 12 8 1
H 11 7 1 10
H 11 6 1 2
H 17 6 1 2
V 17 3 2 1
V 8 10 4 3
V 10 8 4 7
V 13 8 2 1
V 13 6 2 12
H 13 5 1 2
V 15 4 2 16
V 16 19 2 1
V 14 15 4 4
V 14 18 2 1
V 17 18 2 1
V 13 15 2 3
H 13 14 7 4
V 15 8 2 8
H 15 12 1 8
V 14 14 6 1
H 19 12 1 6
V 11 7 2 6
H 12 7 1 10
H 12 6 1 2
V 12 10 8 1
H 19 5 1 10
H 12 9 1 2
V 10 10 10 1
V 9 9 6 4
H 11 7 9 6
V 15 13 2 6
H 15 3 1 16
H 15 3 2 4
V 14 4 2 2
V 14 16 2 1
H 13 11 1 2
V 8 11 12 1
V 7 11 4 1
V 10 10 6 3
H 10 9 1 6
H 16 18 1 2
V 16 18 2 1
V 18 16 2 1
V 12 9 2 1
H 11 8 2 4
V 10 9 4 5
H 11 13 1 2
V 9 12 2 1
V 15 9 2 8
H 15 15 1 4
V 13 6 4 2
H 13 6 1 2
H 16 17 1 2
V 15 7 4 1
V 15 11 4 7
V 13 11 4 6
H 13 15 1 2
H 14 16 1 2
V 8 11 8 1
H 9 11 1 2
H 16 3 1 8
H 17 4 1 14
H 17 4 1 2
V 15 7 4 3
V 15 6 2 1
H 15 4 1 10
H 15 5 3 12
V 12 10 6 1
H 15 9 1 2
H 14 12 1 2
H 12 7 5 6
H 12 8 1 2
H 19 8 1 2
V 17 6 2 5
H 17 5 1 2
V 11 11 4 3
H 13 12 4 4
V 12 9 4 6
H 14 6 3 6
V 15 8 4 1
H 16 6 3 4
H 12 10 5 4
V 10 11 6 2
H 10 10 1 2
V 12 11 2 1
V 13 11 2 4
H 14 11 2 6
V 16 11 2 1
V 14 11 2 1
V 15 6 2 11
H 16 15 1 4
V 11 11 8 2
H 18 9 1 8
V 17 14 2 1
V 16 10 4 1
V 16 6 2 1
V 16 12 2 1
V 15 8 2 1
H 16 4 1 12
H 18 14 2 2
V 10 11 2 1
H 11 11 1 2
H 16 9 1 4
H 13 8 4 2
V 12 9 2 1
V 14 11 2 5
H 14 14 1 2
V 13 8 6 1
H 14 7 1 2
V 16 9 4 1
H 15 6 2 4
V 18 12 2 3
H 18 10 1 6
V 12 12 4 1
H 15 9 2 8
V 13 9 2 1
H 16 12 1 2
V 14 10 4 5
V 13 12 4 2
H 17 9 3 4
H 18 8 1 2
H 13 10 7 2
V 11 11 4 1
V 15 8 2 8
H 16 6 1 4
V 15 8 2 1
V 17 11 2 1
V 14 8 4 6
H 15 12 1 4
H 16 13 1 4
H 15 13 1 2
V 14 10 6 4
H 16 7 1 8
H 16 7 1 10
V 14 13 2 1
H 15 8 3 6
V 14 10 6 2
H 15 9 4 6
V 13 10 2 1
H 16 14 1 2
V 16 8 2 4
H 16 7 1 2
V 17 9 2 1
V 17 12 2 1
H 14 10 6 2
V 12 11 4 1
V 15 8 2 4
H 15 8 1 6
V 17 10 2 1
H 17 8 1 6
H 16 9 1 2
H 16 8 2 4
V 16 13 2 1
H 14 10 1 2
V 13 11 2 1
H 14 10 1 2
V 15 10 2 3
H 15 9 1 2
V 16 10 2 3
H 17 9 1 2
V 17 10 2 1
V 14 11 2 1
H 15 10 2 4
H 14 11 1 2
H 17 11 1 2
H 15 10 1 2
H 16 12 1 2
V 15 12 2 1
V 15 11 4 1
V 16 11 2 1
