V 15 15 2 1
H 2 2 1 18
H 2 2 1 2
V 2 2 2 1
V 2 2 4 1
H 3 1 3 2
H 5 0 1 2
V 2 1 4 1
H 3 1 3 2
V 2 2 2 1
H 2 2 1 18
V 0 11 4 9
H 0 0 1 20
H 0 0 1 2
H 0 10 2 2
V 0 11 4 2
V 2 6 2 1
V 1 15 2 1
H 2 2 1 18
V 2 2 4 1
H 3 1 3 2
H 4 0 1 2
V 5 19 2 1
H 6 12 3 8
H 5 18 1 2
V 4 19 4 1
H 4 4 1 16
V 2 3 4 13
H 2 2 1 18
V 2 2 2 1
V 2 3 2 1
V 2 14 2 1
V 2 2 4 1
H 5 1 1 2
H 14 7 1 2
V 6 8 14 11
V 11 18 2 1
H 12 16 1 4
V 4 19 16 1
V 3 16 2 1
H 4 4 2 16
V 2 10 4 3
H 2 2 1 18
V 2 2 2 1
H 3 1 2 2
V 2 0 2 2
H 2 0 1 2
H 1 17 1 2
V 0 11 4 7
V 0 8 2 1
H 1 0 1 20
H 1 0 1 2
H 3 12 1 2
V 2 3 2 10
H 2 2 1 14
V 2 2 4 1
H 4 1 1 2
H 0 7 1 8
V 1 12 2 1
V 0 11 4 5
H 2 2 1 18
V 2 2 2 1
V 2 2 4 1
H 6 8 2 2
H 6 0 14 20
V 4 19 4 1
H 4 4 2 16
V 3 2 2 1
V 3 12 2 1
V 2 9 4 5
H 2 2 1 18
V 2 2 2 1
H 3 1 1 2
V 2 1 2 1
H 8 13 1 2
H 16 13 1 2
H 6 14 14 6
V 4 19 12 1
H 5 7 1 8
H 4 4 2 16
H 5 10 1 2
V 0 11 6 2
V 0 8 2 11
H 0 2 1 18
H 0 1 1 2
V 4 19 10 1
H 4 4 1 16
V 2 10 4 6
H 2 2 1 18
V 2 2 2 1
H 3 1 1 2
H 3 0 1 2
V 1 14 2 6
H 1 2 1 18
H 1 1 1 10
V 8 9 2 1
H 6 8 3 12
V 4 19 4 1
H 4 4 2 16
V 0 11 6 2
V 0 9 2 6
H 0 2 1 18
V 12 12 2 1
V 6 0 14 20
H 7 16 8 4
V 4 19 8 1
H 4 4 2 16
V 2 10 4 4
H 2 2 1 18
V 2 2 2 1
H 3 1 1 2
H 12 1 8 12
H 10 0 4 20
V 4 19 16 1
H 5 4 1 16
H 0 11 1 4
V 0 11 6 2
H 1 2 1 18
H 2 2 1 18
V 2 2 2 1
V 3 2 2 1
V 1 11 2 9
H 2 2 1 18
V 2 2 2 1
H 16 16 1 2
V 6 13 14 4
H 6 12 2 8
V 4 19 6 1
H 4 4 1 16
V 0 11 6 2
H 0 5 1 12
V 0 8 2 5
H 0 3 2 16
H 16 10 1 2
V 6 11 14 1
H 13 11 1 2
H 3 3 1 2
H 16 3 1 2
V 18 9 2 1
H 11 4 8 16
V 18 19 2 1
H 17 16 1 4
V 4 19 16 1
H 4 4 2 16
V 0 11 6 1
H 1 2 1 18
H 9 10 1 10
V 4 19 10 1
V 4 7 2 1
H 4 4 1 16
V 3 13 2 1
V 2 10 4 6
H 2 2 1 18
H 5 18 1 2
V 4 19 16 1
H 8 18 1 2
V 4 19 6 1
H 4 4 2 16
H 3 11 1 4
V 0 11 6 1
V 0 10 2 5
H 0 4 2 14
H 11 4 7 6
H 11 0 3 20
V 4 19 14 1
H 4 4 1 16
V 2 11 2 1
V 0 11 6 1
H 1 3 1 16
H 11 6 1 14
V 4 19 14 1
H 4 4 1 16
V 3 10 2 1
V 3 12 2 1
V 2 10 4 4
H 2 3 1 16
H 10 4 1 2
V 6 1 14 4
V 9 10 2 1
H 10 0 3 14
H 10 0 1 20
H 5 18 1 2
V 4 19 12 1
H 4 11 1 2
H 4 4 2 16
V 0 11 6 1
V 0 9 2 3
H 0 5 2 12
V 6 8 14 1
H 1 4 1 2
H 5 7 1 2
H 2 4 4 4
H 11 14 8 6
V 4 19 16 1
H 4 4 2 16
V 0 11 6 1
H 1 5 1 12
H 8 5 4 8
V 10 18 2 1
V 8 15 2 1
H 9 0 2 20
V 4 19 12 1
H 4 4 1 16
V 0 11 6 2
V 0 11 2 3
V 0 16 2 1
H 0 6 2 10
V 6 11 14 1
V 6 17 14 1
V 15 17 2 1
H 11 16 5 4
H 13 18 1 2
V 4 19 16 1
V 3 9 2 1
H 4 4 1 16
V 2 10 2 1
V 3 10 2 7
H 3 4 1 14
V 9 11 4 1
V 8 5 10 1
H 8 4 2 16
V 4 19 8 1
V 3 11 2 1
H 4 4 2 16
H 2 10 1 8
V 2 9 4 6
H 2 5 2 12
V 6 8 14 1
H 7 8 3 2
H 7 0 3 20
H 8 18 1 2
V 4 19 6 1
H 4 4 1 16
V 0 11 6 3
H 1 6 1 10
V 17 17 2 1
H 8 8 10 12
H 4 18 2 2
V 4 19 10 1
H 4 6 1 14
V 0 11 6 3
V 0 12 2 3
H 0 8 1 8
V 4 19 14 1
H 4 6 1 14
V 2 11 4 3
H 2 6 1 12
V 6 3 14 1
H 9 8 1 2
H 7 3 5 12
H 9 0 2 20
V 4 19 8 1
H 5 4 1 16
H 5 3 1 16
V 4 5 2 15
H 5 18 1 2
H 7 18 9 2
V 4 19 8 1
H 5 4 1 16
H 5 4 1 14
H 8 16 1 2
H 6 14 9 6
V 4 19 12 1
H 4 6 1 14
V 0 12 6 1
V 0 14 2 1
H 1 8 1 8
H 2 7 1 2
V 6 6 14 2
H 6 6 6 4
H 11 0 1 20
V 4 19 14 1
H 4 6 1 14
V 3 11 2 6
H 3 6 1 12
H 5 5 1 2
H 2 8 1 2
H 7 2 1 18
V 4 19 6 1
H 4 8 1 12
V 0 12 6 2
H 1 9 1 8
V 4 19 10 1
H 4 8 1 12
H 3 11 1 2
V 0 12 6 2
V 0 12 2 3
H 0 10 2 6
H 14 10 1 6
H 0 11 1 2
H 2 9 2 10
H 2 9 1 2
V 11 13 2 2
H 7 1 5 16
V 6 13 2 1
H 7 0 4 20
V 4 19 6 1
V 3 11 2 1
H 4 8 2 12
V 3 11 2 6
H 3 8 1 10
H 8 14 4 6
V 5 19 10 1
H 5 8 1 12
H 5 18 1 2
H 5 7 1 12
H 10 9 1 2
H 6 8 9 2
V 9 11 2 1
V 10 7 2 1
H 10 0 1 20
V 4 19 12 1
H 4 8 2 12
V 0 12 6 2
V 0 12 2 2
H 0 12 1 2
H 11 3 1 12
H 9 0 3 20
V 4 19 14 1
H 4 10 2 10
V 3 14 2 1
H 3 9 1 10
V 9 19 2 1
H 9 2 1 18
H 7 18 1 2
V 4 19 10 1
H 4 10 1 10
V 0 14 6 1
H 2 13 1 2
H 5 13 1 2
H 1 11 5 6
V 6 1 14 1
H 8 0 4 16
H 8 0 3 20
V 4 19 8 1
H 4 10 1 10
V 2 12 4 4
H 2 10 1 8
H 7 8 6 2
H 8 0 1 20
H 11 18 1 2
V 4 19 8 1
H 4 10 2 10
V 0 14 6 1
H 2 13 1 2
V 0 13 2 6
H 0 13 1 2
V 7 7 2 1
H 8 0 3 20
H 11 12 1 8
V 4 19 12 1
H 4 10 2 10
H 4 9 2 10
H 10 7 1 2
H 9 8 2 12
V 4 19 10 1
H 4 10 2 10
V 2 13 4 2
H 2 11 1 6
H 15 14 1 2
V 6 12 14 3
H 9 6 2 14
H 6 18 1 2
V 4 19 12 1
H 4 12 1 6
H 4 10 2 10
V 3 12 2 5
V 2 15 2 1
H 3 10 1 8
V 0 14 6 3
H 0 14 1 2
V 1 13 2 4
V 3 14 2 1
H 2 12 2 8
H 1 15 1 2
V 0 16 4 3
V 6 17 14 2
H 6 18 14 2
V 4 19 6 1
H 4 12 1 8
V 2 15 4 2
H 2 12 1 6
H 0 16 1 2
H 0 15 6 2
H 0 16 1 2
V 1 19 2 1
H 3 12 1 4
H 1 14 1 2
V 2 13 2 7
V 1 14 2 1
V 1 18 2 1
V 0 15 2 1
H 7 4 1 8
H 6 2 5 18
V 4 19 4 1
H 4 13 1 2
H 4 14 2 6
V 2 13 4 4
H 2 14 2 6
H 14 11 2 2
V 6 7 14 5
V 6 6 2 1
H 7 4 5 16
V 4 19 12 1
H 5 10 1 10
H 5 17 1 2
H 12 17 1 2
H 5 10 1 8
H 5 11 1 6
V 12 16 2 1
H 7 16 6 4
H 4 18 1 2
V 4 19 8 1
H 4 12 2 8
V 2 14 4 3
H 2 14 1 2
V 1 15 2 1
H 8 6 9 6
V 11 9 2 1
V 9 10 2 1
H 10 0 2 20
V 4 19 12 1
H 9 18 1 2
H 4 12 2 8
H 4 12 2 6
V 10 4 2 1
V 10 16 2 1
H 8 0 3 10
V 8 18 2 1
H 9 0 1 20
V 4 19 10 1
H 4 14 2 6
V 2 15 2 1
V 3 13 2 4
H 3 13 1 6
V 6 18 14 2
H 6 18 11 2
V 4 19 10 1
H 4 14 2 6
V 3 15 2 2
H 3 15 1 4
H 10 18 4 2
V 4 19 16 1
H 4 14 2 6
V 3 15 2 2
H 3 15 1 2
V 4 19 4 1
H 4 14 2 6
H 4 14 2 4
H 8 7 4 4
V 7 18 2 1
H 8 0 2 20
H 12 18 1 2
V 4 19 10 1
H 4 16 2 4
H 4 16 2 2
V 3 16 2 1
H 3 16 1 2
V 4 16 2 1
V 16 8 4 12
H 19 0 1 20
H 14 0 6 4
V 5 19 2 1
H 6 0 1 20
V 4 19 4 1
H 4 16 2 4
H 4 16 2 2
V 3 16 2 1
V 6 9 14 4
H 6 6 1 14
V 4 19 4 1
H 4 16 2 4
H 4 15 2 4
H 6 0 12 2
V 10 8 8 1
V 12 1 8 12
V 7 14 2 1
V 8 1 4 14
H 11 10 4 10
H 13 14 1 2
V 4 19 16 1
H 8 0 1 20
V 4 19 8 1
H 4 16 2 4
H 4 16 1 2
V 4 19 14 1
V 5 19 14 1
H 15 9 1 8
H 14 0 5 20
H 15 0 4 18
V 18 2 2 17
H 18 1 1 2
V 11 10 4 1
V 10 0 4 20
H 7 18 11 2
V 6 18 14 1
V 10 4 10 12
H 18 2 2 16
H 18 2 2 10
V 8 15 8 1
V 9 7 6 1
V 17 8 2 1
H 8 2 5 18
H 11 18 1 2
V 4 19 14 1
H 5 16 1 4
H 5 16 1 2
V 16 0 2 1
V 16 10 4 8
H 18 17 1 2
H 12 0 4 4
V 13 2 6 2
H 17 4 1 16
V 14 5 6 1
H 11 0 6 10
V 10 1 8 1
H 4 18 1 2
V 12 7 8 10
V 12 11 6 1
H 17 6 1 14
V 18 16 2 1
H 18 4 2 4
V 9 0 2 8
V 6 0 10 7
H 16 4 1 2
V 15 1 2 4
V 15 10 2 5
V 15 18 2 1
H 13 1 4 6
H 17 10 2 8
H 16 4 1 16
V 6 8 14 1
H 6 8 7 2
H 9 0 3 20
V 4 19 12 1
H 5 18 1 2
V 11 2 6 1
V 14 9 4 1
V 10 1 6 10
V 6 1 6 2
H 6 0 1 2
H 17 3 1 4
V 16 5 4 1
V 18 7 2 9
H 14 6 6 10
V 6 11 14 3
V 9 15 10 1
H 15 4 1 16
H 6 6 2 14
V 5 19 4 1
H 12 2 1 10
V 8 11 10 3
H 11 0 1 20
V 6 3 12 2
V 6 7 10 1
H 14 0 1 12
V 6 6 14 2
H 10 4 9 6
V 11 14 8 1
H 14 0 1 20
H 13 0 2 8
V 18 8 2 1
V 17 5 2 11
H 7 14 1 2
H 18 14 1 2
V 16 7 2 10
H 6 13 12 4
H 6 1 3 8
H 7 0 1 8
V 13 7 2 1
V 8 1 6 7
H 13 0 1 2
H 19 7 1 8
H 13 3 1 2
V 7 3 10 1
V 14 2 2 14
H 13 10 2 10
V 14 16 2 1
H 10 15 6 4
V 6 18 8 1
H 6 18 1 2
H 14 9 1 2
H 14 4 4 12
V 17 5 2 1
V 14 4 4 2
H 11 2 5 4
H 6 2 4 8
V 9 7 2 1
V 10 1 4 11
H 16 7 1 10
V 14 14 2 1
V 14 16 2 1
V 15 9 4 6
H 18 13 1 2
V 18 13 2 1
V 14 11 2 1
H 8 2 6 2
V 10 3 6 1
V 11 4 2 1
H 12 0 1 6
H 7 6 2 14
V 6 7 10 9
H 6 7 2 12
V 7 1 2 17
H 8 0 1 20
H 8 0 1 2
V 10 11 10 1
V 6 7 6 8
V 12 8 2 1
V 6 7 14 2
H 18 6 1 4
H 14 2 1 2
H 14 17 1 2
V 12 2 2 13
V 13 13 2 1
H 13 2 1 14
V 13 3 2 1
H 13 2 1 18
H 10 0 1 20
V 7 8 6 2
V 6 13 2 1
H 7 1 2 16
V 15 5 2 1
H 11 7 1 2
H 6 4 10 4
V 7 2 2 8
H 8 6 1 2
H 8 1 1 6
V 13 3 2 14
H 7 13 7 6
H 9 16 5 2
V 8 12 8 5
H 9 0 1 6
V 6 3 6 1
V 11 2 2 1
V 11 13 2 3
H 12 8 1 12
V 8 3 2 17
V 7 11 2 1
H 8 5 1 2
H 8 6 1 14
V 7 3 8 3
H 13 2 1 6
V 11 13 8 1
H 6 10 9 8
V 8 12 12 1
H 14 12 5 2
V 12 8 8 5
V 6 13 12 1
V 7 12 2 1
H 6 10 2 8
H 6 5 9 4
V 6 7 12 1
V 7 7 12 1
V 6 13 4 4
H 7 2 4 16
H 7 2 1 12
V 8 5 6 3
V 9 0 2 1
V 9 7 2 1
H 10 0 2 14
H 17 9 1 2
V 9 10 10 1
V 16 8 2 1
H 16 6 1 10
H 8 2 1 2
H 11 1 1 2
V 18 11 2 1
H 6 5 10 2
V 15 6 2 1
H 9 1 1 6
V 8 3 6 1
H 15 5 1 8
V 13 7 4 8
H 13 13 2 4
H 6 7 12 4
V 14 9 6 2
H 11 16 1 2
V 6 16 8 1
V 6 15 4 2
V 11 8 6 6
H 8 4 7 8
H 12 6 4 6
V 13 8 6 2
H 14 6 1 2
H 14 7 3 4
H 14 6 2 10
V 10 10 8 1
H 16 13 1 2
H 13 8 5 6
V 8 16 6 1
H 10 2 1 18
V 9 18 4 1
V 7 15 6 2
H 7 14 4 4
V 6 6 2 7
V 6 12 12 1
H 13 8 1 10
V 9 19 2 1
H 6 4 1 2
V 7 4 2 12
H 7 4 7 4
H 13 4 1 2
V 8 3 2 8
H 8 3 4 4
V 11 4 2 1
H 9 2 3 4
V 13 6 2 1
V 12 5 2 11
H 9 3 4 4
V 8 17 4 1
V 9 6 4 12
H 15 8 3 4
H 12 9 6 4
V 11 9 6 2
H 16 7 1 4
V 14 9 4 3
H 17 8 1 2
V 7 12 6 1
H 7 9 7 8
V 8 10 4 6
H 9 13 3 6
V 7 9 12 1
H 10 16 1 4
H 8 14 3 4
V 6 14 8 2
H 6 9 10 2
H 12 5 2 12
V 6 5 2 8
V 6 10 2 1
H 6 5 1 10
H 6 5 1 2
H 9 5 1 2
V 10 13 4 2
H 10 9 2 10
V 14 14 2 1
H 16 10 1 2
V 9 9 8 2
H 10 8 7 6
V 14 10 2 1
H 14 6 2 8
H 16 9 1 2
V 14 10 6 1
H 16 10 1 2
H 18 10 1 2
V 8 6 2 11
H 9 16 1 2
V 9 3 2 2
H 10 2 1 2
V 10 5 4 6
V 14 8 2 5
H 7 11 8 4
V 13 13 2 1
V 11 7 2 1
V 11 13 2 1
H 12 12 2 4
H 8 15 5 2
H 9 14 1 2
V 7 15 6 1
V 12 10 2 1
V 13 10 6 1
H 17 10 1 2
H 6 11 1 2
H 6 8 1 4
H 6 7 1 8
V 8 14 4 3
H 10 11 1 8
H 10 12 3 4
H 15 12 1 2
V 8 13 8 1
V 10 10 8 1
H 12 6 3 8
V 13 8 4 3
H 10 11 3 6
V 12 13 2 1
V 11 7 4 7
H 10 3 2 10
V 15 10 2 1
H 13 9 1 6
V 6 9 10 2
V 7 10 12 1
V 6 10 12 1
H 10 4 2 14
H 8 7 1 2
H 15 7 1 2
V 6 7 2 6
H 6 7 1 2
H 9 15 3 2
V 8 15 2 1
V 10 5 2 9
H 11 4 1 2
H 9 4 2 6
H 10 7 4 8
V 11 7 2 8
H 10 11 1 2
H 11 13 1 4
H 10 12 3 4
V 12 6 2 8
H 13 6 1 2
V 13 7 2 6
H 10 7 1 2
H 14 7 1 2
V 7 10 6 5
H 10 13 2 4
V 9 10 8 1
H 16 9 1 2
V 6 8 6 4
V 7 7 2 1
H 8 5 5 6
H 7 10 7 4
V 11 11 6 1
V 10 8 4 3
H 10 3 1 14
V 9 6 2 10
H 10 15 1 2
V 13 10 4 1
H 8 8 1 2
H 10 8 1 2
H 8 9 8 2
H 7 10 1 2
H 15 10 1 2
H 13 9 1 2
H 15 9 1 2
V 6 10 10 1
H 6 9 1 4
V 7 9 8 2
H 8 6 5 6
H 11 5 1 2
V 8 8 2 7
H 8 9 5 6
H 12 13 1 2
V 9 12 6 1
H 9 8 4 6
H 10 5 1 8
V 10 9 6 1
V 7 8 2 1
H 8 12 1 2
V 11 13 2 1
V 13 11 2 1
H 8 10 1 2
H 14 10 1 2
V 6 9 4 2
H 13 9 1 2
H 11 8 3 2
V 11 9 4 1
V 11 9 2 4
H 10 9 2 6
V 8 8 4 3
V 8 11 2 1
H 9 6 2 6
H 7 11 1 2
V 7 9 2 3
V 11 8 2 1
H 8 7 4 6
H 8 7 1 2
V 10 9 4 3
H 10 8 1 8
V 10 12 2 2
V 9 10 2 1
V 9 13 2 1
H 13 9 1 2
H 10 9 1 6
V 10 10 2 1
V 9 10 4 3
V 8 9 2 3
H 9 7 2 6
V 8 11 2 1
H 9 8 2 4
V 7 9 4 2
V 8 9 4 3
H 10 7 2 4
H 11 10 1 2
V 9 11 4 1
H 8 9 1 2
H 8 10 5 2
V 6 10 8 1
H 10 8 1 2
V 8 9 4 2
H 8 10 1 2
V 9 9 2 3
V 9 11 4 1
H 10 7 1 6
V 9 10 4 1
H 12 9 1 2
H 10 11 1 2
V 10 9 2 4
H 10 8 1 4
H 10 10 1 2
V 9 10 2 1
