H 1 4 1 2
H 3 13 1 2
H 17 14 1 2
V 8 6 2 1
V 0 5 10 13
H 5 9 1 6
H 0 2 7 8
H 3 1 1 2
H 0 0 20 20
H 19 18 1 2
V 0 9 12 7
V 7 1 2 1
V 7 5 2 1
V 7 7 2 1
H 1 0 7 20
H 19 17 1 2
V 1 17 16 2
H 17 15 1 2
V 0 16 20 1
H 1 12 1 4
V 0 13 4 5
H 0 16 1 2
H 16 14 1 2
H 4 14 1 4
V 0 15 20 2
V 3 17 10 1
V 2 8 2 12
H 2 12 5 8
V 8 3 2 1
V 9 0 10 14
H 13 1 6 14
V 17 15 2 1
H 18 0 1 20
H 15 16 1 2
H 15 18 1 2
V 15 17 4 2
V 9 5 10 1
V 18 0 2 18
H 18 11 1 2
H 16 6 4 12
V 17 0 2 17
H 17 6 1 14
H 8 0 1 18
V 7 5 2 1
V 0 0 16 1
V 3 18 14 2
H 3 14 7 6
V 0 15 14 2
V 0 11 20 1
V 3 8 2 12
H 3 4 2 16
V 0 3 2 1
V 1 0 2 16
H 2 12 4 6
V 14 1 2 2
V 15 0 4 17
H 16 10 1 10
V 18 4 2 1
H 14 0 2 20
H 16 8 1 2
V 0 9 20 3
H 4 0 1 20
V 4 4 2 1
V 4 15 2 1
H 1 3 4 14
H 8 5 1 2
V 8 6 12 9
H 18 9 2 8
H 5 9 1 2
V 5 15 2 1
H 5 0 1 20
V 3 6 4 13
V 4 6 2 1
V 6 11 2 1
V 5 0 4 19
H 6 13 1 4
V 0 15 20 1
H 5 13 13 6
H 1 0 8 16
V 7 13 2 1
H 1 0 7 14
V 0 8 18 2
H 3 7 1 2
H 0 1 4 14
V 0 6 18 3
V 3 8 2 1
H 3 0 1 18
V 0 14 6 2
H 0 11 14 4
V 10 11 2 1
H 9 0 2 20
H 9 8 1 2
V 10 7 2 1
H 9 0 2 18
H 17 0 1 6
V 2 0 18 1
V 15 10 4 7
V 1 7 14 1
V 0 2 2 1
V 0 5 2 3
H 1 1 9 8
V 8 14 12 2
V 18 14 2 1
V 2 0 14 3
H 2 0 1 2
H 3 2 1 8
H 4 16 1 2
H 2 1 3 16
V 13 11 2 1
V 4 11 10 5
H 4 13 2 6
V 4 1 2 15
H 5 2 1 18
V 6 12 14 2
H 15 8 3 10
H 10 13 1 2
H 6 8 1 2
V 1 9 12 5
H 1 12 17 4
V 13 0 4 18
H 13 6 7 6
H 15 0 1 20
V 14 1 2 1
V 14 9 2 1
H 15 1 2 10
V 12 1 8 1
H 12 0 1 20
V 12 2 2 1
H 11 0 2 18
V 7 0 12 5
H 13 16 1 2
H 13 15 5 2
V 17 15 2 1
V 6 8 4 9
H 6 14 1 6
H 3 0 4 6
H 1 2 4 12
H 0 3 2 8
H 0 4 1 10
V 0 7 4 1
H 2 12 1 2
H 2 1 2 12
V 1 13 16 1
V 4 12 2 1
H 2 12 3 4
V 2 10 2 1
V 3 5 2 11
H 4 7 12 2
H 4 0 1 18
V 14 1 2 1
V 3 11 2 1
V 11 0 4 10
V 14 0 2 1
H 14 0 1 20
V 14 0 4 14
V 16 16 2 1
V 15 11 2 1
H 16 8 1 10
V 4 14 2 1
H 6 14 1 2
V 1 12 8 3
V 4 13 2 1
V 0 12 20 1
H 15 7 1 12
H 12 0 1 20
V 17 5 2 1
H 12 2 6 6
H 16 2 1 2
V 6 2 14 1
V 0 10 20 3
V 4 2 6 12
H 10 18 1 2
H 5 3 8 16
V 12 8 2 1
H 6 16 1 2
V 4 13 6 4
H 4 15 1 2
H 5 9 1 2
H 5 10 13 6
V 0 4 2 5
H 1 12 1 2
V 11 5 2 1
V 11 8 2 1
H 0 5 12 8
V 6 9 2 1
H 8 8 1 2
V 1 5 6 6
H 1 3 13 4
V 0 6 4 5
H 0 4 1 6
V 8 1 4 1
V 7 0 8 19
H 7 18 1 2
V 10 8 2 1
V 5 8 2 1
V 6 5 2 10
H 6 11 6 8
V 3 2 12 2
H 3 1 1 2
H 2 3 17 2
V 12 3 8 1
V 11 11 8 4
H 12 11 3 8
V 5 2 14 2
H 6 0 11 4
V 11 0 2 1
H 10 1 1 2
H 8 0 4 4
V 2 2 16 1
V 5 7 10 10
V 4 13 2 1
V 5 9 12 8
H 3 3 9 10
H 6 2 1 16
H 3 2 7 14
V 5 4 14 1
H 18 2 1 4
V 8 14 2 1
H 9 10 3 10
V 5 14 14 1
H 9 18 1 2
V 4 10 2 1
V 5 0 2 1
V 5 2 2 16
V 1 12 16 1
H 4 0 1 16
H 4 0 1 8
H 2 10 3 4
H 3 5 1 2
V 3 3 2 3
V 3 13 2 1
H 3 2 1 2
V 0 5 2 3
H 0 8 1 4
H 18 6 1 4
H 0 5 19 4
V 3 14 12 1
H 7 13 1 6
V 4 14 6 2
V 12 7 8 3
H 16 2 2 10
V 15 4 2 1
H 16 2 1 14
V 3 4 2 4
V 4 14 2 1
H 4 1 1 14
V 0 11 8 1
V 2 8 2 1
V 3 4 4 10
V 5 10 2 1
H 5 0 1 16
H 15 0 1 16
V 1 11 8 2
H 14 14 1 2
V 14 3 4 12
H 13 10 1 2
V 7 9 8 2
V 13 15 2 1
H 14 4 1 14
H 15 13 1 2
H 10 12 1 2
V 5 13 14 1
V 6 11 2 1
H 7 9 7 10
V 13 14 2 1
V 8 3 6 2
V 9 18 2 1
H 10 2 1 18
H 6 12 1 2
V 3 13 16 1
V 8 11 4 5
H 8 4 1 16
H 10 0 1 20
V 6 0 10 4
V 2 3 8 4
H 3 3 4 10
H 6 0 1 18
H 3 10 2 4
V 2 12 2 1
H 3 3 2 6
V 0 6 6 2
H 1 7 1 2
V 9 13 4 6
H 11 16 1 4
V 8 0 2 1
V 8 2 2 1
V 9 2 8 2
H 15 3 1 2
V 3 10 2 1
V 4 3 6 12
H 4 11 4 4
H 11 13 1 2
H 6 11 7 6
V 1 6 2 2
V 2 6 6 4
H 2 4 1 8
V 3 6 4 6
H 6 0 1 12
V 7 0 2 16
V 7 7 2 1
H 8 5 4 14
H 5 3 1 2
V 6 15 2 1
V 5 4 4 12
V 4 8 2 1
H 5 4 3 12
V 9 9 10 2
H 7 7 12 6
H 7 15 1 2
H 14 0 1 14
V 6 5 6 11
H 6 4 1 2
V 6 15 10 1
V 6 11 14 1
H 9 2 2 16
V 1 8 14 1
H 2 5 1 8
H 13 6 1 10
V 8 13 10 1
H 8 11 7 6
V 16 3 2 11
H 16 3 2 10
V 16 10 2 1
H 17 4 1 10
V 10 18 2 1
V 3 7 4 5
V 3 4 14 1
H 5 1 1 14
H 12 0 1 2
H 5 1 10 6
V 5 4 2 1
V 5 14 2 1
H 6 4 12 2
V 1 5 18 1
V 10 3 8 4
H 14 1 2 10
H 6 14 1 2
H 13 14 1 2
H 8 9 1 2
H 8 15 6 2
V 13 15 2 1
V 9 15 4 2
H 12 16 1 2
V 0 7 2 3
H 1 7 19 4
H 19 7 1 2
V 17 10 2 1
V 16 9 2 3
V 13 8 6 1
H 16 6 1 8
V 7 7 2 1
H 8 6 11 2
V 16 6 4 1
H 4 5 8 8
V 2 5 4 2
H 8 13 1 2
H 4 10 7 4
V 2 8 4 4
H 4 3 1 10
H 9 1 5 4
V 7 3 10 3
H 7 10 12 2
V 8 9 12 2
V 14 4 2 10
H 14 1 1 14
H 14 1 1 6
V 12 13 2 1
H 13 3 2 12
V 9 10 10 2
H 9 1 1 2
H 10 1 1 4
V 7 2 6 3
H 7 2 4 4
V 4 4 14 2
V 12 0 2 8
H 14 7 1 2
V 0 8 20 1
H 2 6 1 6
H 2 6 1 2
V 0 9 2 1
H 18 9 1 2
V 3 8 16 2
H 8 2 1 16
V 10 7 8 1
V 6 5 6 1
H 10 4 6 8
H 5 4 1 2
V 5 5 14 1
V 10 0 2 17
H 11 5 1 2
H 11 0 1 12
V 10 13 2 1
H 11 1 1 18
V 10 7 8 5
H 15 2 1 10
H 11 6 1 2
H 1 7 17 2
V 0 8 2 1
H 12 1 1 2
H 3 5 3 4
H 9 14 1 4
V 4 8 2 5
H 5 12 1 2
H 5 10 5 4
V 8 1 6 1
V 7 1 2 15
H 8 11 5 6
H 10 15 1 2
H 10 4 1 2
V 8 5 8 9
H 10 1 2 10
H 12 0 1 2
V 8 1 6 1
V 5 4 12 5
H 5 3 1 2
V 15 4 2 1
V 15 7 2 1
H 11 10 1 8
H 7 9 1 2
H 9 9 1 2
H 17 9 1 2
H 3 6 1 2
V 1 7 12 3
V 13 6 2 5
H 14 3 1 12
H 13 6 1 2
V 11 6 8 1
V 8 3 8 4
V 9 0 2 1
H 10 0 2 8
V 9 0 4 2
V 9 3 4 1
V 2 7 8 1
H 7 5 9 8
H 5 9 1 2
V 1 9 12 1
V 6 9 14 1
V 5 8 4 5
H 6 5 4 10
H 7 2 2 14
H 9 10 1 2
V 2 10 12 1
H 10 0 1 14
V 6 3 10 1
V 10 7 6 3
H 13 4 1 12
V 13 13 2 1
V 4 9 10 3
V 6 8 2 1
H 7 4 1 12
H 16 5 1 2
H 18 9 1 2
H 8 14 1 2
V 7 8 4 7
H 2 8 17 2
V 18 8 2 1
V 17 9 2 1
V 5 5 4 4
H 5 4 1 2
V 8 14 6 1
H 8 14 1 2
V 9 2 2 1
H 7 2 3 12
H 7 2 1 2
V 7 4 2 1
V 3 7 6 3
H 3 9 1 2
H 8 9 1 2
H 5 7 10 6
V 4 5 12 1
H 15 4 1 2
H 9 2 3 8
V 4 6 14 1
H 4 5 1 2
V 6 6 4 4
H 9 1 1 16
H 10 4 1 2
H 8 3 2 12
V 1 8 14 1
H 2 8 1 2
H 6 8 1 2
H 6 5 1 8
H 10 7 1 2
H 5 9 1 2
V 5 8 10 2
H 11 3 1 14
V 4 9 2 1
V 15 6 2 5
H 16 6 1 2
V 2 8 8 1
H 3 7 1 2
V 14 7 4 1
H 13 4 2 6
H 14 5 1 2
V 14 6 2 6
H 7 8 9 4
V 6 10 2 1
H 10 3 1 4
V 7 6 8 7
H 11 12 1 2
H 11 11 2 4
V 13 7 4 4
V 7 7 4 6
H 8 7 2 8
H 7 11 1 2
V 10 2 2 1
H 10 0 1 12
H 5 8 7 2
V 2 8 12 1
H 6 9 1 2
V 4 7 12 2
H 9 3 5 8
H 13 4 1 10
V 13 5 2 1
V 13 12 2 1
H 14 10 1 2
V 5 6 4 1
H 9 2 1 2
V 8 3 2 10
V 11 3 2 1
V 9 10 2 1
H 8 2 4 4
V 7 6 2 1
H 9 2 3 12
V 10 6 4 8
V 8 9 6 3
V 8 13 2 1
V 9 8 2 1
H 9 8 1 8
H 11 6 2 6
H 16 7 1 2
V 7 8 12 1
V 3 8 4 1
H 9 2 1 10
V 5 7 6 1
H 5 6 1 2
V 14 9 2 1
V 9 3 2 11
V 9 3 4 5
V 8 12 2 1
H 16 8 1 2
V 6 9 6 1
H 11 7 1 2
H 16 7 1 2
H 10 2 2 12
H 11 2 1 2
V 10 4 2 3
V 10 7 4 1
H 10 1 1 8
V 7 7 4 5
V 4 8 14 1
H 16 7 1 2
V 8 8 10 1
V 6 7 4 3
H 9 3 1 12
V 5 7 2 1
H 9 12 1 2
H 11 6 1 2
V 8 7 8 2
H 11 7 4 4
V 10 7 2 1
V 11 10 2 1
H 11 5 1 10
H 8 5 6 2
V 13 6 2 1
V 9 10 6 1
V 8 5 6 1
H 9 4 1 2
V 8 5 4 3
H 8 4 1 2
V 8 5 2 1
V 10 5 4 6
H 11 4 1 2
H 9 8 1 2
H 9 5 5 4
H 13 6 1 6
H 6 7 2 2
H 12 7 2 2
V 9 8 8 1
V 10 13 2 1
H 7 9 1 2
V 7 9 2 1
V 11 10 2 1
V 8 6 2 6
H 9 11 1 2
V 7 7 2 1
V 5 8 4 1
H 6 7 1 2
H 13 7 1 2
V 8 7 2 2
H 9 4 2 8
V 9 5 2 2
H 10 3 1 6
H 10 4 1 4
V 10 7 2 3
V 9 8 6 2
H 10 5 2 8
V 11 5 2 1
H 10 5 1 2
V 10 6 4 2
V 10 11 2 2
V 14 8 2 1
V 7 8 8 1
H 10 7 1 2
V 8 8 8 1
V 8 11 2 1
H 8 9 1 2
H 11 5 1 6
V 11 6 2 4
V 10 10 2 1
H 9 5 2 6
V 8 8 2 1
H 9 5 1 4
V 8 7 2 1
V 7 8 2 1
H 10 5 1 2
V 10 5 2 1
H 10 6 1 6
V 9 11 2 1
H 9 8 2 2
H 12 8 1 2
H 9 9 1 2
V 8 8 2 2
V 9 8 2 1
H 10 7 1 2
