H 17 9 1 4
V 17 14 2 1
H 0 0 1 2
V 14 15 2 1
V 1 7 2 1
V 1 17 2 1
V 7 18 2 1
H 4 15 1 2
H 17 7 3 4
V 17 7 2 6
V 3 0 2 2
V 3 16 2 1
V 3 18 2 1
H 2 1 14 2
H 3 0 1 6
V 3 5 2 1
H 4 5 1 10
H 4 5 1 14
V 5 17 2 1
V 4 17 2 3
H 5 10 1 10
V 5 10 4 6
H 7 7 2 10
H 6 6 3 2
V 7 6 4 1
H 12 7 1 6
H 9 6 2 2
H 12 7 1 8
H 9 7 5 10
V 9 12 10 1
H 10 12 1 2
V 10 12 10 1
H 17 9 3 4
H 17 8 3 4
V 9 7 8 5
V 12 11 2 1
V 9 9 2 2
H 10 9 3 8
V 10 15 8 1
V 10 15 10 1
H 9 11 4 4
V 9 12 10 1
V 10 12 10 1
H 17 9 3 4
H 0 9 1 2
H 19 9 1 2
V 0 7 2 1
H 1 0 1 20
V 0 10 4 2
V 2 13 2 1
H 3 8 1 12
V 2 11 2 1
V 3 17 4 3
H 5 10 1 10
V 5 12 4 5
H 7 6 2 10
V 5 6 2 1
V 5 10 2 1
H 6 6 3 2
V 7 6 4 1
H 9 6 2 2
V 9 7 8 5
H 9 7 5 10
V 9 12 10 1
H 17 9 2 4
H 17 8 2 4
V 3 0 16 3
H 5 1 1 2
H 3 0 5 4
H 3 0 1 6
V 3 5 2 1
H 4 5 1 10
V 3 6 2 1
H 4 5 1 14
H 5 16 1 2
V 4 17 2 2
H 5 10 1 10
V 5 10 4 5
H 7 7 1 10
H 6 6 3 2
V 7 6 4 1
V 10 7 2 1
H 7 6 2 2
H 9 6 2 2
V 9 7 6 2
H 11 7 3 10
V 10 12 10 1
H 17 7 1 6
H 17 7 1 4
V 13 16 2 1
H 13 9 1 8
V 10 16 8 1
V 5 6 14 1
V 10 7 2 1
H 9 6 2 2
V 10 7 6 5
V 9 15 10 1
H 11 7 3 10
H 3 11 1 2
H 18 11 1 2
V 9 12 10 1
H 17 9 2 4
H 18 9 1 2
H 7 6 1 10
V 6 8 2 2
V 6 13 2 1
H 7 6 1 8
V 6 6 4 1
V 10 6 2 1
H 9 6 2 2
V 9 7 6 6
H 12 7 1 10
V 10 12 10 1
H 18 11 1 2
H 17 9 1 4
V 17 11 2 1
H 17 8 1 4
V 17 10 2 1
V 4 17 6 3
V 5 18 2 1
H 5 10 1 10
V 5 12 4 5
V 6 7 2 1
H 7 6 2 10
H 7 6 2 6
V 7 6 4 1
H 9 6 2 6
V 9 16 2 1
H 9 7 1 10
V 9 14 10 2
V 10 13 10 2
V 0 7 4 5
H 3 8 1 12
V 3 17 4 1
H 5 10 1 10
V 5 12 4 1
H 8 15 1 2
H 7 6 2 10
H 6 6 2 2
V 7 6 4 1
H 9 6 2 2
H 9 6 1 10
V 9 12 10 1
V 10 12 10 1
H 17 11 3 2
H 19 10 1 2
H 18 16 2 4
H 15 17 1 2
V 3 18 16 2
V 5 17 10 3
H 5 10 1 10
V 5 11 4 6
H 7 7 2 10
H 6 6 3 4
V 6 6 4 1
V 10 13 2 1
H 9 6 2 8
V 9 8 8 4
V 13 7 2 1
H 13 7 1 10
H 13 11 1 4
V 12 9 2 1
V 9 13 10 3
H 12 8 1 8
H 9 13 10 2
V 12 13 8 1
V 6 10 2 7
H 7 6 2 8
V 6 6 4 1
H 9 6 2 10
V 9 7 6 5
V 11 8 2 1
V 11 19 2 1
H 10 7 4 10
V 9 16 8 1
H 15 5 1 2
V 5 5 12 1
H 12 5 8 2
H 13 5 1 2
H 10 6 1 2
V 9 6 6 1
H 9 6 2 2
H 9 7 5 10
V 9 12 10 1
H 19 11 1 2
V 10 12 10 1
H 19 11 1 2
V 2 0 6 2
H 2 0 3 4
H 2 0 2 6
V 3 5 2 1
V 3 13 2 1
H 4 5 1 10
H 4 5 1 14
H 5 16 1 2
V 4 17 2 3
H 5 10 1 10
V 5 12 4 1
H 7 6 2 10
H 6 6 2 2
V 7 6 4 1
H 9 6 2 2
V 9 7 8 1
H 13 7 1 10
V 9 12 10 1
H 17 11 2 2
H 18 10 1 2
V 9 5 2 1
V 9 8 2 1
V 10 12 2 1
V 5 5 10 1
H 12 5 8 2
V 7 6 6 1
H 9 6 1 4
H 11 8 1 8
V 9 8 8 4
H 12 7 2 10
V 9 13 10 1
V 5 13 2 1
H 5 10 1 10
V 5 11 4 5
H 7 7 1 10
H 6 6 3 2
V 7 6 4 1
H 9 6 2 2
V 9 7 8 4
H 9 7 5 10
V 10 12 10 1
H 18 11 1 2
V 4 18 16 2
V 5 13 2 1
V 5 17 2 3
H 5 10 1 10
V 5 12 4 3
V 5 17 4 3
H 7 6 2 10
H 8 8 1 2
H 7 6 2 6
V 6 6 4 1
H 9 6 2 10
V 9 11 6 1
V 13 7 2 1
H 11 7 3 10
V 10 16 6 1
H 5 10 1 10
V 5 12 4 2
V 7 11 2 1
H 7 6 1 10
H 7 6 1 4
V 6 6 4 1
H 9 6 1 8
V 9 9 6 4
H 12 7 1 10
V 9 13 8 3
V 0 8 4 1
H 0 8 5 6
V 4 17 2 1
H 3 8 2 12
V 3 17 4 2
H 5 10 1 10
V 5 10 4 4
H 7 7 2 10
H 6 6 2 2
V 6 6 4 1
H 9 6 2 6
H 9 10 1 2
V 9 9 8 2
H 13 7 1 10
V 10 14 8 1
V 2 1 18 2
V 2 0 6 5
V 3 4 2 1
V 3 5 2 1
H 2 0 2 6
V 3 5 2 2
H 4 5 1 10
H 4 6 1 14
V 4 17 2 3
H 5 10 1 10
V 5 11 4 4
V 6 8 2 1
V 6 11 2 1
H 7 6 1 10
H 7 6 2 2
V 7 6 4 1
H 9 6 2 2
H 9 6 2 10
V 9 12 10 1
V 10 12 10 1
V 9 16 6 1
V 3 18 4 1
H 5 10 1 10
H 6 13 1 2
H 6 11 1 2
V 5 12 4 2
H 7 6 2 10
H 7 9 1 2
H 7 6 2 4
V 7 6 4 1
H 9 6 2 6
V 9 9 6 2
H 9 7 5 10
V 9 14 8 1
H 4 18 1 2
H 15 18 1 2
V 3 19 16 1
H 5 18 1 2
V 4 19 6 1
H 5 10 1 10
V 5 11 4 4
V 7 9 2 1
H 7 6 1 10
H 7 6 2 6
V 7 6 4 1
H 9 6 2 4
V 9 7 8 3
H 10 7 4 10
V 10 13 8 1
V 0 0 2 20
H 0 4 2 16
V 0 8 4 6
H 4 16 1 4
H 3 7 2 12
H 6 18 1 2
V 3 17 4 2
H 5 10 1 10
V 5 12 4 3
H 7 6 2 10
H 7 6 2 2
V 6 6 4 1
H 9 6 2 8
V 9 7 6 4
V 11 9 2 1
H 9 7 5 10
V 10 15 6 1
V 3 12 2 1
V 2 7 2 6
H 3 10 2 10
V 3 17 4 3
H 5 10 1 10
V 5 11 4 4
H 7 6 1 10
H 7 6 1 2
V 6 6 4 1
H 9 6 2 2
H 12 7 1 8
H 10 8 1 2
V 9 7 8 2
H 13 7 1 10
V 9 12 10 1
V 4 18 16 2
V 4 18 12 2
H 5 10 1 10
V 5 11 4 4
H 7 6 1 10
H 7 6 2 4
V 7 6 4 1
H 9 6 2 2
V 9 7 8 1
V 13 10 2 1
H 13 7 1 10
H 11 12 1 2
V 10 12 8 1
H 17 11 1 2
V 5 12 4 2
H 7 6 1 10
V 7 7 2 1
H 7 6 1 4
V 6 6 4 1
H 9 6 2 6
V 9 7 6 6
H 12 7 1 10
V 10 14 6 1
V 1 7 2 1
H 0 5 2 10
V 0 10 4 4
H 3 7 1 12
V 3 17 4 3
H 5 10 1 10
V 5 11 4 3
H 7 7 2 10
H 6 7 1 2
H 6 6 3 2
H 9 6 1 2
V 7 6 4 1
H 9 6 2 10
V 9 7 8 5
H 12 7 2 10
V 2 0 8 1
H 3 0 3 4
H 3 1 1 6
V 3 5 2 2
H 4 5 1 10
H 4 6 1 14
H 4 18 1 2
V 4 17 2 2
H 5 10 1 10
V 6 12 2 1
V 5 11 4 3
V 7 9 2 1
H 7 6 1 10
H 6 6 3 2
V 6 6 4 1
H 9 6 2 4
V 9 8 6 3
H 12 7 1 10
V 9 13 8 1
V 2 0 18 1
H 3 0 3 4
H 3 0 1 6
V 3 5 2 2
H 4 5 1 10
V 3 5 2 1
H 4 5 1 14
V 4 17 2 2
H 5 10 1 10
H 5 13 1 2
V 5 11 4 3
H 7 6 2 10
H 7 6 2 2
V 7 6 4 1
H 9 6 2 2
H 9 7 4 10
V 9 12 8 1
V 10 12 8 1
V 2 1 18 2
H 7 0 1 2
V 2 1 14 2
H 2 0 2 6
V 3 5 2 2
H 4 5 1 10
V 3 11 2 1
H 4 5 1 14
V 4 17 2 1
H 5 10 1 10
V 5 11 4 2
H 7 6 2 10
H 7 6 2 2
V 7 6 4 1
H 9 6 2 8
V 10 11 2 1
V 9 10 4 4
H 11 7 2 10
V 9 14 6 2
H 9 11 5 4
V 12 13 4 1
H 16 11 1 2
V 1 9 2 1
H 2 8 3 4
V 3 16 2 1
H 4 5 1 14
V 4 17 2 2
H 5 10 1 10
V 5 11 4 2
H 7 7 2 10
H 7 6 2 2
V 7 6 4 1
H 9 6 1 10
V 9 11 8 1
H 13 7 1 2
H 11 8 3 8
V 10 11 2 1
V 0 0 2 17
H 0 0 2 20
V 1 10 4 4
H 3 8 2 12
V 3 17 4 1
H 5 10 1 10
V 5 11 4 2
H 7 7 2 10
H 7 6 1 2
V 7 6 4 1
H 9 6 1 10
V 9 9 6 4
H 9 7 4 10
V 2 0 6 3
V 6 1 2 1
H 2 1 5 2
H 2 0 2 6
V 3 5 2 2
V 3 9 2 1
H 4 5 1 10
H 4 5 1 14
H 5 16 1 2
V 4 17 2 2
V 5 18 2 1
H 5 10 1 10
V 5 11 4 3
H 7 6 2 10
H 7 6 2 2
V 7 6 4 1
H 9 6 1 6
V 9 9 4 1
H 11 7 1 10
V 9 13 6 2
V 13 13 2 1
H 13 13 1 2
V 2 3 18 2
V 2 3 8 2
H 2 4 2 2
V 3 5 2 2
H 4 5 1 10
H 4 5 1 14
V 4 17 2 3
V 5 14 2 1
H 5 10 1 10
V 5 11 4 3
H 7 7 2 10
H 7 6 2 2
V 10 6 2 1
V 7 6 4 1
H 9 6 1 10
H 14 11 1 2
V 9 11 6 1
H 11 8 2 8
V 15 10 2 1
V 3 19 16 1
V 4 19 10 1
H 5 10 1 10
V 5 11 4 4
H 7 6 2 10
H 7 6 2 6
V 7 6 4 1
H 9 6 1 10
V 9 8 4 5
H 11 8 1 8
H 19 17 1 2
V 4 18 16 2
V 4 18 12 2
H 5 10 1 10
V 5 14 4 1
H 7 6 2 10
V 6 8 2 1
H 7 6 2 6
V 5 6 10 1
H 17 5 1 2
V 6 6 14 1
H 19 5 1 2
V 12 6 2 1
V 2 0 2 7
H 2 1 4 2
H 2 0 2 6
V 3 5 2 2
H 4 5 1 10
H 4 6 1 14
V 4 17 2 3
H 5 10 1 10
V 5 12 4 3
H 7 6 1 10
H 5 6 4 2
V 7 6 4 1
H 9 6 2 8
V 9 10 6 2
H 9 7 4 8
H 12 3 1 2
V 2 4 18 1
V 2 3 6 2
H 2 4 2 2
V 3 5 2 1
H 4 5 1 10
H 4 6 1 14
V 4 17 2 2
H 5 10 1 10
V 5 10 4 5
H 7 6 1 10
H 5 6 4 2
V 6 6 4 1
H 9 6 1 10
V 9 11 6 1
V 10 11 6 1
H 13 8 1 2
H 11 7 6 2
H 16 8 1 2
H 9 9 6 2
H 9 8 4 6
H 5 6 1 2
V 18 6 2 1
V 5 6 14 1
V 10 10 2 1
H 9 6 2 8
V 9 9 4 2
H 9 7 3 8
V 13 7 2 4
H 9 9 5 4
V 5 19 10 1
H 5 10 1 10
V 5 14 4 3
H 7 6 1 10
H 7 6 2 6
V 5 6 10 1
H 15 5 1 2
V 6 6 14 1
V 2 0 2 7
H 3 4 1 2
V 3 5 2 1
H 4 5 1 10
V 3 13 2 2
H 4 5 1 14
V 4 17 2 2
H 5 10 1 10
V 6 14 2 1
V 5 12 4 3
H 7 6 1 10
H 5 6 4 2
V 10 6 4 1
V 5 6 8 1
V 5 6 14 1
H 18 5 1 2
V 0 0 2 2
V 0 8 2 1
H 1 0 1 20
V 1 10 4 3
H 4 7 1 2
H 3 8 2 12
V 3 17 4 1
H 5 10 1 10
V 5 11 4 4
H 7 6 2 10
H 7 6 2 2
V 5 6 10 1
H 12 5 6 2
V 6 5 12 1
V 2 3 16 1
H 3 3 1 4
V 3 5 2 2
H 4 5 1 10
H 4 5 1 14
V 4 17 2 2
H 5 10 1 10
H 8 10 1 2
V 5 11 4 2
H 7 7 2 10
H 5 6 3 2
H 10 6 1 2
V 6 6 6 1
H 9 6 2 8
H 9 9 1 2
H 9 6 2 10
V 11 12 2 1
H 9 11 3 2
V 10 7 4 5
H 14 5 4 2
V 5 6 14 1
H 9 6 2 6
V 9 9 4 2
V 10 9 6 1
V 9 14 2 1
H 4 10 1 8
V 4 17 2 3
H 5 10 1 10
V 5 11 4 4
H 7 6 2 10
H 5 6 4 2
V 6 6 4 1
H 9 6 2 4
V 9 7 6 2
V 9 7 8 2
V 3 17 12 1
V 5 3 2 1
V 5 13 2 1
H 5 10 1 10
V 5 12 4 1
V 6 9 2 1
V 6 11 2 1
H 7 6 2 10
H 5 7 1 2
H 5 6 4 2
V 6 6 4 1
V 10 9 2 1
H 9 6 2 8
V 9 10 4 1
H 11 8 1 6
V 3 18 16 1
V 5 17 4 2
H 5 10 1 10
V 5 11 4 4
H 7 7 2 10
H 5 6 4 4
V 5 6 8 1
V 5 6 14 1
V 0 4 2 1
V 0 8 2 9
H 1 10 2 10
H 1 14 1 2
V 1 10 4 4
H 3 8 2 12
V 3 17 4 2
H 5 10 1 10
V 5 11 4 2
H 7 7 1 10
H 5 6 3 2
V 6 6 4 1
H 9 6 1 8
H 9 6 1 10
V 0 13 2 1
H 1 8 2 8
V 1 10 4 4
V 4 17 2 1
H 4 5 1 14
V 4 17 2 3
H 5 10 1 10
V 5 11 4 4
H 7 6 1 10
H 7 6 2 2
H 12 5 1 2
V 7 6 10 1
H 12 5 4 2
V 7 5 10 1
H 12 7 1 4
V 9 7 8 1
V 5 11 4 2
H 7 6 1 10
H 7 6 2 2
V 7 6 4 1
H 9 9 1 2
H 9 6 1 8
H 9 7 1 8
V 5 17 12 3
H 5 10 1 10
V 5 11 4 2
H 7 6 1 10
H 7 6 2 2
V 7 6 4 1
H 9 6 1 8
V 9 9 4 3
V 10 10 4 1
V 4 17 8 3
H 5 10 1 10
V 5 10 4 5
H 7 7 1 10
H 7 6 1 6
V 7 6 4 1
H 9 6 2 6
V 9 8 6 2
H 9 8 4 4
V 2 2 18 1
H 3 0 1 4
V 3 0 10 3
H 3 0 1 2
H 2 1 2 6
V 3 2 2 1
V 3 5 2 1
H 4 5 1 10
H 4 6 1 14
V 4 17 2 2
H 5 10 1 10
V 5 12 4 1
H 7 6 1 10
V 7 10 2 2
V 7 15 2 1
H 7 6 2 2
V 7 6 4 1
H 9 6 1 6
V 9 8 4 3
V 9 8 6 2
H 9 7 5 2
V 10 7 6 1
V 7 6 2 1
H 7 6 1 6
V 7 6 4 1
H 9 6 1 6
H 9 6 1 8
V 15 6 2 1
H 2 4 1 2
V 2 1 4 4
V 3 5 2 1
H 2 1 2 6
V 3 5 2 2
H 4 5 1 10
H 4 5 1 14
V 4 17 2 2
H 5 10 1 10
V 5 12 4 5
H 7 6 1 10
H 7 6 2 2
V 7 6 4 1
V 9 11 2 1
H 9 6 1 6
V 9 7 4 3
H 11 8 1 4
V 2 2 18 1
V 13 2 2 1
V 13 7 2 1
V 2 1 12 2
V 3 5 2 1
V 3 8 2 1
H 3 0 1 6
V 3 0 2 5
V 3 5 2 2
H 4 14 1 2
H 4 5 1 10
H 4 5 1 14
V 4 17 2 2
H 5 10 1 10
H 5 16 1 2
V 5 10 4 7
V 7 8 2 1
H 7 6 1 10
H 7 6 2 2
V 7 6 6 1
H 9 6 2 6
H 9 7 2 6
H 9 9 1 4
H 13 7 1 2
V 10 7 2 3
H 9 6 2 6
H 3 1 2 2
V 3 3 2 1
H 3 0 1 6
V 2 6 2 1
V 3 5 2 2
H 4 5 1 10
H 4 6 1 14
V 4 17 2 3
H 5 10 1 10
V 4 18 2 1
V 5 10 4 7
V 6 7 2 1
V 7 6 2 1
H 7 6 1 10
H 5 6 4 2
V 6 6 4 1
H 9 6 2 2
V 9 7 4 1
V 9 7 6 1
H 9 7 4 2
V 10 7 4 1
V 5 6 10 1
H 12 5 2 2
V 11 5 2 1
H 4 17 1 2
V 4 18 14 2
H 5 10 1 10
V 5 10 4 7
H 7 6 1 10
V 6 9 2 1
H 5 6 4 4
V 5 6 6 1
H 9 6 2 4
V 9 7 4 2
V 2 4 12 1
H 2 4 2 2
V 3 5 2 1
V 3 10 2 1
H 4 5 1 10
H 4 6 1 14
V 4 17 2 1
H 5 10 1 10
V 5 10 4 7
H 7 6 2 10
H 5 6 4 2
V 6 6 4 1
H 9 6 2 4
V 8 6 2 1
H 9 6 1 6
V 2 0 18 1
H 7 0 1 2
V 3 0 14 1
H 10 0 1 2
H 3 0 1 4
H 3 1 1 6
V 3 5 2 2
V 3 13 2 1
H 4 5 1 10
H 4 5 1 14
V 4 17 2 2
H 5 10 1 10
V 5 10 4 7
H 7 6 2 10
H 5 6 4 2
H 6 6 1 2
V 5 6 6 1
H 9 6 2 4
H 9 7 2 4
V 4 0 16 1
H 5 2 1 2
V 2 0 10 3
H 2 0 2 6
V 3 0 2 5
V 3 5 2 2
H 4 14 1 2
H 4 5 1 10
V 3 12 2 1
H 4 5 1 14
V 4 17 2 2
H 5 10 1 10
H 4 9 1 2
H 8 9 1 2
V 5 10 4 3
H 7 7 2 10
H 5 6 4 2
H 10 6 1 2
V 7 6 4 1
H 8 6 1 2
H 12 5 1 2
V 5 6 10 1
V 5 14 4 1
V 6 9 2 1
H 7 7 1 10
H 7 6 2 6
V 7 6 6 1
H 9 6 2 2
V 9 7 4 1
H 2 1 3 2
H 2 0 2 6
V 3 5 2 2
H 4 5 1 10
H 4 5 1 14
V 4 17 2 3
H 5 10 1 10
V 5 10 2 7
V 5 10 4 3
H 8 6 1 10
H 5 6 4 2
V 5 6 8 1
H 12 5 1 2
V 0 10 2 1
H 1 0 1 20
V 0 8 4 6
H 3 7 1 12
V 3 17 4 1
H 5 10 1 10
V 5 12 4 5
H 7 15 1 2
H 7 6 2 10
H 5 6 4 2
V 5 6 6 1
H 10 6 1 2
V 10 6 2 1
H 9 6 2 4
V 2 3 18 2
V 3 3 14 2
H 2 2 2 4
V 3 3 2 1
V 3 5 2 1
H 4 5 1 10
H 4 6 1 14
V 4 17 2 1
H 5 10 1 10
V 5 12 4 4
H 7 6 1 10
H 5 6 4 2
V 10 6 2 1
V 5 6 6 1
H 9 6 2 2
V 10 7 2 1
V 16 19 4 1
H 18 16 2 4
V 4 18 16 1
H 9 17 1 2
H 16 17 1 2
H 19 17 1 2
V 3 18 12 1
H 4 5 1 14
H 4 5 1 12
V 3 5 2 1
H 3 1 1 6
V 2 2 14 1
H 9 1 1 2
H 12 1 1 2
H 2 2 1 2
V 2 2 18 1
H 19 1 1 2
V 14 0 4 3
H 17 0 1 2
V 18 2 2 1
H 3 2 1 2
V 2 3 18 1
H 3 2 1 2
H 2 1 5 4
V 3 0 8 2
H 7 0 1 2
V 3 1 16 1
V 3 5 2 1
H 4 5 1 10
H 4 6 1 14
V 4 17 2 2
H 5 10 1 10
V 5 11 2 6
V 5 12 4 1
V 6 7 2 1
H 7 7 2 10
H 8 6 1 2
V 6 6 6 1
V 2 3 18 2
V 3 3 10 2
H 2 5 1 2
H 2 4 2 2
V 3 5 2 2
H 4 5 1 10
H 4 5 1 14
V 4 17 2 1
H 5 10 1 10
V 5 12 4 3
V 6 15 2 1
H 7 7 2 10
H 5 6 4 2
V 5 6 6 1
H 10 6 1 2
V 16 18 4 2
H 10 18 1 2
H 19 18 1 2
V 10 3 10 2
H 4 5 1 12
V 3 5 2 1
H 2 1 2 6
H 5 0 1 2
V 3 1 12 2
V 2 2 16 1
H 17 1 1 2
V 9 6 2 1
V 9 17 2 1
V 6 16 2 1
V 5 11 2 6
H 5 10 1 10
V 4 17 2 3
H 4 5 1 14
H 4 5 1 10
V 3 5 2 2
H 2 0 2 6
V 3 0 14 3
H 5 2 1 2
V 3 2 16 1
H 16 0 1 2
H 3 14 1 4
V 3 17 4 3
H 5 10 1 10
V 5 12 4 1
H 7 7 1 10
H 5 6 4 2
V 6 6 4 1
V 1 8 4 5
H 4 5 1 6
V 3 5 2 2
H 2 4 2 2
V 2 4 14 1
V 2 4 18 1
V 2 3 6 2
H 2 4 2 2
V 3 5 2 1
H 4 5 1 10
H 4 6 1 14
V 4 17 2 2
H 5 10 1 10
V 5 12 4 5
H 7 6 1 10
H 8 7 1 6
V 5 6 4 3
H 5 6 1 2
V 2 4 16 1
V 3 4 6 1
H 2 4 2 2
V 3 5 2 1
V 3 14 2 1
H 4 5 1 12
H 4 5 1 14
V 4 18 14 1
V 4 18 16 1
H 7 3 1 2
V 3 4 16 1
H 4 3 1 2
V 2 4 14 1
H 2 4 2 2
V 3 5 2 1
H 4 5 1 14
H 4 6 1 14
H 14 18 1 2
V 3 19 12 1
V 3 19 16 1
V 16 17 2 3
H 17 18 1 2
V 6 3 12 2
V 17 18 2 1
V 15 3 2 2
H 6 3 1 2
H 10 3 1 2
H 16 3 1 2
V 16 18 2 1
V 12 19 2 1
V 13 17 4 3
H 7 6 1 10
H 7 6 1 6
V 5 11 4 6
V 5 17 2 1
H 5 12 1 8
V 4 17 2 1
H 4 5 1 14
V 3 7 2 1
H 4 5 1 10
V 3 5 2 2
H 3 1 1 6
V 3 0 10 3
V 3 2 12 1
H 14 1 1 2
H 5 16 1 2
V 4 17 2 1
H 4 5 1 14
V 3 13 2 1
V 3 16 2 1
H 4 5 1 10
V 3 5 2 2
H 3 0 1 6
V 3 2 8 1
V 6 0 2 1
V 6 10 2 1
V 6 16 2 1
H 7 0 1 4
V 2 0 12 2
V 7 7 2 1
V 12 1 2 1
H 2 1 11 2
V 11 2 4 1
H 5 2 3 2
V 6 3 4 2
H 5 3 1 2
H 9 3 1 2
V 2 3 14 1
V 3 17 14 1
V 5 19 2 1
V 4 17 4 3
H 5 10 1 10
V 5 11 4 6
H 7 8 2 6
V 5 9 4 1
V 0 19 2 1
H 1 4 1 16
H 0 11 1 2
V 0 10 4 2
H 3 7 1 12
V 3 17 4 2
H 5 10 1 10
H 6 12 1 2
V 5 10 4 3
H 7 7 1 10
V 9 18 2 1
V 2 0 6 5
H 7 0 1 2
H 9 0 1 2
H 2 1 11 2
H 2 1 2 6
V 3 5 2 1
H 4 5 1 10
H 4 6 1 14
V 4 17 2 3
H 5 10 1 10
V 5 10 2 7
V 5 12 4 5
H 8 8 1 8
V 7 9 2 3
H 7 9 2 2
V 6 9 2 1
H 10 3 1 2
V 8 4 8 1
V 0 11 4 2
V 1 11 4 1
H 4 5 1 12
V 3 5 2 2
H 2 0 2 6
V 3 2 8 1
H 6 2 1 2
V 3 1 10 2
H 12 1 1 2
H 2 3 2 4
V 3 5 2 2
H 4 5 1 14
H 4 6 1 14
V 3 18 8 2
V 14 18 2 1
V 3 17 12 3
V 3 0 6 3
H 10 0 1 2
H 2 1 10 2
V 3 5 2 1
H 2 0 2 6
V 2 6 2 1
V 3 1 2 4
V 3 5 2 2
H 4 5 1 12
H 4 6 1 14
H 5 16 1 2
V 3 17 10 3
H 15 17 1 2
V 4 18 12 1
H 5 17 1 2
H 13 17 2 2
H 7 9 1 2
V 9 3 2 2
H 2 4 2 2
V 3 5 2 2
H 4 5 1 10
H 4 6 1 14
V 4 17 2 3
V 4 18 2 1
H 5 10 1 10
V 5 0 2 1
V 5 10 2 7
H 6 10 1 2
V 5 11 4 3
H 7 13 1 2
H 7 10 2 4
V 3 17 12 1
V 4 17 2 3
H 4 6 1 14
H 4 5 1 10
V 2 5 2 1
V 3 5 2 1
H 2 1 2 6
V 2 0 8 3
V 3 2 10 1
V 3 17 10 3
V 3 17 4 3
H 4 6 1 14
H 4 5 1 14
V 3 5 2 2
H 2 2 2 4
V 3 3 8 1
V 2 3 12 1
V 11 3 2 2
H 12 3 1 2
H 10 1 1 2
H 4 5 1 4
H 4 12 1 2
V 1 7 4 6
H 3 7 1 12
H 3 8 1 12
H 3 17 1 2
V 3 18 8 2
V 7 18 2 1
V 3 18 10 2
H 2 0 2 6
V 3 5 2 2
H 4 5 1 10
H 4 5 1 14
V 4 17 2 1
V 5 15 2 1
H 5 10 1 10
V 5 12 4 4
H 7 13 1 2
H 7 10 1 4
V 2 0 2 7
H 2 2 2 4
V 3 5 2 1
H 4 5 1 10
V 4 17 2 1
H 4 14 1 2
H 4 6 1 14
V 3 17 8 1
H 7 17 1 2
H 5 16 1 2
V 3 17 12 1
V 6 17 6 3
H 3 17 9 2
H 0 18 1 2
H 11 18 1 2
V 11 4 2 1
V 6 2 4 1
V 3 2 6 1
H 8 1 1 2
H 4 6 1 8
V 3 6 2 1
H 4 6 1 14
V 4 17 2 3
V 5 18 2 1
H 5 14 1 6
V 6 14 2 1
V 5 14 4 2
H 6 12 2 4
V 3 9 2 11
H 4 5 1 14
H 4 5 1 6
V 3 5 2 2
H 3 3 1 4
H 5 2 1 2
V 2 3 6 2
V 2 3 2 1
V 3 3 8 1
V 6 0 2 5
V 2 3 8 1
H 2 1 6 4
H 7 0 1 4
H 4 1 4 4
V 2 3 8 1
H 2 2 2 4
V 3 5 2 2
H 4 5 1 14
V 4 4 2 1
V 4 19 2 1
H 4 6 1 14
V 3 18 4 2
V 3 18 8 2
V 2 0 2 7
H 2 4 2 2
V 3 5 2 2
H 4 5 1 12
V 3 14 2 1
H 4 6 1 14
V 3 18 4 2
V 3 18 8 1
V 1 7 2 13
H 2 8 1 12
V 1 7 4 6
H 4 5 1 12
H 4 6 1 4
V 3 5 2 2
H 3 3 1 2
H 2 1 2 6
V 2 2 6 3
H 3 0 4 4
V 3 0 2 5
H 3 0 1 6
V 3 4 2 1
V 3 5 2 2
H 4 5 1 10
H 4 6 1 14
V 4 17 2 2
H 5 12 1 8
H 5 11 1 4
V 5 12 2 1
V 5 15 2 1
H 5 12 1 6
V 5 13 2 1
H 3 1 3 4
V 7 4 2 1
V 7 18 2 1
H 4 1 1 2
V 4 2 4 3
H 2 8 3 4
H 4 5 1 14
H 5 16 1 2
V 4 17 2 1
H 5 12 1 8
H 5 12 1 2
V 7 3 2 1
V 1 15 2 1
H 1 0 1 20
V 0 11 4 2
V 3 12 2 1
V 2 8 2 1
H 3 8 1 12
V 3 17 4 1
H 5 14 1 4
V 5 14 2 3
V 5 15 4 2
V 5 15 2 1
V 6 3 2 1
V 6 15 2 2
H 7 15 1 2
V 6 17 4 1
V 2 1 4 4
H 4 0 1 2
H 2 0 2 4
V 1 12 2 1
V 2 13 2 1
H 2 8 1 12
V 1 8 4 4
H 4 5 1 12
V 3 5 2 2
H 2 1 2 6
V 5 4 2 1
V 2 1 4 4
H 5 1 1 2
H 5 2 1 2
V 2 1 2 6
V 3 5 2 2
H 4 5 1 10
H 4 5 1 14
V 4 17 2 3
H 5 14 1 6
V 5 2 2 1
V 5 14 2 1
H 1 14 1 2
H 5 14 1 2
H 2 3 2 4
V 3 5 2 2
H 4 5 1 10
V 4 19 2 1
H 4 6 1 14
V 4 17 2 3
H 5 14 1 4
H 5 15 1 2
V 5 15 2 2
V 5 16 4 1
V 6 16 2 1
V 2 2 4 3
H 5 2 1 2
H 2 2 2 4
V 3 2 2 3
V 3 3 4 2
H 3 18 3 2
V 3 18 4 1
V 4 18 4 1
H 0 6 2 2
H 2 11 1 2
V 0 7 4 5
V 1 7 4 2
H 4 5 1 4
V 2 6 2 1
V 3 5 2 2
H 2 1 2 6
V 2 1 2 1
H 3 0 1 4
V 2 1 2 1
H 3 10 2 8
V 4 17 2 3
V 3 17 6 1
V 1 13 2 1
V 1 12 4 2
H 4 5 1 14
V 3 5 2 2
H 2 3 2 4
V 3 2 2 3
H 3 3 1 2
H 2 4 1 2
V 2 4 6 1
V 4 17 4 1
V 3 2 2 1
V 3 9 2 11
V 5 16 2 1
V 4 3 2 1
V 4 17 2 1
V 3 16 2 1
H 4 6 1 14
H 4 5 1 4
V 3 5 2 2
H 5 16 1 2
H 0 17 1 2
H 0 12 1 2
V 0 10 4 3
V 1 10 4 2
H 4 5 1 12
V 2 2 2 5
V 3 5 2 2
V 3 4 2 1
H 2 3 2 4
V 3 3 2 1
H 6 17 1 2
V 5 18 2 1
H 3 17 2 2
V 4 17 2 1
H 4 5 1 14
H 4 5 1 10
V 3 5 2 2
V 2 4 2 1
H 3 2 1 4
V 2 2 2 1
H 2 2 2 2
V 4 17 2 1
H 0 13 3 4
V 1 12 2 1
V 2 7 2 7
H 3 8 1 12
V 3 7 2 11
H 4 5 1 12
V 3 5 2 1
H 3 3 1 4
H 0 0 2 12
V 0 7 4 1
V 1 7 4 6
H 4 5 1 4
V 3 5 2 2
V 2 6 2 1
H 3 4 1 2
V 3 4 2 1
H 2 5 1 2
H 3 4 1 2
V 0 12 2 1
H 1 0 1 20
H 1 0 1 14
V 0 2 2 5
V 0 14 2 1
H 1 1 1 2
H 0 0 1 12
H 4 6 1 8
V 3 6 2 1
V 3 7 2 7
V 2 6 2 1
H 1 6 1 14
H 3 11 2 2
H 3 8 1 10
V 1 7 4 3
H 1 8 2 8
H 2 7 1 12
H 0 1 1 4
V 0 16 2 1
V 1 7 2 11
H 1 16 2 2
H 1 2 1 12
H 0 4 2 6
V 1 7 2 10
V 1 7 4 7
H 4 6 1 2
V 3 6 2 1
H 4 7 1 2
H 0 12 2 6
V 0 16 2 1
V 1 16 2 1
V 2 10 2 1
H 3 9 2 6
H 4 6 1 2
V 2 9 2 1
V 1 7 4 4
H 1 3 1 10
H 1 10 4 2
H 3 8 1 8
H 0 2 1 16
H 3 13 1 2
H 0 14 1 4
H 0 14 1 2
V 0 13 2 2
H 0 11 2 6
H 4 10 1 2
H 3 8 1 2
H 0 7 5 4
H 0 8 5 6
V 1 14 2 1
V 0 9 4 1
H 0 10 1 2
H 0 4 2 12
H 1 4 1 2
H 0 3 1 10
V 3 12 2 1
V 0 9 2 1
V 1 7 2 1
H 1 5 1 10
H 2 12 1 2
V 0 13 4 1
H 0 4 1 2
H 0 5 2 6
V 1 7 2 1
H 1 6 1 4
V 2 9 2 4
H 2 12 1 2
V 3 9 2 2
H 4 9 1 2
H 0 10 1 6
V 0 11 2 3
V 0 10 4 3
H 0 6 1 2
V 3 10 2 1
H 0 9 4 2
H 3 10 1 2
H 2 8 1 2
H 0 8 1 6
V 0 8 2 5
H 1 7 1 6
H 0 7 1 2
V 1 9 2 1
H 1 8 1 2
H 0 12 1 2
H 0 11 2 2
V 1 10 2 2
V 2 10 2 1
H 1 9 1 4
H 0 8 1 4
V 0 10 2 1
H 0 10 1 2
H 0 9 2 2
