H 4 11 1 2
H 16 15 1 2
H 9 16 1 2
H 4 0 1 2
V 15 14 2 1
V 9 13 2 1
V 4 0 16 1
H 5 0 8 10
H 15 0 3 10
H 7 1 2 10
V 0 10 12 1
V 1 13 2 1
V 1 16 2 1
H 1 8 1 6
H 3 12 1 2
V 1 13 4 1
H 3 14 1 2
H 3 13 1 2
V 3 14 4 1
H 5 11 2 6
V 5 11 14 1
V 6 11 14 1
V 16 14 2 1
H 17 11 3 8
H 19 12 1 8
V 16 11 2 9
V 16 17 4 2
V 18 13 2 1
V 17 11 2 9
H 15 14 3 6
H 4 0 9 6
H 4 1 4 10
V 0 10 6 1
H 1 8 1 6
V 1 13 4 1
H 3 13 2 2
V 3 14 4 6
H 5 11 2 6
H 5 13 1 2
V 5 11 12 1
V 6 11 14 1
V 18 15 2 1
H 5 11 3 8
H 15 11 4 8
H 18 12 1 8
V 15 11 4 6
V 16 12 2 1
V 17 14 2 1
V 16 12 4 6
H 17 15 1 2
H 17 14 3 4
H 8 11 1 4
V 5 11 12 1
V 5 11 14 1
H 15 11 5 6
V 16 15 4 1
H 17 11 2 8
V 5 0 8 11
H 5 3 3 8
V 0 10 8 1
H 1 8 1 6
V 1 13 4 1
H 3 13 2 2
H 7 13 1 2
V 2 14 4 5
H 5 11 3 6
V 5 11 12 1
V 6 11 14 1
H 15 11 5 6
H 16 12 3 6
H 5 5 3 6
V 1 10 12 1
H 1 8 1 6
V 1 13 4 1
H 3 13 2 2
V 2 14 4 1
H 5 11 1 6
V 5 11 14 1
V 5 11 2 1
V 6 11 14 1
H 19 11 1 4
H 16 11 4 6
V 4 0 16 1
H 4 0 6 10
H 13 0 2 10
H 5 1 4 10
V 0 10 12 1
H 1 8 1 6
V 1 13 4 1
H 4 12 1 2
H 3 13 2 2
V 3 14 4 5
H 5 11 1 6
V 5 11 10 1
V 5 11 14 1
H 16 11 2 6
H 17 11 1 8
H 12 3 1 2
V 5 2 8 2
H 6 2 1 6
H 6 1 2 10
V 0 10 10 1
V 1 13 2 1
H 1 8 1 6
V 1 13 4 1
H 3 13 2 2
V 2 14 4 1
H 5 11 2 6
H 6 16 1 2
V 5 11 8 1
H 6 11 1 2
V 6 11 14 1
H 9 11 4 8
H 15 11 2 8
H 15 12 2 8
H 9 12 1 6
H 9 11 6 6
V 5 11 14 1
H 15 11 5 4
V 18 15 2 1
H 15 11 4 6
V 1 0 2 11
V 2 1 2 1
V 0 6 2 1
H 1 6 1 8
V 1 13 4 1
H 3 13 2 2
V 5 17 2 1
V 2 14 4 5
H 5 11 3 6
V 5 11 8 1
V 5 11 14 1
H 15 11 3 6
H 15 11 2 8
V 1 10 12 1
V 1 4 2 7
V 1 12 2 1
H 1 8 1 6
V 1 13 4 1
H 3 13 2 2
V 2 14 4 1
H 5 11 2 6
V 5 11 6 1
V 5 11 14 1
H 15 11 1 8
H 15 12 1 8
H 0 3 3 4
H 1 0 1 14
V 1 13 4 1
H 3 13 2 2
V 3 14 4 3
H 5 11 1 6
V 5 11 14 1
V 6 11 14 1
H 19 11 1 4
H 15 11 1 2
H 15 12 5 4
V 4 2 8 9
H 5 1 4 6
H 6 1 1 10
V 0 10 10 1
H 1 7 1 2
H 1 8 1 6
V 1 13 4 1
H 3 14 1 2
H 3 13 1 2
V 2 14 4 1
H 5 11 1 6
V 5 11 10 1
V 6 11 14 1
H 15 16 1 2
H 15 11 3 6
H 15 12 3 6
V 0 14 6 6
V 2 14 2 1
V 0 14 8 2
H 6 14 1 2
V 7 11 2 1
H 5 11 3 8
V 5 11 14 1
H 13 11 2 8
H 12 12 3 8
V 3 18 2 1
V 4 15 2 5
V 5 15 2 1
H 5 12 1 8
H 5 11 3 4
V 5 11 14 1
H 11 11 1 2
V 6 11 14 1
V 11 11 6 1
H 15 11 5 2
H 15 11 5 4
V 0 0 2 11
H 1 0 1 12
H 1 0 1 14
V 1 13 4 1
H 3 13 2 2
V 3 14 4 5
H 5 11 1 6
V 5 11 8 1
V 5 11 14 1
H 15 11 2 6
H 15 12 2 6
V 13 5 2 1
H 14 0 1 8
V 4 0 16 1
H 5 0 2 10
H 6 1 1 10
V 0 10 10 1
H 1 8 1 6
V 1 13 4 1
H 3 13 2 2
V 1 2 2 1
V 1 15 2 1
V 2 14 4 2
H 5 11 1 6
V 5 11 12 1
V 6 11 14 1
H 15 11 4 4
H 15 12 4 4
V 17 14 2 1
H 15 13 1 2
V 15 11 4 3
H 15 11 2 6
V 4 7 8 2
H 7 5 5 6
H 2 9 1 2
V 0 10 12 1
H 1 8 1 6
V 1 13 4 1
H 3 13 2 2
V 2 14 6 2
V 6 11 2 1
H 6 11 1 6
V 6 11 14 1
H 13 18 1 2
H 9 11 6 8
H 9 12 5 8
H 5 1 4 8
H 5 1 1 10
V 1 10 8 1
H 1 8 1 6
V 1 13 4 1
H 3 14 1 2
H 5 14 1 2
H 3 13 2 2
V 0 14 8 1
H 7 11 1 6
H 6 11 1 2
V 5 11 14 1
H 13 11 2 6
H 14 11 1 8
H 13 0 5 4
V 4 0 16 1
H 4 0 2 10
H 4 1 2 10
V 0 10 8 1
V 1 13 2 1
H 1 8 1 6
H 2 12 1 2
V 1 13 4 1
H 3 13 2 2
H 13 13 1 2
V 2 14 4 6
H 5 11 3 6
V 5 11 6 1
H 6 11 1 2
V 6 11 14 1
H 15 11 1 6
H 15 12 1 6
H 18 0 1 2
V 15 3 2 1
V 13 1 6 5
H 13 0 2 4
V 4 0 16 1
H 5 0 1 10
H 13 0 2 10
H 5 1 1 10
H 1 9 1 2
V 0 10 8 1
H 1 8 1 6
V 1 13 4 1
H 3 13 2 2
V 3 14 4 2
H 5 11 3 6
V 5 11 10 1
V 5 11 14 1
H 16 11 2 4
V 16 11 4 3
V 11 12 2 6
H 10 17 1 2
H 9 16 4 4
H 7 15 1 2
H 6 12 2 8
H 6 11 1 8
V 5 11 4 2
V 6 11 14 1
H 15 11 3 4
H 15 11 1 6
H 13 0 2 4
H 10 0 2 2
V 4 0 16 1
H 5 0 2 10
H 5 1 2 10
V 0 10 10 1
H 1 8 1 6
V 1 13 4 1
H 3 13 2 2
V 3 14 4 5
H 5 11 3 6
H 12 11 1 2
V 5 11 10 1
V 5 11 14 1
H 17 11 2 2
H 15 11 3 4
H 0 5 4 2
H 19 5 1 2
V 1 11 2 1
V 0 3 2 1
H 1 0 1 14
V 1 13 4 1
H 3 13 2 2
H 7 13 1 2
V 0 14 8 2
H 5 11 3 6
V 5 11 14 1
H 12 11 3 6
H 14 12 1 6
H 12 11 3 4
H 12 11 1 2
V 8 11 12 1
V 0 0 2 11
H 1 6 1 8
V 1 13 4 1
H 3 13 2 2
V 2 14 4 2
H 5 11 3 6
V 5 11 12 1
H 9 11 4 8
H 9 12 3 8
V 0 0 2 10
H 1 4 1 10
V 1 13 4 1
H 3 13 2 2
V 3 14 4 2
H 5 11 2 6
V 5 11 8 1
V 5 11 14 1
H 16 11 3 2
H 15 11 2 4
V 3 10 2 1
V 0 2 4 9
H 1 4 1 10
V 1 13 4 1
H 3 13 2 2
V 3 14 4 4
H 5 11 1 6
V 5 11 10 1
V 5 11 14 1
H 12 11 1 2
H 6 7 4 4
V 0 10 10 1
H 1 8 1 6
V 1 13 4 1
H 3 13 2 2
V 3 14 4 2
H 5 11 1 6
H 17 11 1 2
H 17 12 1 2
V 5 11 14 1
V 12 15 2 1
H 12 11 1 6
H 12 11 1 8
H 4 4 7 2
H 4 1 2 10
H 15 1 5 10
V 0 10 6 1
V 1 9 2 1
V 1 13 2 1
H 1 8 1 6
V 1 13 4 1
H 3 13 2 2
V 3 14 4 2
H 5 11 1 6
H 9 11 1 2
V 5 11 12 1
V 5 11 14 1
H 18 11 1 2
V 13 2 6 4
H 13 0 7 6
V 4 0 16 1
H 7 0 2 10
H 4 1 8 10
V 0 10 12 1
H 1 8 1 6
V 1 13 4 1
H 3 13 2 2
V 3 14 4 2
H 5 11 1 6
V 10 11 2 1
V 5 11 6 1
V 5 11 14 1
H 15 11 1 4
H 15 12 1 4
H 10 0 1 2
H 13 0 7 2
V 4 0 16 1
H 6 0 4 10
H 7 1 2 10
H 2 9 1 2
V 0 10 12 1
H 1 8 1 6
V 1 13 4 1
H 3 13 2 2
V 1 14 6 1
H 6 11 2 6
V 5 11 14 1
H 12 11 2 6
H 12 12 2 6
V 13 15 2 1
H 4 9 6 2
V 0 10 10 1
H 1 8 1 6
V 1 13 4 1
H 3 13 2 2
V 2 14 4 5
H 5 11 3 6
V 5 11 10 1
H 10 14 1 2
H 9 11 2 8
H 9 12 2 8
V 0 0 2 11
H 0 0 4 10
H 1 0 1 14
V 1 13 4 1
H 3 13 1 2
V 3 14 4 2
H 6 13 1 2
H 5 11 3 6
V 5 11 8 1
V 5 11 12 1
H 15 11 1 4
V 15 13 2 1
V 18 2 2 1
H 15 0 4 10
H 16 3 1 2
H 15 0 4 8
V 4 0 16 1
H 7 0 1 10
H 7 1 1 10
V 0 10 12 1
H 1 8 1 6
V 1 13 4 1
H 3 13 2 2
H 7 13 1 2
V 1 14 6 1
H 6 11 2 6
V 6 11 12 1
V 12 15 2 1
H 9 11 4 6
H 12 12 1 6
V 13 0 6 6
H 13 0 2 10
V 4 0 16 1
H 4 0 2 10
H 4 1 2 10
H 13 1 1 10
H 1 10 1 2
V 0 10 8 1
H 1 8 1 6
V 1 13 4 1
H 3 13 2 2
V 2 14 4 1
H 5 11 3 6
V 5 11 8 1
V 5 11 12 1
H 15 11 1 2
V 14 11 2 1
H 15 11 1 4
H 5 11 3 8
H 5 11 2 6
V 5 11 10 1
H 9 11 3 6
V 9 11 6 4
H 1 12 2 2
V 1 13 4 1
H 3 13 2 2
V 0 14 8 1
H 7 11 1 6
H 12 11 1 6
V 5 11 12 1
H 9 11 5 4
H 9 12 5 4
H 1 2 1 12
V 1 13 4 1
H 3 13 2 2
V 2 14 4 1
H 5 11 2 6
V 5 11 12 1
H 13 11 1 2
V 6 11 12 1
H 7 7 6 4
V 0 10 12 1
H 1 8 1 6
V 1 13 4 1
H 3 13 2 2
V 3 14 4 3
H 5 11 1 6
V 8 11 4 1
V 5 11 8 1
V 9 15 4 1
V 10 16 2 1
H 9 11 2 8
H 9 12 1 8
V 4 0 8 2
V 4 8 8 3
H 4 9 9 2
V 0 10 6 1
H 1 8 1 6
V 1 13 4 1
H 3 13 2 2
H 5 13 1 2
V 1 14 6 1
H 5 11 2 6
V 5 11 12 1
H 9 11 5 4
H 9 11 4 6
H 4 7 6 4
V 1 10 8 1
H 1 8 1 6
V 1 13 4 1
H 3 13 2 2
V 2 14 4 5
H 5 11 2 6
V 5 11 8 1
V 5 11 12 1
H 15 11 1 2
H 15 12 1 2
V 1 9 2 2
H 1 8 1 6
V 1 13 4 1
H 3 13 2 2
V 2 14 4 1
H 5 11 1 6
V 5 11 12 1
H 11 16 1 2
H 9 11 3 6
H 9 12 3 6
H 5 1 1 2
H 4 0 1 10
H 4 1 2 10
V 0 10 6 1
H 1 8 1 6
V 1 13 4 1
H 3 13 2 2
V 2 14 4 2
H 5 11 2 6
V 5 11 10 1
H 9 11 3 6
V 10 13 2 1
V 10 16 2 1
H 9 11 2 8
V 1 10 2 1
H 1 6 1 8
V 1 13 4 1
H 3 13 2 2
V 1 14 6 1
H 5 11 2 6
H 9 11 1 2
V 5 11 10 1
H 10 11 3 4
V 9 11 6 3
V 0 0 4 3
H 0 1 2 8
H 1 0 1 14
V 1 13 4 1
H 3 13 2 2
V 0 14 8 1
H 7 11 1 6
V 5 11 10 1
H 10 11 3 4
H 9 12 4 4
H 7 8 1 2
H 6 9 7 2
V 1 10 12 1
V 0 10 10 1
H 1 8 1 6
V 1 13 4 1
H 3 13 2 2
V 3 14 4 3
H 5 11 3 6
V 5 11 10 1
V 6 11 10 1
H 15 11 1 2
H 0 2 1 10
V 0 0 2 11
H 1 0 1 14
V 1 13 4 1
H 3 13 2 2
V 2 14 4 1
H 5 11 1 6
V 5 11 8 1
H 9 11 2 6
V 9 13 2 1
H 9 12 1 6
V 4 3 8 3
H 5 1 1 10
V 0 10 8 1
H 1 8 1 6
V 1 13 4 1
H 3 13 2 2
V 1 14 6 1
H 6 11 1 6
V 5 11 10 1
H 9 11 4 4
H 10 12 2 4
H 7 0 1 10
H 7 1 2 10
V 0 10 12 1
V 1 12 2 1
H 1 8 1 6
H 2 12 1 2
V 1 13 4 1
H 3 13 2 2
V 1 14 6 1
H 6 11 1 6
V 5 11 10 1
H 9 11 3 4
V 10 12 4 2
V 4 0 16 1
H 6 0 1 2
V 4 0 14 1
H 4 0 2 10
H 4 1 2 10
V 0 10 6 1
H 1 8 1 6
V 1 13 4 1
H 3 13 2 2
V 2 14 4 1
H 5 11 2 6
V 5 11 10 1
H 9 11 4 4
H 10 11 1 6
V 14 2 6 4
H 14 0 1 6
V 4 0 16 1
H 4 0 3 10
H 4 1 3 10
H 0 10 1 2
V 0 10 10 1
H 1 8 1 6
V 1 13 4 1
H 3 13 2 2
V 0 14 8 1
H 6 11 2 6
V 5 11 10 1
H 10 11 4 2
H 9 11 4 4
H 0 1 1 12
V 0 0 2 11
V 0 2 2 1
H 1 0 1 14
V 1 13 4 1
H 3 13 2 2
V 1 14 6 1
H 6 11 2 6
V 5 11 10 1
H 9 11 5 2
H 9 11 3 4
H 15 2 1 2
H 13 0 6 6
V 4 0 16 1
H 4 0 2 10
H 4 1 3 10
V 3 10 2 1
V 0 10 8 1
H 1 8 1 6
V 1 13 4 1
H 3 13 2 2
V 2 14 4 1
H 5 11 1 6
V 5 11 8 1
V 5 11 10 1
H 14 11 1 2
V 4 3 8 3
H 6 1 2 10
V 1 10 10 1
H 1 8 1 6
V 1 13 4 1
H 3 13 2 2
V 1 14 6 1
H 6 11 1 6
V 5 11 8 1
H 9 11 2 4
H 10 12 1 4
V 4 8 8 3
H 5 7 5 4
V 1 10 12 1
H 1 8 1 6
V 1 13 4 1
H 3 13 2 2
V 1 14 6 1
H 5 11 2 6
V 5 11 8 1
H 9 11 2 4
V 9 11 4 3
H 13 0 1 4
V 4 0 16 1
H 5 0 3 10
H 4 1 3 10
V 1 10 8 1
V 1 4 2 1
V 1 12 2 1
H 1 8 1 6
V 1 13 4 1
H 3 13 2 2
H 5 13 1 2
V 2 14 4 1
H 5 11 1 6
H 12 11 1 2
V 5 11 8 1
H 9 11 2 4
H 9 11 1 6
V 14 0 6 6
H 13 0 2 8
V 4 0 16 1
H 6 0 1 10
H 6 0 1 2
H 19 0 1 2
H 6 9 1 2
H 6 1 1 10
V 1 10 10 1
H 1 8 1 6
H 2 12 1 2
V 1 13 4 1
H 3 13 2 2
H 5 16 1 2
V 3 14 4 3
V 4 15 2 1
H 5 11 2 6
V 5 11 6 1
H 5 11 1 8
H 8 11 1 8
H 8 12 1 8
H 9 14 1 2
V 9 11 2 4
H 10 11 1 4
V 5 11 6 1
H 8 11 1 6
V 7 12 2 1
H 8 11 1 8
V 0 0 2 10
V 1 10 2 1
H 0 1 2 10
H 1 0 1 14
V 1 13 4 1
H 3 13 2 2
V 3 14 4 3
V 5 16 2 1
H 5 11 1 6
V 5 11 6 1
V 5 11 8 1
H 12 11 1 2
H 12 5 1 6
V 1 10 12 1
H 4 9 1 2
V 1 10 10 1
H 1 8 1 6
V 1 13 4 1
H 3 13 2 2
V 2 14 4 2
H 5 11 2 6
V 5 11 8 1
V 6 11 8 1
H 13 0 3 6
V 4 0 16 1
V 6 5 2 1
V 6 19 2 1
H 7 0 1 10
V 7 8 2 1
H 7 1 1 10
V 0 10 12 1
H 1 8 1 6
V 1 13 4 1
H 3 13 2 2
V 4 14 2 1
V 3 14 4 3
H 5 11 1 6
V 5 11 8 1
H 9 11 1 4
H 9 12 1 4
H 1 0 1 10
H 1 0 1 14
V 1 13 4 1
H 3 13 2 2
V 0 14 8 1
H 7 11 1 6
V 5 11 8 1
H 11 11 1 2
V 1 7 2 1
V 1 12 2 1
V 4 0 12 1
H 4 0 1 10
H 13 0 2 10
H 4 1 1 10
V 1 10 6 1
H 1 8 1 6
V 1 13 4 1
H 3 13 2 2
V 3 14 4 3
H 5 11 1 6
V 5 11 6 1
V 5 11 8 1
V 4 7 8 1
H 4 5 3 6
H 1 10 1 2
V 0 10 6 1
H 1 8 1 6
H 2 12 1 2
V 1 13 4 1
H 3 13 2 2
H 6 13 1 2
V 1 14 6 2
H 5 11 2 6
V 6 11 6 1
H 9 11 1 2
H 9 12 1 2
V 9 11 2 1
H 9 11 1 2
V 4 7 8 4
H 4 9 2 2
V 0 10 8 1
H 1 8 1 6
V 1 13 4 1
H 3 13 1 2
V 1 15 2 1
V 2 14 4 2
H 5 11 3 6
V 5 11 6 1
H 8 11 1 4
H 8 12 1 4
H 14 0 1 8
V 4 0 16 1
H 6 0 2 10
H 6 1 1 10
V 0 10 10 1
H 1 8 1 6
V 1 13 4 1
H 3 13 1 2
V 2 14 6 1
H 5 11 3 4
V 5 11 4 2
H 6 11 2 4
H 8 11 1 4
V 5 16 2 4
H 6 18 1 2
V 7 11 2 1
H 6 11 2 8
V 5 11 4 2
H 13 0 3 4
H 5 0 1 2
V 4 0 16 1
H 7 0 2 10
H 7 1 2 10
V 1 10 12 1
H 1 8 1 6
V 1 13 4 1
H 3 13 2 2
V 1 14 6 1
H 5 11 2 4
H 7 11 1 2
V 5 12 4 1
H 8 12 1 2
V 13 4 6 2
H 13 0 2 8
V 4 0 16 1
H 6 0 2 10
H 6 1 2 10
V 1 10 10 1
H 1 8 1 6
V 1 13 4 1
V 2 14 2 1
H 3 12 2 4
H 3 12 1 8
V 0 18 6 2
V 3 18 4 1
V 3 11 2 5
H 3 11 1 8
H 3 12 1 8
V 4 14 2 1
V 4 19 2 1
V 0 18 2 1
V 1 14 4 6
H 4 1 1 10
V 0 10 6 1
H 1 8 1 6
V 1 13 4 1
H 3 12 1 4
V 2 15 4 2
V 5 14 2 1
H 5 12 1 8
V 4 0 16 1
H 6 0 2 10
H 6 1 2 10
V 1 10 10 1
H 1 8 1 6
V 1 13 4 1
H 3 13 1 2
H 3 11 1 8
V 0 18 6 1
V 6 13 2 4
H 6 15 2 2
V 4 14 2 1
H 3 14 2 6
H 5 17 1 2
H 0 0 1 14
H 1 4 1 2
V 0 5 2 3
V 1 10 2 1
H 1 0 1 14
V 1 13 4 1
V 2 17 2 1
H 3 11 1 8
V 0 17 6 1
V 1 10 12 1
V 1 10 8 1
H 1 8 1 6
V 1 13 4 1
H 3 11 1 8
V 1 17 6 1
V 14 5 2 1
V 12 0 2 1
H 13 0 2 10
H 13 0 2 8
V 4 0 16 1
H 6 0 2 10
H 13 0 2 10
H 6 1 3 10
H 0 5 1 6
V 0 10 10 1
H 1 8 1 6
V 1 13 4 1
H 3 13 2 2
H 6 13 1 2
H 3 11 1 8
V 2 13 2 1
V 1 18 4 1
H 2 15 2 4
H 0 0 2 8
H 5 11 1 2
V 0 9 2 2
V 1 13 2 1
H 1 8 1 6
V 1 13 4 1
H 3 11 2 6
V 5 16 2 1
V 0 16 6 1
H 4 9 9 2
V 0 10 12 1
H 1 8 1 6
V 1 13 4 1
H 3 12 2 4
H 3 12 1 8
H 7 4 1 2
H 4 5 6 6
V 0 10 10 1
H 1 8 1 6
V 1 13 4 1
H 3 13 2 2
V 1 14 6 1
H 6 12 1 4
V 3 18 2 1
H 13 0 6 2
V 4 0 16 1
H 6 0 5 10
H 6 1 4 10
V 1 10 10 1
H 1 8 1 6
V 1 13 4 1
H 3 11 1 8
V 1 16 4 2
H 0 6 4 2
H 1 2 1 12
V 2 13 2 1
V 1 13 4 1
H 3 13 2 2
V 3 15 2 1
V 2 14 4 3
H 5 12 1 4
V 1 10 12 1
H 1 8 1 6
V 1 13 4 1
H 3 11 1 8
V 3 17 2 1
H 3 9 1 2
H 4 9 6 2
V 0 10 12 1
V 1 12 2 1
H 1 8 1 6
H 2 12 1 2
V 1 13 4 1
H 3 11 1 6
V 1 16 4 1
H 2 7 1 2
V 0 8 4 3
H 1 8 1 6
V 1 13 4 1
H 3 12 1 6
V 2 15 4 2
V 4 0 10 1
H 4 0 4 10
H 4 1 2 10
V 1 10 6 1
V 1 12 2 1
H 1 8 1 6
V 1 13 4 1
H 3 13 2 2
V 1 14 6 1
H 6 13 1 2
V 4 0 8 2
H 4 0 1 10
H 4 1 1 10
V 0 10 6 1
H 1 8 1 6
H 2 12 1 2
V 1 13 4 1
V 2 14 2 1
H 3 12 2 4
V 0 14 6 2
H 13 0 1 6
V 4 0 16 1
H 5 0 1 10
H 4 1 2 10
V 0 10 8 1
H 1 8 1 6
V 1 13 4 1
H 3 14 1 2
H 3 13 2 2
H 3 11 1 8
V 0 10 12 1
H 1 8 1 6
H 3 12 1 2
V 1 13 4 1
H 3 13 2 2
V 2 14 4 1
H 5 13 1 2
V 1 10 6 1
H 1 8 1 6
V 1 13 4 1
H 3 13 2 2
V 1 14 6 1
H 2 1 1 10
H 2 0 1 10
H 1 1 1 2
H 13 0 5 4
V 4 0 16 1
H 6 4 1 2
H 17 0 1 2
H 6 0 2 10
H 6 1 3 10
V 1 10 12 1
V 1 13 2 1
H 1 8 1 6
V 1 13 4 1
H 3 13 2 2
H 4 14 1 2
V 0 14 6 1
H 0 2 1 2
V 15 1 4 1
V 15 0 2 11
H 15 0 5 10
H 15 0 1 8
V 4 0 16 1
H 7 0 2 10
H 7 1 1 10
H 9 9 1 2
V 1 10 12 1
H 1 8 1 6
V 1 13 4 1
H 3 11 1 6
V 2 1 2 10
V 2 16 2 1
H 3 0 1 2
V 4 5 2 1
H 5 5 1 6
V 1 10 8 1
H 1 8 1 6
V 1 11 2 3
V 1 13 4 1
H 3 11 2 4
H 3 15 1 2
V 11 10 2 1
H 12 3 1 8
V 1 10 12 1
V 1 10 10 1
H 1 2 1 12
H 2 1 1 2
H 1 2 2 4
V 4 0 16 1
H 4 0 2 10
H 4 1 2 10
V 1 10 6 1
H 1 8 1 6
H 3 13 1 2
V 1 13 4 1
H 3 12 2 4
V 2 15 2 1
H 13 0 4 6
V 4 0 16 1
H 7 0 2 10
H 14 0 1 10
V 8 9 2 1
H 7 1 2 10
H 9 9 1 2
V 1 10 12 1
H 2 1 2 10
V 1 6 2 1
V 1 8 2 1
H 2 1 2 8
H 13 1 1 2
H 13 0 7 2
V 4 0 16 1
H 6 0 2 10
H 6 1 1 10
H 15 1 1 10
H 18 1 2 10
V 1 10 10 1
H 1 8 1 6
V 1 12 2 2
V 1 13 4 1
V 2 13 2 1
H 3 12 2 4
V 13 1 4 5
H 13 0 3 4
V 4 0 16 1
H 5 0 1 10
H 13 0 1 10
H 4 1 4 10
H 0 7 1 4
V 0 10 10 1
H 0 3 1 10
H 0 3 1 4
H 3 11 1 2
V 0 4 2 1
H 1 3 1 2
H 3 2 1 2
H 4 0 3 8
H 5 1 2 10
H 1 9 1 2
V 1 10 8 1
H 1 8 1 6
V 1 11 2 3
V 1 13 4 1
H 1 4 1 2
H 5 4 8 2
H 12 1 1 10
H 1 9 1 2
H 4 9 1 2
V 1 10 12 1
H 1 9 1 2
V 0 10 10 1
H 1 8 1 6
V 1 11 2 3
V 2 13 2 1
H 3 12 1 2
H 13 0 1 6
V 4 0 16 1
H 5 0 2 10
H 6 0 1 2
H 5 1 2 10
H 1 9 1 2
H 6 9 1 2
V 0 10 8 1
H 1 8 1 6
V 1 11 2 3
V 2 13 2 1
H 3 13 1 2
H 1 5 1 2
V 4 0 10 1
H 4 0 1 10
H 4 1 1 10
H 2 9 1 2
V 1 10 6 1
H 1 8 1 6
V 1 11 2 3
V 2 13 2 1
V 4 0 16 1
V 4 0 12 1
H 4 0 1 10
H 4 1 1 10
V 3 10 2 1
H 3 3 1 8
V 2 7 2 1
H 3 3 1 6
H 4 8 1 2
H 4 9 3 2
V 3 10 4 1
V 2 7 2 1
H 3 5 1 6
H 3 4 1 6
H 2 12 1 2
V 11 7 2 1
V 11 10 2 1
V 4 0 8 10
H 4 0 2 10
H 4 1 2 10
V 0 10 6 1
V 0 8 2 1
H 1 6 1 8
V 0 9 2 1
H 1 7 3 4
H 2 6 2 4
V 0 8 4 1
V 1 10 8 1
V 2 9 2 1
H 3 5 1 6
H 4 9 3 2
V 0 10 8 1
H 0 8 1 4
H 19 0 1 4
H 9 0 1 2
H 11 0 1 2
V 4 0 16 1
V 4 0 14 1
H 4 0 2 10
V 5 7 2 1
H 4 1 2 10
V 0 10 8 1
V 0 9 2 1
H 0 9 1 4
V 0 10 2 1
H 0 9 1 2
V 1 9 2 1
V 1 11 2 1
V 4 0 8 7
H 4 3 1 8
V 0 10 6 1
H 1 9 1 4
H 11 6 1 2
H 4 3 9 4
H 6 1 1 10
V 3 10 6 1
H 3 7 1 4
H 3 6 1 4
H 2 8 1 2
H 4 1 1 10
V 1 10 6 1
H 1 9 1 2
H 3 9 1 2
H 6 6 1 2
H 4 7 9 4
V 0 10 12 1
H 2 9 1 2
V 0 10 10 1
V 6 10 2 1
H 5 9 8 2
V 2 10 6 1
V 13 4 6 1
H 17 3 1 2
H 15 0 2 8
V 4 0 16 1
H 4 9 1 2
H 4 0 4 10
H 15 0 2 10
V 4 6 2 1
H 5 1 3 10
V 3 10 8 1
H 3 9 1 2
H 4 5 1 6
V 5 10 2 1
V 4 8 2 1
V 7 1 2 1
V 6 0 2 11
H 7 0 1 10
H 12 6 1 4
H 6 7 7 4
H 15 7 1 4
H 7 8 1 2
V 17 4 2 1
H 18 0 2 10
H 7 7 1 2
H 5 4 3 4
V 4 0 4 6
V 5 6 2 1
H 6 3 4 6
H 8 7 2 4
H 9 9 4 2
H 11 9 1 2
H 9 8 1 2
V 7 9 6 1
V 8 1 2 7
H 8 4 1 2
H 8 2 3 6
V 4 3 8 2
H 8 7 1 2
H 8 6 1 2
H 13 1 1 2
V 13 0 6 2
H 17 1 1 2
H 13 0 5 2
V 11 0 2 1
V 4 0 16 1
H 6 3 1 2
H 4 0 5 4
H 5 0 2 6
V 10 9 2 1
H 10 0 1 10
V 6 5 2 1
H 7 2 1 2
V 7 3 6 4
V 14 3 6 2
V 16 0 2 1
H 16 0 1 8
V 6 0 14 1
H 13 0 1 2
H 9 0 4 8
V 5 4 8 1
H 14 1 1 10
V 12 0 2 1
H 13 0 2 10
V 7 0 8 1
H 9 0 3 8
V 9 7 2 1
H 10 0 1 10
V 10 1 2 1
V 7 0 4 2
H 7 0 4 6
H 10 1 1 8
H 13 0 5 2
V 7 0 12 1
H 9 0 2 6
H 9 0 1 8
V 7 5 2 1
V 17 5 2 1
V 17 8 2 1
H 17 0 1 6
V 8 0 10 1
H 12 0 1 10
H 13 0 1 10
V 11 3 2 1
H 12 1 1 10
H 9 3 4 4
H 7 3 2 2
V 6 3 2 1
H 12 8 1 2
V 11 6 2 1
V 11 8 2 1
H 7 0 4 4
H 13 0 1 4
V 4 1 6 1
V 8 0 2 3
H 8 0 1 6
V 4 0 16 1
H 5 0 5 2
H 5 1 1 2
V 9 2 4 1
V 7 0 4 4
H 9 2 4 4
V 8 3 2 1
H 13 4 2 2
V 13 5 2 3
H 14 3 1 8
V 13 5 6 1
H 13 2 1 8
H 10 0 3 4
V 4 0 14 1
V 5 0 8 2
H 5 0 1 2
V 10 0 2 2
H 10 1 3 4
H 11 0 1 8
V 7 3 2 1
V 8 3 2 1
H 9 1 1 4
V 6 1 4 1
H 8 0 1 4
V 6 0 8 1
H 13 0 1 8
V 12 0 2 1
H 11 0 2 6
V 11 2 2 1
H 12 0 1 8
H 13 0 7 2
V 9 0 6 1
H 10 3 1 2
H 10 0 2 4
V 10 3 2 1
H 10 0 1 6
V 6 0 14 1
V 5 0 10 1
H 7 1 1 2
V 17 3 2 1
H 18 1 2 10
H 16 0 4 6
V 6 0 14 1
H 7 0 1 2
V 6 0 12 1
H 6 0 1 2
V 13 2 2 5
H 13 6 1 2
H 16 9 4 2
V 15 9 2 1
V 9 0 4 3
V 9 0 2 3
H 9 2 1 2
H 16 0 1 10
V 17 0 2 1
V 15 0 2 1
H 16 0 2 8
V 6 0 14 1
V 6 0 6 1
V 11 2 2 1
V 11 4 2 1
H 12 2 1 4
V 13 2 4 4
H 15 1 3 8
V 15 0 2 8
H 16 2 1 8
H 8 0 4 2
V 10 0 4 1
H 13 0 2 6
V 13 5 2 1
H 13 1 1 6
H 17 1 1 10
V 14 0 6 6
H 14 2 1 6
V 13 1 4 2
H 14 1 1 2
H 13 0 4 4
V 7 0 12 1
V 10 2 2 1
V 18 0 2 11
V 17 9 2 1
V 12 0 2 1
V 11 0 2 4
H 11 1 2 2
V 9 0 4 2
V 15 4 2 3
H 16 3 1 6
V 13 0 2 2
H 14 2 1 2
H 13 1 2 2
H 13 0 4 6
V 15 0 2 5
V 14 1 2 1
V 14 5 2 1
H 15 0 2 8
V 15 0 4 6
H 18 1 2 10
H 16 1 1 2
H 16 0 4 4
H 10 0 1 2
V 8 0 12 1
H 14 0 1 2
V 8 0 10 1
V 15 6 2 1
H 16 4 1 4
V 11 0 2 3
H 12 2 1 2
V 13 1 6 3
V 13 3 4 1
H 13 3 1 2
H 16 2 4 4
H 17 1 2 8
V 9 0 2 1
H 19 5 1 4
V 16 0 4 7
H 18 2 1 8
H 19 8 1 2
V 18 8 2 1
V 17 3 2 1
V 16 2 2 4
H 16 3 1 4
V 17 0 2 8
H 17 2 3 6
H 11 0 2 2
H 15 0 1 2
V 14 1 2 2
H 14 1 3 2
H 15 0 1 6
V 13 1 6 2
V 15 0 2 4
H 15 3 1 2
H 19 3 1 6
H 13 0 2 2
H 16 0 1 2
V 14 0 2 1
V 11 0 4 1
H 17 0 1 6
V 16 4 2 1
H 17 1 1 6
V 13 1 2 1
H 17 4 1 2
V 18 0 2 7
H 19 4 1 4
V 16 1 4 3
V 15 0 4 4
V 14 2 2 1
V 15 0 2 3
H 16 1 4 4
H 18 5 1 2
V 18 5 2 1
V 15 1 4 2
H 15 1 1 2
H 17 1 2 4
V 16 2 2 1
H 17 2 3 2
H 19 1 1 6
H 16 0 4 2
V 14 0 4 1
H 18 1 2 4
V 18 4 2 1
V 16 0 2 1
V 16 1 4 1
V 15 0 2 2
V 16 0 4 2
H 18 1 1 2
H 17 0 3 2
H 18 0 2 4
V 16 0 4 1
V 18 0 2 2
V 15 0 4 1
V 17 0 2 2
H 17 0 1 2
H 19 1 1 2
