H 5 4 2 2
H 7 15 1 2
H 1 2 1 2
V 4 1 2 1
H 0 5 7 4
V 6 15 2 1
V 2 7 10 12
H 8 10 1 10
H 8 0 2 14
V 8 0 10 1
V 8 0 12 1
H 8 0 4 18
H 19 0 1 18
H 18 0 2 20
V 11 0 2 7
V 8 0 12 7
V 17 4 2 1
H 18 0 2 18
H 9 0 3 20
H 18 0 1 20
V 12 0 8 6
H 16 2 4 8
H 18 0 1 2
H 18 1 2 18
V 15 14 2 1
V 15 18 2 1
V 12 2 4 18
V 14 10 2 1
V 14 15 2 1
V 12 7 6 10
V 16 13 2 1
H 17 4 1 16
V 12 1 8 3
H 18 2 2 10
H 19 0 1 18
H 18 13 2 4
V 12 6 2 1
V 12 9 2 1
V 11 5 2 2
V 9 3 6 4
H 19 4 1 4
V 8 3 12 3
V 17 6 2 1
H 18 2 2 8
V 18 14 2 1
H 18 0 1 18
V 10 4 8 1
V 10 7 2 1
V 9 0 2 20
V 9 3 2 1
V 9 6 2 1
V 8 14 2 1
H 10 0 2 18
V 13 0 4 1
V 8 0 12 5
H 13 4 1 2
V 17 0 2 1
H 13 0 5 18
V 13 14 2 1
H 14 0 3 20
V 4 14 6 1
V 4 13 4 1
H 1 9 1 2
V 0 10 12 8
V 11 1 2 1
H 11 0 1 20
V 8 1 12 2
V 14 7 2 1
H 15 1 3 14
H 17 1 1 18
V 15 15 2 1
V 15 18 2 1
V 8 2 8 5
H 15 3 3 8
H 12 0 4 20
V 7 7 2 1
V 15 8 2 1
H 8 0 4 16
V 16 2 4 1
V 8 0 10 5
H 14 0 1 2
V 8 0 12 1
H 7 6 1 2
H 19 6 1 2
V 17 0 2 1
H 18 0 2 14
H 18 0 2 16
V 6 12 2 1
V 2 7 10 13
H 8 9 2 2
H 9 6 1 2
H 8 0 4 20
V 8 0 12 1
H 17 7 1 2
H 9 0 3 16
H 13 0 5 16
V 14 6 2 1
H 15 0 3 18
V 14 9 2 1
V 11 0 2 1
V 8 0 12 1
H 18 15 1 2
H 18 0 1 16
V 18 13 2 1
H 18 1 1 16
H 19 13 1 2
H 11 0 1 20
V 9 5 10 1
H 13 3 7 6
H 15 8 1 2
H 14 17 1 2
V 13 2 2 1
H 14 0 3 18
H 5 5 1 2
H 5 1 1 2
H 0 2 7 8
V 7 7 2 1
V 5 7 6 3
H 8 6 4 2
H 9 6 1 2
H 8 7 1 2
V 8 6 12 1
H 14 0 1 20
V 14 15 2 1
V 12 15 6 2
H 9 11 1 2
V 7 12 4 7
V 7 17 2 1
H 8 0 2 20
V 8 6 12 1
H 8 5 1 2
H 15 4 2 6
H 16 3 1 2
H 14 1 2 18
V 1 3 2 1
V 1 5 2 1
V 1 7 2 1
V 0 0 4 11
H 2 0 1 2
H 0 1 4 8
V 0 7 12 10
H 8 0 4 14
V 8 0 12 3
V 13 6 2 1
V 13 14 2 1
H 16 2 1 2
H 14 0 2 18
V 13 13 2 1
H 14 0 1 20
V 12 9 4 8
H 12 14 2 6
V 10 0 4 6
V 8 5 12 2
H 17 5 2 4
H 18 1 1 14
V 6 5 2 1
V 12 10 2 1
H 2 2 5 10
V 5 7 4 5
H 8 6 4 2
H 13 6 1 2
H 17 5 1 2
V 8 6 10 1
V 8 5 12 2
H 18 0 2 14
V 16 0 2 15
H 17 13 1 2
V 15 5 2 10
H 12 13 4 4
V 13 8 2 1
H 12 0 2 18
H 12 2 1 10
V 8 1 12 3
H 18 0 2 6
H 4 2 3 8
V 5 7 4 3
H 8 6 4 2
V 8 6 8 1
H 16 5 1 2
V 8 6 12 1
V 18 11 2 1
V 16 4 4 1
H 18 0 1 14
V 1 6 2 1
V 0 5 4 11
V 0 15 12 1
V 8 12 2 1
V 8 17 2 1
V 7 8 2 1
H 8 0 1 20
V 8 5 12 2
H 9 4 1 2
H 13 4 2 6
V 13 10 2 1
V 13 17 2 1
H 14 0 1 18
V 17 0 2 1
V 15 5 2 1
V 14 0 2 16
V 14 13 2 1
H 13 5 2 12
V 12 13 2 1
V 10 5 10 1
H 14 0 2 16
H 13 7 1 8
H 14 7 1 2
V 12 12 6 2
V 11 3 2 1
H 10 0 2 16
V 9 0 4 2
V 12 8 2 1
H 12 0 1 18
V 12 8 2 1
H 12 1 1 18
V 8 14 2 1
V 7 7 4 9
H 8 1 3 12
H 8 0 1 2
H 13 0 1 2
V 8 1 12 4
H 12 1 4 12
H 15 0 1 16
V 1 3 2 13
V 0 9 12 8
V 7 7 2 1
H 8 3 1 8
V 8 3 12 4
H 14 0 1 16
V 14 9 2 1
V 13 5 4 10
V 12 0 2 17
H 13 15 1 2
H 10 6 1 2
V 8 4 2 1
V 9 3 10 4
V 15 4 4 1
H 18 1 1 10
V 16 0 2 1
H 15 13 1 2
V 14 11 2 2
H 15 0 2 14
H 16 12 1 2
V 14 11 4 2
H 15 10 1 2
V 14 8 6 1
H 18 6 1 6
H 13 14 2 2
V 6 7 4 10
H 8 0 1 20
V 8 1 10 6
H 8 4 1 2
V 8 2 12 3
H 16 4 1 8
H 16 2 4 4
H 18 2 1 4
V 15 2 2 1
H 14 1 2 12
H 14 1 1 14
V 14 6 2 1
V 12 7 8 1
H 17 4 1 8
H 6 9 1 2
H 10 9 1 2
V 0 10 12 5
V 0 11 4 4
H 0 0 1 20
H 0 0 8 4
V 8 14 2 1
V 9 11 2 1
V 9 13 2 1
H 9 0 1 20
H 12 5 1 2
V 9 0 6 6
H 12 4 1 6
H 12 1 1 16
H 7 1 1 2
V 12 5 2 1
V 12 9 2 1
H 7 6 1 2
H 6 2 2 10
V 6 7 4 6
H 8 6 4 2
V 8 6 8 1
V 8 6 12 1
H 18 3 1 8
H 19 8 1 2
V 1 17 4 2
V 5 18 4 1
V 0 17 12 3
H 9 0 1 20
H 9 6 1 2
H 16 6 1 2
H 19 5 1 2
V 8 6 12 1
H 13 3 1 12
H 12 0 4 14
H 14 8 1 2
V 12 9 4 4
V 13 7 6 3
H 14 3 4 8
V 0 1 8 19
H 1 0 1 6
H 3 9 1 2
V 0 1 4 9
V 14 0 2 9
H 15 3 1 10
V 1 0 2 1
V 5 17 6 2
V 8 8 2 1
V 8 11 2 1
H 9 0 3 20
H 8 6 4 2
V 8 6 12 1
H 15 2 2 10
H 19 4 1 2
V 18 5 2 1
V 0 13 10 6
H 9 15 1 2
V 0 16 12 3
V 9 13 2 1
H 10 0 2 20
H 11 0 1 16
V 8 0 8 7
H 18 7 1 2
H 19 5 1 2
H 15 5 1 4
H 10 5 8 2
V 15 7 2 1
H 16 4 2 6
V 0 2 6 6
V 4 2 2 1
H 1 1 4 4
V 12 4 6 2
H 14 0 1 8
H 15 4 1 8
V 12 7 8 1
V 11 0 2 7
H 8 0 6 6
V 8 3 10 1
H 16 2 1 2
V 1 16 4 4
H 2 0 3 20
H 3 5 1 8
V 4 5 2 1
H 2 0 3 18
V 13 12 2 1
V 8 12 4 8
H 11 0 1 20
H 11 1 1 12
V 8 1 8 1
V 0 2 2 1
V 3 0 2 1
H 1 3 1 2
H 16 3 1 2
H 6 10 1 2
V 2 1 6 10
H 4 2 1 2
H 2 1 6 2
V 1 2 2 1
H 13 3 3 6
V 14 6 4 3
V 12 1 2 7
H 12 0 1 14
V 10 3 4 1
H 11 3 2 2
V 8 4 10 1
V 12 4 2 1
H 9 0 1 18
H 14 2 1 6
V 8 6 8 1
H 6 5 1 2
H 16 5 1 2
V 8 6 12 1
H 8 4 9 2
V 16 5 2 2
H 12 5 5 4
H 13 4 1 2
V 15 6 4 1
V 2 3 4 3
H 2 2 6 4
H 13 3 1 6
V 12 4 2 8
V 13 10 2 1
H 12 6 2 6
V 12 4 2 7
H 12 7 1 6
V 12 3 4 7
H 5 5 1 2
V 0 6 8 1
V 0 6 6 1
H 2 6 1 2
H 0 4 3 4
H 14 9 1 2
H 8 1 2 12
V 2 7 10 3
V 2 4 2 1
V 2 12 2 1
H 3 1 1 12
V 6 8 6 6
V 10 3 4 1
H 8 0 4 12
V 9 2 6 5
V 4 9 6 1
V 1 7 8 3
V 0 8 12 1
H 10 3 2 10
V 8 3 8 3
V 2 3 4 1
H 3 2 5 8
V 0 7 12 1
V 9 1 2 1
H 10 0 1 12
V 8 1 6 2
H 5 0 1 2
H 8 2 6 2
V 11 3 4 4
V 13 4 2 6
V 15 7 2 1
H 12 7 4 2
V 13 5 4 3
V 12 2 2 1
V 9 1 4 6
H 16 5 1 2
V 8 6 10 1
H 8 1 5 6
V 10 6 6 1
H 12 5 4 4
H 13 8 1 2
H 3 10 1 2
V 0 6 4 5
H 0 9 12 4
H 0 6 1 14
H 1 4 1 10
V 0 9 12 2
V 0 9 8 2
H 0 5 2 8
H 13 9 1 2
H 1 4 2 16
V 2 6 2 1
H 1 4 1 14
H 13 3 1 2
V 3 3 2 3
V 3 10 2 1
H 3 3 1 2
H 4 2 1 2
V 0 6 2 13
H 0 15 12 4
V 0 6 8 1
V 0 6 2 1
H 5 1 3 6
H 6 3 1 2
V 2 4 6 3
V 11 6 2 1
H 12 4 2 6
V 10 4 4 1
H 9 1 3 6
V 2 7 10 1
H 11 3 1 6
H 12 3 1 2
V 9 4 6 1
H 6 0 1 14
H 2 15 1 2
V 0 13 12 3
H 8 0 3 20
V 10 4 2 1
H 8 0 3 10
V 12 4 2 4
H 13 4 1 2
V 1 12 8 7
V 9 9 2 1
V 8 2 2 1
H 9 0 1 20
H 8 5 4 4
V 5 7 4 2
H 6 1 1 12
V 7 10 2 1
V 4 8 8 3
H 9 1 2 14
V 0 7 10 6
H 1 6 6 8
V 5 4 2 1
V 5 14 2 1
V 5 17 2 1
H 4 3 2 8
H 8 0 1 8
V 5 7 2 1
V 3 7 6 1
H 5 2 1 10
H 9 6 3 2
V 4 7 8 1
H 7 0 1 14
H 3 6 1 6
V 0 7 12 1
V 0 7 2 7
H 0 7 6 10
H 0 7 1 2
H 0 8 1 10
V 1 10 8 5
V 0 10 12 1
H 11 2 1 16
V 13 7 2 1
V 5 14 2 1
H 5 4 1 16
H 6 9 1 2
H 8 11 1 2
V 0 10 12 2
V 10 14 2 1
H 11 3 1 12
H 13 6 1 2
V 9 5 6 2
H 3 18 1 2
V 2 6 2 12
H 3 5 1 2
H 12 5 1 4
H 1 7 2 8
H 8 5 6 2
V 9 6 6 1
H 10 4 2 8
V 9 4 4 1
V 6 12 2 1
H 7 1 1 16
V 0 16 12 1
V 0 12 10 1
V 3 13 2 1
V 2 11 2 7
H 2 15 5 4
V 4 6 2 1
H 4 5 4 6
H 3 8 1 2
V 0 9 12 3
H 11 3 1 12
V 5 9 2 11
H 5 3 1 16
H 10 2 1 18
H 8 0 1 20
H 8 0 1 8
H 1 15 1 2
V 0 15 4 1
H 3 6 5 2
V 2 7 2 1
H 6 3 2 2
V 5 4 2 1
H 3 13 1 2
V 0 9 8 5
V 10 4 2 3
H 8 4 4 4
V 6 4 2 10
H 6 3 2 6
H 1 8 5 8
H 2 9 1 2
H 1 8 11 4
V 1 13 10 2
H 4 10 2 10
H 4 7 1 2
V 2 9 8 6
V 9 12 2 1
V 9 19 2 1
H 8 2 2 14
V 0 11 12 3
V 2 13 2 1
H 11 10 1 2
H 2 8 1 10
H 9 14 1 2
V 5 12 6 3
H 10 3 1 2
H 10 4 1 16
H 12 5 1 2
V 8 6 6 1
V 7 11 4 3
V 9 5 2 1
H 10 3 1 16
H 8 3 3 4
H 5 5 1 12
H 5 5 1 14
V 3 18 4 1
H 10 5 1 4
H 8 6 4 14
H 11 5 1 14
V 11 5 2 1
V 6 13 6 7
H 8 1 1 18
H 8 1 1 14
V 0 10 2 1
V 4 8 2 1
V 4 18 2 1
V 7 11 2 1
V 0 12 4 3
V 6 4 2 2
H 6 4 1 2
V 2 10 2 4
H 2 8 1 4
H 11 11 1 4
H 3 12 9 6
H 1 11 1 2
H 8 11 1 2
V 1 9 8 3
H 1 9 2 4
V 3 7 2 6
H 3 7 1 4
H 4 6 3 6
V 3 7 2 1
H 8 4 3 4
H 7 8 2 2
V 7 7 2 2
H 7 3 1 8
V 5 8 6 6
H 8 5 3 4
V 9 6 4 1
V 2 15 10 1
H 5 12 1 8
H 8 2 1 18
H 8 2 1 6
H 6 18 1 2
V 5 13 4 6
H 8 4 2 4
V 3 14 2 3
H 4 16 1 2
V 2 13 2 1
H 3 13 6 4
V 6 10 2 1
V 6 17 2 2
H 3 11 1 2
V 3 8 4 4
H 5 6 1 4
V 4 13 2 1
V 5 7 6 9
H 10 8 1 12
V 7 8 2 1
V 7 10 2 1
V 8 10 4 1
H 8 6 4 8
H 1 13 1 2
H 6 7 1 12
V 0 11 12 1
H 8 3 1 2
V 9 18 2 1
H 7 5 1 4
V 0 12 2 1
H 1 12 1 2
H 2 11 4 4
V 0 12 4 1
H 6 11 1 8
V 10 17 2 1
H 4 14 1 2
V 4 11 6 4
H 5 12 2 6
H 4 9 8 2
V 2 10 10 1
V 4 16 2 1
H 5 9 1 2
H 5 9 2 6
H 9 12 1 2
V 2 13 8 2
H 5 14 1 2
V 3 11 6 4
H 4 8 1 2
H 3 9 9 4
V 9 8 2 10
H 8 8 2 12
V 6 13 4 2
V 6 7 2 1
H 6 6 1 12
H 6 6 2 2
H 8 4 1 16
H 8 4 1 2
H 2 11 1 2
H 8 7 3 4
V 2 12 2 2
H 3 11 9 4
V 9 14 2 1
H 5 12 5 4
V 2 12 8 2
V 3 10 2 4
H 8 5 1 12
V 9 12 2 1
H 3 10 7 4
H 5 8 1 6
V 6 15 2 1
H 7 11 3 8
H 9 11 1 2
V 8 12 4 5
V 4 14 8 1
V 4 14 4 1
H 5 13 5 4
H 8 15 2 4
H 8 18 1 2
H 11 9 1 4
H 4 13 2 2
V 3 12 4 2
H 8 10 1 2
H 6 9 3 2
V 4 10 6 1
V 7 9 4 8
H 7 7 3 4
V 6 14 2 1
V 5 13 2 1
H 6 13 2 4
H 8 13 1 6
H 6 8 1 8
H 6 8 1 2
H 8 8 2 10
V 7 13 2 5
H 7 12 1 6
V 2 12 10 1
V 2 12 4 1
H 4 13 1 2
V 7 15 2 1
H 8 6 1 12
V 8 16 2 1
H 8 6 1 4
V 10 13 2 1
V 7 9 4 6
H 10 11 1 6
H 5 10 1 2
H 9 8 1 2
V 5 14 2 1
V 7 9 4 3
V 3 12 8 1
H 8 8 2 8
V 5 12 6 3
V 5 14 2 1
H 8 7 1 10
V 7 12 2 3
H 8 12 1 6
V 8 14 2 3
H 9 15 1 2
H 9 9 1 4
H 7 10 1 4
V 4 11 8 2
V 4 11 6 2
H 5 11 1 2
V 4 12 4 1
H 6 10 4 6
V 9 10 2 1
H 6 10 1 4
H 6 13 5 2
V 5 11 4 3
H 6 11 5 4
V 9 14 2 1
V 8 11 4 1
H 8 8 1 6
V 5 11 6 2
H 9 10 1 6
H 7 13 1 2
H 8 10 1 2
H 8 14 1 2
V 7 11 2 3
V 7 12 2 1
H 8 12 1 4
H 8 11 1 2
V 6 12 6 1
H 6 11 2 2
V 6 12 2 1
V 7 12 2 2
V 8 11 2 2
H 8 12 2 2
H 8 11 1 2
H 7 12 2 2
V 7 12 2 1
