V 1 13 2 1
V 18 5 2 1
V 18 11 2 1
V 14 4 2 1
V 10 1 2 1
V 16 6 2 2
H 17 4 1 4
V 4 4 14 2
H 3 3 1 2
V 3 4 12 2
H 4 1 1 4
H 4 3 1 2
V 4 2 14 2
V 9 1 4 1
V 4 1 16 2
H 11 0 9 4
V 10 1 4 3
H 11 0 4 2
V 4 0 14 1
H 4 18 1 2
V 2 15 4 4
V 1 15 12 1
H 11 8 2 8
V 3 11 10 3
V 5 0 2 1
V 5 13 2 1
V 3 11 6 4
H 3 6 1 8
V 3 6 12 2
V 3 6 16 2
V 16 5 2 1
H 17 4 1 4
V 3 5 2 1
V 4 4 14 2
V 3 4 14 2
H 3 2 1 4
V 3 3 16 1
H 11 0 8 4
V 4 1 16 2
V 0 16 10 2
H 3 15 3 2
V 1 15 12 1
H 11 8 2 8
H 6 11 1 2
H 8 11 1 2
V 3 11 10 1
V 3 11 6 1
H 3 6 1 8
V 3 7 12 1
V 3 6 16 2
H 17 4 1 4
V 4 4 14 2
V 3 4 14 2
H 3 2 1 4
H 11 2 1 2
V 3 3 14 1
V 4 2 16 2
H 11 0 8 4
H 18 0 1 2
V 10 7 8 1
H 17 4 1 4
V 4 4 14 2
V 3 5 14 1
H 3 2 1 4
H 5 2 1 2
V 3 3 12 1
V 4 2 16 2
H 14 1 1 2
H 11 0 7 4
H 17 0 1 2
V 5 16 6 4
H 4 16 9 4
H 3 15 3 2
V 1 15 12 1
H 11 8 1 8
V 3 11 10 1
V 3 11 6 1
H 3 7 1 8
V 3 7 12 1
V 4 7 16 1
H 0 6 1 2
H 5 6 1 2
H 17 4 1 4
V 4 5 14 1
V 3 4 14 2
H 3 2 1 4
V 9 3 4 1
V 3 3 16 1
V 4 2 16 2
H 19 2 1 2
V 17 6 2 1
V 17 8 2 7
V 18 8 2 1
H 17 8 1 8
V 13 12 6 3
V 15 15 2 1
H 13 8 3 12
H 4 17 1 2
V 2 18 18 1
H 4 16 4 4
H 3 15 3 2
V 0 15 12 1
H 11 8 1 8
V 3 11 10 1
H 7 11 1 2
V 3 11 6 1
H 3 6 1 8
V 8 6 2 1
V 3 6 12 2
V 3 7 16 1
H 17 4 1 4
V 4 4 14 2
V 3 5 14 1
H 3 2 1 4
V 3 3 16 1
H 11 0 6 4
V 5 1 14 3
V 14 3 6 1
V 6 0 6 1
V 7 0 10 1
H 3 6 1 6
H 4 7 1 2
V 3 6 12 2
V 3 6 16 1
V 16 4 2 1
H 17 4 1 4
V 4 4 14 1
V 4 4 12 1
H 4 1 1 4
V 4 1 14 2
H 11 0 5 4
V 6 0 10 1
H 8 12 1 2
H 12 12 1 2
V 1 12 12 1
H 3 7 1 8
H 3 9 1 2
H 3 6 2 4
V 3 6 12 2
V 4 6 16 2
H 17 4 1 4
V 4 4 14 2
V 3 4 14 2
H 4 4 1 2
H 3 3 2 2
V 3 3 16 1
H 11 0 5 4
V 6 1 12 3
H 13 13 3 6
V 1 18 18 1
V 4 19 2 1
H 5 16 4 4
H 3 15 3 2
V 0 15 12 1
H 11 8 2 8
V 3 11 10 2
V 3 11 6 3
H 3 6 1 8
V 3 7 12 1
V 3 7 16 1
H 17 4 1 4
V 4 4 14 2
V 3 4 14 2
H 3 2 1 4
V 3 4 2 1
H 7 2 1 2
V 3 3 14 1
H 3 2 1 2
H 4 3 1 2
V 3 3 16 1
H 18 2 1 2
V 4 2 12 2
V 3 3 16 1
V 17 6 2 2
H 17 4 1 4
V 4 4 14 2
V 3 5 14 1
H 3 2 1 4
V 9 3 2 1
V 3 3 14 1
V 4 3 14 1
H 17 2 1 2
V 15 7 4 1
H 17 4 1 4
V 4 4 14 2
V 3 4 12 2
H 4 2 1 4
V 3 3 14 1
H 11 0 3 4
H 11 0 5 2
V 7 0 8 1
V 3 11 10 1
H 10 11 1 2
V 3 11 8 1
H 3 6 1 8
V 3 6 12 2
V 4 6 16 2
H 17 4 1 4
V 4 5 14 1
V 4 5 12 1
H 4 2 1 4
V 3 3 14 1
H 11 0 5 4
H 14 0 1 2
V 7 1 10 3
V 2 16 8 1
H 3 15 3 2
V 0 15 12 1
H 11 8 2 8
V 3 11 10 1
V 3 11 6 2
H 3 7 1 8
V 3 6 12 2
V 3 7 16 1
H 17 4 1 4
V 4 5 14 1
V 3 5 14 1
H 3 2 1 4
H 5 2 1 2
V 3 3 10 1
V 3 3 14 1
H 11 0 5 4
H 15 0 1 2
V 4 4 4 2
H 4 1 1 4
V 4 1 8 3
V 5 2 12 2
H 11 0 4 4
V 3 8 4 3
H 3 6 1 8
H 3 7 1 2
V 3 6 12 2
V 3 6 16 2
H 17 4 1 4
V 4 4 14 2
V 3 4 14 2
V 4 4 2 1
V 4 15 2 5
H 3 2 1 2
H 3 3 2 2
V 3 3 14 1
V 4 3 14 1
H 3 6 1 6
V 3 6 12 2
V 3 6 16 1
H 17 4 1 4
V 4 4 14 2
V 3 4 12 2
H 4 1 1 4
V 4 1 12 3
V 5 2 12 1
H 6 1 1 2
H 3 15 3 2
V 0 15 12 1
H 11 8 2 8
V 3 11 10 3
V 3 11 6 1
H 3 7 1 8
V 3 6 12 2
H 19 5 1 2
V 4 6 16 2
H 17 4 1 4
V 4 5 14 1
V 3 4 12 2
H 4 2 1 4
V 4 4 2 1
V 3 3 14 1
H 11 0 3 4
V 8 1 8 3
V 0 19 20 1
H 5 16 4 4
H 5 15 1 4
V 0 15 12 1
H 11 8 2 8
V 3 11 10 3
V 3 11 6 3
V 3 7 2 1
H 3 6 1 8
V 3 6 12 2
V 3 7 16 1
H 17 4 1 4
V 4 4 14 2
V 4 5 12 1
H 4 3 1 2
H 4 2 1 4
H 6 2 1 2
V 3 3 14 1
H 11 0 3 4
H 11 0 3 2
V 8 0 6 1
V 2 14 2 1
H 3 7 1 8
H 3 6 1 8
V 3 6 12 2
V 3 6 16 1
H 17 4 1 4
V 4 4 14 2
V 3 4 12 2
H 4 1 1 4
V 4 1 8 3
V 4 2 12 1
H 14 1 1 2
H 7 8 2 2
V 6 10 2 1
H 7 9 2 2
V 3 10 6 1
V 3 8 4 3
V 3 12 2 1
H 3 6 1 8
V 3 6 12 1
V 3 6 16 1
H 17 4 1 4
V 4 4 14 1
H 3 0 1 6
V 3 4 12 2
H 4 1 1 4
V 4 2 10 1
H 14 2 1 2
V 4 2 12 1
H 1 10 2 4
V 4 12 2 1
V 1 12 4 3
V 2 13 2 2
H 3 6 1 2
H 3 7 1 8
H 3 6 1 4
V 3 6 12 1
V 3 6 16 1
H 17 4 1 4
V 4 4 14 1
V 4 4 12 1
H 4 1 1 4
V 4 1 8 2
H 11 2 1 2
V 4 1 10 2
H 11 0 3 4
H 9 10 3 2
V 3 11 10 1
V 3 11 4 1
H 3 6 1 8
V 3 6 12 2
V 3 6 16 2
H 17 4 1 4
V 4 4 14 2
V 3 4 14 2
H 3 2 1 4
V 3 3 12 1
H 6 2 1 2
V 3 3 14 1
V 0 5 2 1
H 0 0 1 14
H 0 4 1 2
H 0 5 1 2
V 0 0 2 6
H 1 0 2 14
V 1 12 4 1
V 3 8 2 1
V 3 13 2 1
H 3 6 1 8
H 3 6 2 4
V 3 6 12 2
V 4 6 16 2
H 17 4 1 4
V 4 4 14 1
V 4 4 12 2
H 4 2 1 4
V 4 1 4 3
V 4 1 10 2
H 11 0 2 4
V 9 0 4 1
V 16 6 4 2
H 17 4 1 4
V 4 5 14 1
V 3 5 14 1
H 3 2 1 4
V 4 3 2 1
V 3 3 4 1
H 7 2 1 2
V 3 3 12 1
H 11 0 2 4
H 11 0 2 2
V 10 0 2 1
V 0 1 2 1
V 0 4 2 1
H 1 1 2 6
H 1 6 1 2
H 1 0 1 14
V 1 12 4 1
H 3 6 1 8
H 3 6 1 4
V 3 6 12 2
V 4 6 16 2
H 17 4 1 4
H 9 4 1 2
V 4 4 14 1
V 4 4 12 2
H 4 1 1 4
V 4 1 10 2
V 5 2 10 1
H 14 10 2 10
V 0 18 20 1
H 4 16 3 4
H 3 15 3 2
V 0 15 12 1
H 9 11 1 2
H 11 11 1 2
H 11 8 1 8
V 3 11 10 1
V 3 11 6 3
H 3 6 1 2
H 3 7 1 8
V 3 7 12 1
V 3 7 16 1
H 17 4 1 4
V 4 5 14 1
V 3 4 12 2
H 4 2 1 4
V 3 4 2 1
H 4 1 1 4
V 4 1 8 2
V 4 1 10 2
V 13 8 4 5
H 13 8 4 8
H 14 8 2 12
V 1 18 18 1
H 0 15 6 4
H 1 15 5 2
V 1 15 12 1
H 11 8 1 8
V 3 11 10 1
V 3 11 6 2
H 3 6 1 8
H 11 6 1 2
V 3 7 12 1
V 4 7 16 1
H 17 4 1 4
V 4 5 14 1
V 3 5 14 1
H 3 2 1 4
H 4 3 1 2
V 3 3 6 1
V 3 3 12 1
V 10 1 2 1
H 11 0 2 4
H 12 0 1 2
H 19 5 1 2
H 18 4 2 4
V 17 7 2 1
V 16 6 4 2
H 17 4 1 4
V 4 4 14 2
V 3 4 12 2
H 4 1 1 4
V 4 1 4 3
H 9 1 1 2
V 4 2 10 2
H 11 0 1 4
H 5 9 1 2
H 8 9 1 2
V 3 10 6 1
H 8 9 1 2
H 3 6 1 8
V 3 6 12 1
V 4 6 16 2
H 17 4 1 4
V 4 4 14 1
H 11 4 1 2
H 19 4 1 2
V 3 4 12 1
H 4 1 1 4
V 6 1 2 1
V 4 1 6 2
V 4 2 10 2
H 12 1 1 2
H 8 13 1 2
V 1 13 12 1
V 2 12 6 3
V 3 7 2 1
H 3 6 1 8
H 3 6 1 6
V 3 6 12 2
V 3 6 16 2
H 17 4 1 4
V 4 4 14 1
V 3 4 12 1
H 4 1 1 4
V 4 2 8 2
V 4 2 10 2
V 0 17 12 2
H 2 16 1 2
H 0 15 6 4
V 0 15 12 1
H 11 8 1 8
V 3 11 10 3
H 1 13 1 2
H 11 13 1 2
V 3 11 6 2
H 3 6 1 8
V 3 6 12 2
V 3 7 16 1
H 17 4 1 4
V 4 5 14 1
V 4 5 12 1
H 4 2 1 4
H 4 1 1 4
V 4 1 6 3
V 5 1 6 3
V 4 15 2 4
H 2 15 4 2
V 1 15 12 1
H 11 8 2 8
H 3 12 1 2
V 3 11 10 2
V 3 11 6 1
H 3 7 1 8
V 3 7 12 1
V 3 7 16 1
H 17 4 1 4
V 4 5 14 1
V 3 5 14 1
H 3 2 1 4
V 3 3 8 1
V 4 2 8 2
H 11 2 1 2
V 10 6 8 2
H 17 4 1 4
H 4 3 1 2
V 4 4 14 1
V 15 5 2 1
V 4 4 12 2
H 4 2 1 4
V 4 1 4 3
V 4 1 6 3
H 9 1 1 2
V 3 8 4 3
H 3 6 2 4
V 3 6 10 2
V 3 11 10 1
V 3 6 16 1
H 17 4 1 4
V 4 4 14 2
V 3 4 12 1
H 4 1 1 4
V 4 2 6 2
V 5 2 6 2
V 3 11 8 2
H 3 6 1 8
V 3 6 12 2
V 3 6 16 2
H 17 4 1 4
V 4 5 14 1
V 3 5 14 1
H 3 2 1 4
V 3 3 4 1
V 3 3 8 1
H 9 2 1 2
V 9 3 2 1
V 0 16 10 2
H 4 15 2 4
V 1 15 12 1
H 11 8 1 8
V 3 11 10 2
V 7 12 2 1
V 3 11 6 1
H 3 6 1 8
V 3 7 12 1
V 3 7 16 1
H 17 4 1 4
V 4 5 14 1
V 3 5 12 1
H 4 2 1 4
V 3 3 8 1
H 4 2 5 2
H 5 1 1 2
H 8 1 1 2
H 13 14 1 6
V 4 18 16 2
H 4 15 2 4
H 0 15 6 2
V 0 15 12 1
H 11 8 1 8
V 3 11 10 1
V 3 11 6 1
H 3 6 1 8
V 3 7 12 1
V 4 7 16 1
H 17 4 1 4
V 4 5 14 1
V 3 5 14 1
H 3 2 1 4
H 8 2 1 2
V 3 3 6 1
V 3 3 8 1
V 2 19 4 1
H 4 16 4 4
H 4 15 2 4
V 1 15 12 1
H 11 8 2 8
V 3 11 10 1
V 3 11 6 1
H 3 6 1 8
H 5 6 1 2
V 3 7 12 1
H 3 7 1 2
V 3 7 16 1
H 17 4 1 4
V 4 5 14 1
V 3 5 12 1
H 4 2 1 4
H 3 3 1 2
V 3 3 6 1
H 4 2 4 2
H 7 1 1 2
V 14 12 6 2
V 13 13 6 1
H 13 10 2 10
V 4 18 16 1
H 4 16 3 4
H 2 16 1 2
H 0 15 6 2
V 0 15 12 1
H 11 8 2 8
V 3 11 10 1
V 3 11 6 1
H 3 6 1 8
V 3 7 12 1
V 4 7 16 1
H 17 4 1 4
V 4 5 14 1
V 3 5 14 1
H 3 2 1 4
V 3 3 6 1
V 4 3 6 1
H 1 5 2 8
V 2 12 2 3
H 3 7 1 8
V 4 7 2 1
H 3 6 2 4
V 3 6 12 1
V 3 6 16 1
H 17 4 1 4
V 4 4 14 2
V 3 4 14 2
H 3 3 2 2
V 3 3 4 1
H 4 3 1 2
V 3 3 6 1
V 1 17 10 2
H 8 18 1 2
H 19 18 1 2
H 4 15 2 4
V 0 15 12 1
H 11 8 1 8
V 3 11 10 1
V 3 11 6 1
H 3 6 1 8
V 3 6 12 2
V 3 6 16 2
H 17 4 1 4
H 13 4 1 2
V 4 5 14 1
V 4 7 14 1
V 3 4 12 2
H 4 2 1 4
V 4 4 2 1
V 4 15 2 5
V 3 3 4 1
H 4 1 1 2
H 4 2 3 2
H 6 1 1 2
H 17 4 1 4
V 4 4 14 2
V 3 4 12 2
H 4 2 1 4
V 6 3 2 1
H 5 2 1 2
V 3 3 4 1
H 6 2 1 2
V 3 13 2 1
V 2 13 4 2
H 3 7 1 8
H 3 6 1 8
V 3 6 12 2
V 4 6 16 1
H 4 15 2 4
H 0 15 6 2
V 1 15 12 1
H 11 8 1 8
V 3 11 10 1
H 8 12 1 2
V 3 11 6 2
H 3 6 1 8
V 3 7 12 1
V 3 6 16 2
H 17 4 1 4
V 4 4 14 2
V 3 4 12 2
H 4 2 1 4
H 4 1 1 4
V 4 1 2 1
V 14 13 6 2
V 13 13 6 2
H 13 12 1 8
V 0 18 16 1
H 0 15 6 4
V 0 15 2 1
H 1 15 5 2
V 0 15 12 1
H 11 8 1 8
H 10 11 1 2
V 3 11 10 1
V 3 11 6 1
V 3 9 2 1
H 3 7 1 8
V 3 7 12 1
V 3 7 16 1
H 17 4 1 4
V 4 4 14 2
V 3 4 14 2
H 3 2 1 4
H 3 1 1 4
V 3 6 16 1
H 17 4 1 4
V 4 4 14 1
V 3 4 12 1
H 3 3 2 2
V 3 3 4 1
H 14 17 1 2
V 1 18 16 1
H 4 15 2 4
H 0 15 6 2
V 1 15 12 1
H 11 8 2 8
V 3 11 10 3
H 3 10 1 2
V 3 11 6 4
H 3 7 1 8
V 3 7 12 1
V 3 6 16 2
H 17 4 1 4
V 17 7 2 1
V 4 5 14 1
V 3 4 12 2
H 4 2 1 4
H 4 1 1 4
V 14 13 6 2
V 14 15 6 3
V 13 16 6 1
H 13 16 2 4
V 0 18 16 1
H 0 15 6 4
H 0 15 6 2
H 11 14 1 2
V 0 15 12 1
H 11 8 2 8
H 17 8 1 8
H 12 11 1 2
V 3 11 10 1
V 3 11 6 1
H 3 7 1 8
V 3 7 12 1
H 17 6 1 2
V 3 7 16 1
H 17 4 1 4
V 4 4 14 2
V 3 4 14 2
H 3 3 1 2
H 3 2 1 4
H 3 2 1 2
H 15 12 1 8
V 0 18 20 1
H 5 15 1 4
H 1 15 5 2
V 0 15 12 1
H 11 8 2 8
V 3 11 10 2
V 3 11 6 1
H 3 6 1 8
V 3 7 12 1
V 3 7 16 1
H 17 4 1 4
V 4 5 14 1
V 4 4 12 2
H 4 2 1 4
V 2 18 16 1
H 4 16 8 4
H 0 15 6 2
V 0 15 12 1
H 11 8 2 8
V 3 11 10 1
V 3 11 6 1
H 3 6 1 8
V 3 7 12 1
V 3 7 16 1
H 17 4 1 4
V 4 4 14 2
V 15 5 2 1
V 4 4 12 2
V 4 2 2 2
H 4 2 1 4
H 4 2 2 2
V 0 19 20 1
H 5 16 4 4
H 5 15 1 4
V 0 15 12 1
H 11 11 1 2
H 11 8 2 8
V 3 11 10 1
H 5 11 1 2
V 3 11 6 1
V 3 7 2 1
V 3 19 2 1
H 3 6 1 8
V 3 7 12 1
V 4 7 16 1
H 17 4 1 4
V 4 4 14 2
V 3 4 14 2
H 3 4 15 2
H 3 3 1 2
V 2 15 4 4
H 3 15 3 4
H 5 15 1 2
V 0 15 12 1
H 11 8 2 8
V 3 11 10 1
V 3 11 6 1
H 3 6 1 8
V 3 7 12 1
V 3 7 16 1
H 17 4 1 4
V 4 5 14 1
V 3 4 14 2
H 3 4 1 2
H 3 6 2 4
V 3 6 12 2
V 3 6 16 2
V 16 7 2 1
H 17 4 1 4
V 4 4 14 2
V 9 5 2 1
V 4 4 12 2
V 16 6 4 2
V 16 7 2 1
H 17 4 1 4
V 6 4 12 2
V 5 4 12 2
V 1 17 12 1
H 4 15 2 4
V 0 15 12 1
H 11 8 2 8
V 3 11 10 1
V 3 11 6 1
V 3 18 6 1
H 3 6 1 8
V 3 6 12 2
V 3 7 16 1
H 17 4 1 4
V 4 5 14 1
V 4 5 12 1
H 2 15 4 4
H 0 15 6 2
V 0 15 12 1
H 11 8 1 8
V 3 11 10 1
V 3 11 6 2
V 2 14 2 1
H 3 7 1 8
V 3 6 12 2
V 3 6 16 2
H 17 4 1 4
V 6 4 12 2
H 8 4 1 2
V 6 5 10 1
H 6 4 1 2
H 13 10 1 10
V 4 18 16 2
H 5 15 1 4
H 1 15 5 2
V 0 15 12 1
H 11 8 1 8
V 3 11 10 1
V 3 11 6 1
H 3 6 1 8
V 3 6 12 2
V 4 7 16 1
V 16 6 2 1
H 17 4 1 4
V 6 5 12 1
V 7 5 8 1
H 7 4 1 2
V 14 17 6 1
V 13 16 6 2
H 0 17 1 2
H 9 17 1 2
H 13 17 3 2
V 3 18 16 1
H 4 16 3 4
H 0 15 6 2
V 0 15 12 1
H 11 8 1 8
V 3 11 10 1
H 5 11 1 2
V 3 11 6 1
H 3 6 1 8
V 3 7 12 1
V 3 7 16 1
V 16 4 2 1
H 17 4 1 4
V 6 5 12 1
V 6 5 10 1
H 1 3 1 4
H 1 0 2 14
V 1 12 4 1
V 3 11 2 1
H 3 6 1 8
H 3 6 1 4
V 3 6 12 2
V 3 6 16 2
H 17 4 1 4
V 12 5 2 1
V 8 4 10 2
H 15 4 1 2
V 8 4 8 1
V 2 15 4 4
V 0 15 12 1
H 11 8 1 8
V 3 11 10 2
V 3 11 6 1
H 3 6 1 8
V 3 7 12 1
V 3 6 16 2
H 17 4 1 4
V 7 5 2 1
V 7 14 2 1
V 8 5 10 1
V 7 5 10 1
V 5 16 2 4
H 0 15 6 2
V 0 15 12 1
H 11 8 1 8
V 3 11 10 1
V 3 11 6 1
H 3 6 1 8
V 3 6 12 2
V 3 7 16 1
H 17 4 1 4
V 8 5 10 1
V 8 5 8 1
H 13 13 3 6
V 0 18 20 1
H 4 15 2 4
H 1 15 5 2
V 0 15 12 1
H 11 8 1 8
V 3 11 10 1
V 3 11 6 1
H 3 6 1 8
V 3 7 12 1
H 17 6 1 2
V 3 7 16 1
H 17 4 1 4
V 10 4 8 2
V 9 4 8 2
H 9 4 1 2
H 13 11 1 8
V 1 18 16 1
H 4 15 2 4
H 0 15 6 2
V 0 15 12 1
H 11 8 1 8
V 3 11 10 1
V 3 11 6 1
H 3 6 1 8
V 3 7 12 1
H 13 6 1 2
V 3 7 16 1
H 17 4 1 4
V 10 5 8 1
V 10 5 6 1
H 10 4 1 2
V 13 12 6 3
H 14 8 2 12
H 19 18 1 2
V 2 18 18 1
H 4 16 3 4
H 1 15 5 2
V 0 15 12 1
H 11 8 1 8
V 3 11 10 1
V 3 11 6 1
H 3 6 1 8
V 3 7 12 1
V 3 7 16 1
H 17 4 1 4
V 10 5 8 1
V 10 5 6 1
V 3 11 8 1
H 3 6 1 8
V 3 7 12 1
V 3 7 16 1
H 17 4 1 4
V 14 5 2 1
V 12 4 6 2
V 13 4 2 2
H 13 4 1 2
V 1 9 2 1
H 1 5 1 8
V 1 7 2 1
V 1 12 4 2
H 3 6 1 8
H 3 6 1 4
V 3 6 12 1
V 3 6 16 2
H 17 4 1 4
V 5 16 2 4
H 0 15 6 2
V 0 15 12 1
H 11 8 1 8
V 3 11 10 1
V 3 11 6 1
H 3 6 1 8
V 3 6 12 2
H 18 5 1 2
V 3 6 16 2
V 3 18 16 1
V 14 4 4 2
H 17 4 1 4
H 5 15 1 4
H 1 15 5 2
V 0 15 12 1
H 11 8 2 8
V 3 11 10 1
V 3 11 6 1
H 3 7 1 8
V 3 6 12 2
V 3 6 16 2
V 14 5 4 1
H 17 4 1 4
V 15 4 2 2
V 13 12 6 2
H 14 9 2 10
V 0 18 20 1
H 5 16 1 4
H 0 15 6 2
V 0 15 12 1
H 11 8 1 8
H 13 8 3 8
V 3 11 10 1
V 3 11 6 1
H 3 6 1 8
V 3 6 16 2
V 4 6 16 2
V 18 4 2 1
V 18 15 2 1
H 19 4 1 4
H 19 4 1 2
V 7 15 6 1
H 11 8 1 8
H 9 11 1 2
V 3 11 10 1
V 3 11 6 1
H 3 6 1 8
V 3 7 12 1
V 3 6 16 2
V 14 4 4 2
H 17 4 1 4
V 16 4 2 2
H 15 4 2 2
H 13 8 2 12
V 3 18 16 1
H 2 15 4 4
H 5 15 1 2
V 0 15 12 1
H 11 8 1 8
V 3 11 10 1
H 11 10 1 2
V 3 11 6 1
H 3 6 1 8
V 3 6 16 2
V 4 7 16 1
H 1 6 1 2
H 3 6 17 2
H 19 5 1 2
V 3 6 16 2
V 4 6 16 1
H 0 3 1 6
H 0 0 1 4
V 0 1 2 5
H 1 0 1 14
V 1 12 4 1
H 3 6 1 8
H 3 6 1 4
V 3 6 14 1
V 3 6 16 2
H 18 5 1 2
H 17 9 3 4
V 14 12 6 2
H 13 8 2 12
V 0 18 18 1
H 5 15 1 4
H 5 15 1 2
V 0 15 12 1
V 10 11 2 1
H 11 8 2 8
V 3 11 10 1
V 3 11 6 1
H 3 6 1 8
V 3 6 12 2
V 3 7 16 1
H 1 6 1 2
H 14 6 4 2
H 17 5 1 2
V 16 5 2 1
V 5 6 14 2
H 1 11 1 2
H 13 11 4 2
H 14 8 1 12
H 7 18 1 2
V 0 18 18 1
H 4 16 2 4
H 1 15 5 2
V 0 15 12 1
H 11 8 1 8
V 3 11 10 1
V 3 11 6 1
H 3 6 1 8
V 3 7 12 1
V 3 7 16 1
H 12 6 6 2
H 17 5 1 2
V 7 7 12 1
V 16 6 2 1
V 0 0 2 1
H 0 0 1 8
H 0 1 1 14
V 1 12 4 2
H 3 6 1 8
H 3 7 2 2
V 3 6 14 2
H 12 6 1 2
H 4 7 1 2
V 4 7 14 1
V 5 15 8 1
H 11 8 2 8
V 3 11 10 1
V 3 11 6 1
H 3 6 1 8
H 6 6 1 2
V 3 7 12 1
V 3 6 14 2
H 16 6 1 2
V 0 3 2 1
H 0 3 1 8
H 0 2 1 2
V 0 0 2 6
H 1 0 1 14
V 1 12 4 2
H 3 6 1 8
H 3 7 2 2
V 3 6 12 2
V 3 7 14 1
V 1 19 16 1
V 6 16 2 1
H 4 16 3 4
V 4 16 2 1
H 5 15 1 4
V 1 15 12 1
H 11 8 1 8
V 3 11 10 1
V 3 11 6 1
H 3 9 1 2
H 5 9 1 2
H 3 6 1 8
V 3 6 12 2
V 4 6 12 2
H 15 6 1 2
V 8 7 8 1
V 10 15 2 1
V 11 14 2 1
H 11 8 1 8
V 3 11 10 1
V 3 11 6 1
H 3 6 1 8
V 3 6 10 2
V 3 6 12 2
H 14 6 1 2
H 13 8 2 12
V 0 18 16 1
H 5 15 1 4
H 0 15 6 2
V 1 15 12 1
V 1 17 12 1
H 12 11 1 4
H 11 8 2 8
V 3 11 10 1
V 3 11 6 1
H 3 6 1 8
V 3 6 10 2
H 4 7 1 2
V 3 7 12 1
H 5 15 1 4
V 1 15 12 1
H 11 10 2 6
V 1 12 12 1
V 1 12 8 1
V 1 17 8 2
H 1 0 1 14
V 1 3 2 1
V 0 3 2 3
H 0 1 1 10
H 3 16 1 2
H 0 15 6 4
V 1 15 12 1
H 11 8 2 8
V 3 11 10 1
V 3 11 6 1
H 3 6 1 8
V 3 7 10 1
V 4 7 10 1
H 9 8 2 6
V 3 11 10 4
V 3 11 2 4
V 3 13 2 1
H 3 6 1 8
V 3 6 8 2
V 3 7 10 1
H 13 11 4 2
H 15 8 1 12
V 0 18 20 1
H 0 15 6 4
H 0 15 6 2
V 0 15 12 1
V 10 11 2 1
H 11 10 1 6
V 1 12 12 1
V 1 12 8 1
V 0 4 2 2
H 1 0 1 14
H 1 0 2 10
H 0 5 1 4
H 13 16 1 4
V 3 18 16 1
H 4 16 4 4
H 0 15 6 2
V 1 15 12 1
H 11 8 2 8
H 3 8 1 4
V 3 11 10 4
V 3 11 6 4
H 3 6 1 8
V 3 6 6 2
V 3 6 8 2
H 10 6 1 2
H 1 11 2 2
V 2 12 2 1
H 3 6 1 8
H 3 6 2 4
V 3 6 6 1
V 3 6 2 1
V 4 6 6 2
V 1 16 6 3
H 0 15 6 2
V 1 15 12 1
H 11 10 1 6
V 1 12 12 1
H 3 12 1 2
V 1 12 8 1
H 1 2 1 12
H 1 3 2 6
V 0 3 2 1
H 14 17 2 2
V 0 18 20 1
H 3 15 3 4
H 3 15 3 2
V 1 15 12 1
H 11 10 1 6
V 1 12 12 2
V 1 12 8 2
H 1 3 1 12
H 1 2 1 8
H 8 8 1 2
H 10 8 1 2
H 13 8 1 2
V 13 8 4 1
V 15 8 2 1
H 13 8 3 8
H 13 8 2 12
V 0 18 18 1
H 0 15 6 4
H 0 15 6 2
V 0 15 12 1
H 11 8 1 8
V 3 11 10 2
V 3 11 6 2
H 3 7 1 8
V 3 7 6 1
V 3 7 8 1
V 5 16 4 4
H 0 15 6 4
V 1 15 12 1
H 11 10 1 6
V 1 12 12 1
V 1 12 8 1
V 1 11 2 1
H 1 3 1 12
H 1 3 1 6
V 8 18 2 1
V 5 16 8 4
H 0 16 1 2
H 0 15 6 2
V 0 15 12 1
H 11 8 1 8
V 3 11 10 1
V 3 11 6 2
H 3 7 1 8
V 3 6 4 2
V 3 6 6 2
H 8 6 1 2
V 4 16 8 3
H 1 15 5 2
V 0 15 12 1
H 11 10 1 6
V 1 12 12 1
V 1 12 8 1
H 1 5 1 10
H 1 4 2 4
V 0 5 2 1
H 0 5 1 2
V 6 6 2 1
V 1 19 6 1
H 4 16 5 4
H 1 15 5 4
V 0 15 12 1
H 11 10 1 6
H 9 12 1 2
V 1 12 12 1
V 1 12 8 1
H 1 4 1 10
H 1 4 2 6
V 0 18 20 1
V 5 16 2 4
H 5 16 2 4
H 1 15 5 2
V 0 15 12 1
H 11 8 2 8
V 3 11 10 2
H 3 12 1 2
V 3 11 6 1
H 3 6 1 8
V 3 7 4 1
H 3 7 1 2
V 3 7 6 1
V 13 12 6 2
V 15 9 2 1
H 14 9 2 10
V 0 18 20 1
H 5 16 2 4
H 3 15 3 2
V 0 15 12 1
H 11 10 1 6
H 12 11 1 2
V 1 12 12 1
V 1 12 8 1
H 1 9 1 2
H 8 9 1 2
H 1 5 1 10
H 1 5 2 4
V 0 5 2 1
V 13 12 6 3
H 13 11 3 8
V 0 18 16 1
H 5 15 1 4
V 5 15 2 1
H 0 15 6 2
V 1 15 12 1
H 11 10 2 6
V 1 12 12 1
H 1 12 1 2
H 2 11 1 2
V 1 12 8 1
H 1 5 1 10
H 1 5 2 4
H 13 16 3 4
H 6 17 1 2
V 0 18 16 1
H 5 16 2 4
H 3 15 3 2
V 1 15 12 1
H 11 8 1 8
V 3 11 10 2
V 3 11 6 1
H 3 6 1 8
V 3 7 4 1
V 4 7 4 1
V 3 14 2 1
H 3 7 1 8
V 3 9 2 2
V 3 10 6 1
H 7 9 2 2
H 7 8 1 2
V 6 10 2 1
V 5 16 2 2
H 0 15 6 2
V 0 15 12 1
H 11 8 1 8
H 2 12 1 2
H 7 12 1 2
V 3 11 10 2
V 3 11 6 2
V 3 9 2 1
V 5 12 2 1
H 3 6 1 8
V 3 6 2 2
V 3 7 4 1
V 14 12 2 1
H 13 9 2 10
V 4 18 16 2
H 5 15 1 4
H 3 15 3 2
V 1 15 12 1
H 11 10 1 6
H 1 11 1 2
V 6 12 2 1
V 1 12 12 1
V 2 12 6 1
H 2 5 1 10
H 2 5 1 4
H 3 7 1 2
V 3 8 4 1
H 1 7 2 6
V 7 10 2 1
H 5 9 2 2
V 6 10 2 1
H 7 9 1 2
H 2 7 1 8
V 2 12 2 3
V 3 8 2 1
H 3 6 1 8
V 4 9 2 1
V 3 6 2 5
H 3 7 2 2
V 4 7 2 1
H 3 6 1 2
V 14 16 6 2
H 14 17 1 2
H 13 16 3 4
V 0 18 20 1
H 5 16 2 4
H 0 15 6 2
V 1 15 12 1
H 11 8 1 8
V 3 11 10 2
H 3 10 1 2
V 3 11 6 1
V 3 10 2 1
H 3 6 1 8
V 3 6 2 3
H 4 6 1 2
V 5 9 2 1
V 9 10 2 1
H 9 9 4 4
H 3 11 1 2
H 11 11 1 2
V 1 12 12 1
H 3 9 1 4
V 3 10 4 1
V 4 10 4 1
V 4 9 2 1
V 11 9 2 1
V 0 19 20 1
H 5 16 2 4
H 5 15 1 4
V 1 15 12 1
H 11 8 2 8
V 3 11 10 4
V 3 11 6 4
H 3 10 1 2
V 3 9 2 2
V 3 10 4 1
V 4 15 8 1
V 10 8 2 1
H 11 8 2 8
V 3 11 10 1
V 3 11 6 1
V 2 13 2 1
H 3 8 1 6
V 1 15 8 1
V 1 15 12 1
H 11 10 1 6
V 1 12 12 1
V 2 12 6 1
H 2 9 1 6
H 3 15 3 2
H 5 16 2 4
H 17 18 1 2
V 2 18 16 1
H 13 8 1 12
V 13 12 6 3
V 14 12 6 2
V 17 10 2 1
H 18 9 2 6
H 19 8 1 2
H 13 12 5 6
H 16 14 1 2
V 16 12 4 3
H 18 11 1 2
H 18 9 2 6
V 13 12 6 3
V 13 16 6 2
H 18 9 1 6
V 18 10 2 1
H 17 8 2 6
V 5 19 2 1
H 5 16 2 4
H 5 15 1 4
V 1 15 12 1
H 11 8 1 8
V 3 11 10 1
V 3 11 6 1
V 3 12 2 1
H 3 9 1 4
H 13 17 3 2
V 2 18 18 1
H 3 15 3 4
H 4 15 2 2
V 1 15 12 1
H 11 10 1 6
V 1 12 12 1
V 1 12 8 1
H 1 11 1 2
H 17 8 1 2
H 5 17 1 2
V 0 18 20 1
H 2 15 4 4
H 0 15 6 2
V 1 15 12 1
H 11 8 1 8
V 3 11 10 2
V 3 11 6 1
H 3 10 1 2
H 17 10 2 2
V 14 11 2 1
V 13 12 4 1
H 15 11 1 8
V 0 18 20 1
H 4 16 3 4
H 3 15 3 2
V 1 15 12 1
H 11 10 2 6
H 4 11 1 2
V 1 12 12 1
H 7 12 1 2
H 19 12 1 2
V 1 12 8 1
V 18 11 2 1
H 18 10 1 2
V 5 18 12 2
V 13 10 2 1
H 14 8 2 12
V 13 12 6 1
H 17 9 1 6
V 4 15 2 5
H 5 16 8 4
H 5 15 1 4
V 1 15 12 1
H 11 12 1 4
V 1 13 12 1
V 1 13 8 1
H 15 14 1 2
V 1 14 6 1
H 18 11 1 2
H 16 13 1 2
H 18 13 2 2
H 6 11 5 4
H 15 11 1 4
V 3 13 6 2
V 2 14 10 1
V 2 14 8 1
V 5 11 2 1
H 14 8 1 2
H 9 11 1 2
V 7 12 6 3
H 11 12 1 4
V 1 15 12 1
H 3 15 3 2
H 6 17 1 2
H 4 16 6 4
H 9 18 1 2
V 3 18 16 1
H 13 8 1 10
H 13 10 2 10
V 13 13 6 1
H 16 10 1 6
V 16 12 2 4
H 16 12 2 2
V 18 14 2 1
V 6 11 6 1
H 6 11 7 2
H 10 12 1 2
V 5 12 4 1
H 4 13 1 2
H 15 10 1 2
V 11 18 8 2
H 14 10 1 10
H 13 9 2 8
V 0 16 8 1
H 5 15 1 2
V 1 15 12 1
V 11 9 2 1
H 11 8 1 8
H 10 9 1 2
V 9 10 4 5
H 9 8 4 6
V 13 19 2 1
H 14 10 1 10
V 2 18 18 1
H 4 16 5 4
H 4 15 2 2
V 1 15 12 1
H 11 14 2 2
V 3 14 10 1
H 7 13 1 2
V 3 14 6 1
V 13 15 6 1
H 15 16 1 2
H 13 13 5 4
H 13 10 2 8
V 17 14 2 1
V 0 16 10 3
H 5 16 2 4
H 5 15 1 2
V 1 15 12 1
V 11 11 2 1
H 11 8 1 8
V 7 11 6 4
V 7 11 2 1
V 2 17 10 2
H 5 15 1 4
V 6 15 2 1
V 1 15 12 1
H 11 13 1 2
H 11 12 2 4
V 5 13 8 2
V 5 13 4 2
V 9 9 2 1
H 13 13 2 6
H 6 17 1 2
V 0 18 16 1
H 5 15 1 2
H 4 16 5 4
H 4 15 2 2
V 1 15 12 1
V 1 16 12 1
V 11 10 2 2
H 11 10 1 6
V 6 12 6 3
V 6 12 4 1
V 6 13 2 1
H 8 11 1 2
H 15 12 1 8
V 13 17 2 1
V 14 14 4 4
V 13 12 2 8
H 13 10 1 10
V 9 15 4 1
H 11 8 1 8
V 10 9 2 1
V 10 12 2 1
V 9 11 4 3
V 8 11 2 1
H 13 13 4 2
H 13 14 4 4
V 13 16 2 1
V 14 16 6 2
V 14 16 4 1
H 13 12 3 8
H 14 11 1 2
H 0 15 3 2
V 0 15 10 1
V 1 15 12 1
H 12 10 1 6
H 11 9 2 6
H 16 13 1 2
H 10 9 1 2
V 9 11 2 1
V 7 13 2 1
V 8 18 4 1
V 9 18 10 2
H 13 16 3 4
V 13 16 6 2
V 14 17 6 1
V 1 15 8 1
V 0 15 12 1
H 11 10 1 6
V 10 10 2 5
H 10 10 2 4
H 12 18 1 2
V 1 19 18 1
H 14 12 1 8
H 14 17 1 2
H 14 12 1 6
V 3 17 6 2
H 5 15 1 4
V 0 15 12 1
H 11 14 2 2
V 6 14 6 1
V 6 14 4 1
H 8 13 1 2
H 8 18 1 2
V 6 18 14 1
H 13 13 1 4
H 13 12 1 8
V 13 13 2 2
V 13 14 4 1
H 15 13 1 2
H 12 11 1 2
H 13 13 2 4
V 15 15 2 1
V 16 19 2 1
H 8 17 1 2
V 5 18 12 2
H 4 16 8 4
H 3 15 3 4
V 1 15 12 1
V 10 13 2 1
H 11 12 1 4
V 9 13 4 2
V 8 13 2 1
V 4 17 4 3
H 5 15 1 4
V 0 15 12 1
H 11 11 1 4
H 11 12 2 4
V 10 11 2 4
H 10 11 2 4
H 13 17 3 2
H 10 18 1 2
V 3 18 16 1
V 4 16 2 1
H 5 16 2 4
H 0 15 6 2
V 1 15 12 1
H 11 14 2 2
V 7 14 6 1
V 7 14 2 1
V 17 17 2 1
V 14 14 2 1
V 14 17 4 1
V 11 12 2 1
H 13 14 2 4
V 13 16 4 2
V 18 19 2 1
V 11 19 8 1
H 13 14 2 6
H 13 14 2 4
H 13 13 1 2
V 10 15 2 1
H 11 12 1 4
H 14 15 1 4
H 13 17 3 2
V 14 18 4 1
V 10 18 4 2
H 13 14 1 6
H 13 14 1 2
V 12 18 4 2
H 14 16 2 4
H 13 15 2 4
V 5 16 4 2
H 0 15 6 2
V 1 15 12 1
H 11 14 2 2
V 9 14 4 1
H 10 13 2 2
V 5 15 2 1
V 10 19 2 1
V 1 17 2 1
V 2 15 4 3
H 4 15 2 4
H 5 16 8 4
V 0 19 18 1
H 13 16 2 4
V 12 18 2 1
V 13 17 4 1
V 13 17 2 1
H 14 16 1 2
H 13 17 1 2
V 0 18 16 1
H 12 17 1 2
H 15 17 1 2
V 4 15 2 5
H 4 15 2 4
H 12 14 1 2
V 1 15 12 1
H 11 14 2 2
V 10 14 2 1
V 6 16 2 3
V 0 18 16 1
V 7 16 2 4
V 1 19 16 1
H 11 14 1 2
V 5 18 10 1
V 2 15 4 3
V 0 15 12 1
H 5 16 7 4
H 6 18 1 2
V 0 19 4 1
V 2 19 14 1
H 7 16 1 2
V 5 17 8 2
H 12 17 1 2
H 5 15 1 2
V 1 15 10 1
V 5 17 2 1
V 0 15 6 3
V 0 16 12 1
H 12 18 1 2
H 0 16 11 2
V 10 19 4 1
V 10 17 2 3
H 10 16 1 4
V 10 19 2 1
V 8 18 2 1
V 9 17 2 3
H 9 16 1 2
V 3 16 2 3
H 0 15 6 2
V 1 15 8 1
V 0 15 6 1
H 3 16 6 2
V 1 17 10 1
H 1 15 1 2
V 0 16 4 3
V 6 17 4 1
V 2 16 2 1
V 3 16 6 1
H 4 15 2 2
V 4 15 4 1
V 1 16 6 3
H 4 18 1 2
H 10 18 1 2
V 1 18 10 1
V 0 17 6 1
H 4 15 1 2
V 3 15 4 1
H 4 16 2 4
V 3 17 6 1
V 7 18 2 1
H 4 18 3 2
V 4 19 6 1
H 4 16 2 4
V 2 16 4 3
V 0 18 6 1
H 3 16 1 2
V 1 17 4 2
V 3 17 4 2
H 6 16 1 4
V 5 17 2 1
H 4 18 3 2
V 1 19 8 1
V 2 17 2 1
V 4 17 2 3
H 4 16 1 4
H 4 15 1 4
V 3 16 2 1
V 3 19 2 1
V 4 19 4 1
V 3 18 2 1
H 4 18 2 2
H 4 16 1 4
V 3 16 2 2
V 3 18 4 1
V 1 19 2 1
V 2 19 6 1
H 4 17 1 2
V 4 19 2 1
H 5 18 1 2
V 5 19 2 1
V 0 19 4 1
