V 14 19 2 1
V 11 7 2 1
H 3 9 1 2
H 11 9 1 2
H 15 9 1 2
H 5 3 1 2
H 3 12 1 2
H 10 10 1 10
H 11 17 1 2
V 8 18 6 1
V 13 10 2 1
V 13 19 2 1
H 13 0 1 20
V 13 6 4 1
H 13 0 1 16
V 13 0 6 3
V 14 0 6 1
V 1 7 2 1
H 2 7 2 8
V 1 14 10 1
H 7 12 1 8
V 7 15 2 1
V 2 18 12 2
H 13 0 1 20
V 13 2 2 1
H 4 0 1 14
H 5 0 2 14
H 13 0 1 14
V 13 0 6 2
V 14 1 6 2
H 2 2 2 10
V 1 6 2 1
H 2 1 1 14
H 8 13 1 2
V 2 14 10 1
V 8 15 2 1
H 7 12 2 8
V 2 18 12 2
H 13 0 1 20
H 13 0 1 16
V 13 0 4 3
V 13 0 6 1
H 12 4 1 2
H 0 6 1 2
H 12 6 1 2
H 11 5 2 4
H 11 0 2 20
V 10 18 4 1
V 13 0 2 1
V 13 12 2 1
H 7 0 4 20
H 13 0 1 20
H 13 0 1 16
V 13 0 4 1
V 14 0 4 3
V 16 2 4 1
H 17 1 1 2
V 4 18 10 2
V 13 0 2 1
H 13 0 1 20
H 13 0 1 12
V 13 2 6 1
V 14 2 6 1
H 12 18 1 2
V 6 18 8 1
H 13 0 1 20
V 13 6 2 3
V 14 2 2 1
H 13 0 2 16
V 13 0 4 3
V 11 1 2 1
H 11 1 1 18
V 10 18 4 2
H 13 0 1 20
V 13 10 2 1
V 13 3 6 7
V 17 7 2 1
H 14 3 4 10
V 17 4 2 1
H 15 12 1 2
V 14 3 6 1
V 0 15 2 5
H 0 15 2 4
H 0 15 2 2
H 10 14 1 2
V 0 15 12 1
V 6 17 2 1
H 7 13 4 6
H 6 17 1 2
V 2 18 12 2
V 12 19 2 1
V 13 3 2 1
H 13 0 1 20
H 13 0 1 12
V 13 1 4 2
V 13 2 6 1
V 15 5 2 1
V 14 0 2 1
V 14 3 2 11
V 14 9 2 1
H 13 0 2 14
V 14 0 2 1
V 14 5 2 1
H 12 13 1 2
V 10 15 2 1
H 11 8 2 12
V 12 18 2 2
H 13 0 1 20
V 13 8 4 5
H 15 12 1 2
V 15 10 2 1
H 15 3 1 10
V 13 3 6 2
H 2 17 9 2
H 2 18 1 2
V 2 18 12 1
H 13 0 1 20
V 13 8 6 1
H 14 10 1 2
H 13 3 5 8
H 18 4 1 2
V 14 4 6 1
H 0 9 1 6
H 1 11 1 2
V 0 12 2 3
V 1 14 12 1
H 7 12 1 8
V 2 18 12 2
H 13 0 1 20
H 13 0 1 12
V 13 1 4 2
H 14 1 1 2
V 14 2 4 1
V 7 1 2 1
V 6 0 2 4
V 8 4 2 1
H 7 0 2 16
V 6 15 2 1
H 7 0 1 20
V 7 8 2 1
V 7 19 2 1
V 2 18 12 2
V 13 8 2 1
H 13 0 1 20
V 13 4 2 12
H 13 1 2 14
V 13 1 4 2
V 17 7 2 1
V 14 6 4 9
H 0 5 1 2
H 19 5 1 2
V 13 6 2 1
V 13 8 2 1
V 14 6 6 4
H 19 5 1 2
H 14 1 1 18
H 13 1 2 6
V 14 1 2 1
V 14 18 6 1
H 14 3 4 16
H 14 4 4 8
V 17 4 2 1
V 1 11 2 1
H 1 11 1 4
H 19 11 1 4
H 2 13 1 2
V 1 14 12 1
H 7 12 1 8
H 7 11 1 2
V 2 18 12 1
V 13 9 2 1
H 13 0 1 20
V 14 9 2 1
V 13 3 2 13
V 14 6 6 3
H 16 3 2 10
V 6 0 2 1
H 5 0 2 14
H 5 0 2 12
V 6 0 2 4
V 7 12 2 1
H 7 0 1 16
V 7 12 2 1
H 7 0 1 20
V 2 18 12 2
H 13 0 1 20
V 13 5 2 9
V 14 9 2 1
H 13 1 2 12
V 13 2 4 1
V 14 2 2 1
V 14 3 2 9
V 14 5 2 1
H 14 1 1 6
V 15 8 4 2
H 14 3 3 12
V 5 8 2 1
H 6 0 1 14
V 6 3 2 1
H 6 0 1 12
V 6 0 2 3
H 7 1 1 12
H 7 0 1 16
H 7 0 1 20
V 2 18 12 2
H 13 0 1 20
H 13 0 1 16
V 16 9 2 10
H 16 10 1 4
V 17 18 2 1
H 15 5 3 14
H 9 14 4 6
V 10 18 4 2
H 13 2 1 18
V 13 7 4 5
H 15 10 1 2
H 14 5 3 6
V 13 6 6 1
H 5 15 8 4
V 4 18 10 2
H 13 2 1 18
V 13 5 4 6
H 15 3 1 12
V 15 4 2 1
V 15 10 2 1
H 2 9 2 6
V 3 14 8 1
V 6 15 2 1
H 7 12 2 8
V 2 18 12 1
V 13 7 2 1
H 13 1 1 18
H 13 1 1 16
H 1 9 3 6
V 1 14 12 1
H 7 11 1 8
V 2 18 12 1
H 13 4 1 14
H 13 2 1 18
V 13 8 6 2
H 15 7 2 4
V 14 7 6 2
H 14 5 3 4
V 1 15 10 1
H 7 13 1 6
H 2 17 1 2
V 2 18 12 1
H 13 3 1 16
V 13 9 4 2
H 15 6 2 6
V 13 7 6 1
H 11 3 2 6
H 7 5 1 2
H 11 5 1 2
V 10 14 2 1
V 11 11 2 1
H 11 0 1 20
V 10 18 4 2
H 13 9 1 4
H 13 4 1 16
V 12 18 2 1
V 13 3 2 13
H 15 5 1 10
V 14 10 6 2
H 16 6 2 8
H 0 1 1 14
V 0 14 2 1
V 1 14 12 1
V 10 16 2 1
V 6 18 2 1
H 10 14 1 2
H 7 11 4 8
H 13 17 1 2
V 2 18 12 1
H 13 3 1 16
V 13 10 4 1
H 13 4 3 12
V 5 7 2 1
H 6 0 1 14
V 6 0 2 4
V 6 15 2 1
H 7 0 2 14
H 7 0 3 20
V 2 18 12 2
H 7 17 1 2
H 13 4 1 16
H 15 9 1 2
V 13 10 6 2
H 14 8 4 4
V 14 8 6 1
V 16 10 2 1
V 15 6 2 11
H 16 6 1 2
H 3 11 1 2
H 1 9 3 6
H 8 13 1 2
V 0 14 12 1
V 7 18 2 1
H 7 11 1 8
V 2 18 12 2
H 13 3 1 16
V 13 10 6 3
H 15 9 3 2
H 15 5 1 8
V 14 9 6 1
H 1 3 3 12
H 0 13 1 2
H 2 2 1 2
V 0 14 10 1
V 7 15 2 1
H 7 12 1 8
V 2 18 12 2
H 13 3 1 16
V 13 11 2 1
H 13 3 1 14
V 4 0 6 4
V 7 3 2 1
V 7 12 2 1
H 7 0 1 16
V 7 9 2 1
H 7 0 3 20
V 2 18 12 1
H 13 4 1 16
V 13 4 2 12
H 13 4 2 12
V 14 5 2 1
H 13 6 3 6
V 13 10 6 3
H 13 4 1 12
V 13 11 2 1
H 14 5 1 14
H 9 11 1 8
V 6 18 8 2
H 13 5 1 14
H 0 15 2 2
H 12 15 1 2
H 14 15 1 2
V 13 6 2 10
V 18 10 2 1
H 17 12 1 2
V 13 10 6 3
H 16 10 1 6
H 13 8 5 6
V 1 15 12 1
H 3 15 1 2
H 7 14 4 6
V 2 18 12 1
H 13 5 1 14
V 15 12 2 1
V 13 11 6 3
V 14 11 6 3
H 7 10 1 2
H 19 10 1 2
H 0 7 1 8
V 0 12 2 3
V 0 15 2 5
H 7 14 1 2
V 0 14 12 1
V 3 16 6 1
H 7 11 1 8
V 2 18 12 1
H 13 5 1 14
V 13 11 6 2
H 14 10 1 4
H 14 7 3 8
H 15 7 1 12
V 13 10 4 3
H 13 8 1 12
V 2 18 12 2
V 7 3 2 1
V 7 10 2 1
H 7 0 1 20
V 6 15 2 1
V 9 0 2 1
H 7 0 3 16
V 4 0 6 4
H 4 0 1 12
H 4 0 1 14
V 4 0 2 4
H 4 1 1 6
H 4 1 1 12
V 7 1 2 2
V 5 0 6 4
V 5 0 2 11
H 4 0 1 8
H 5 0 2 8
H 5 0 2 14
H 7 6 3 4
V 6 2 2 1
H 7 0 1 20
V 2 18 12 2
H 13 6 1 14
V 13 11 6 2
H 15 13 1 2
H 15 8 2 6
V 4 0 6 3
H 7 0 2 16
V 6 3 2 1
H 7 0 1 20
V 2 18 12 1
H 13 6 1 14
V 14 11 2 1
V 13 9 2 7
V 14 13 2 1
H 14 6 1 10
V 4 3 2 1
H 5 0 2 12
V 6 0 2 4
H 7 0 1 16
H 7 0 1 20
V 2 18 12 1
H 13 6 1 14
V 13 7 2 6
V 14 11 6 3
H 16 9 2 4
H 0 0 1 10
H 4 0 1 10
H 0 1 1 14
V 0 12 2 3
V 0 14 12 1
H 7 11 1 8
V 2 18 12 1
H 13 6 1 14
V 13 11 6 3
H 15 13 1 2
V 14 11 6 3
V 17 11 2 8
H 14 10 4 8
H 13 10 5 6
V 15 11 2 4
V 14 12 6 1
H 19 12 1 6
H 15 15 1 2
H 14 13 6 6
V 4 0 6 4
H 7 3 1 10
V 7 18 2 1
H 7 0 1 20
V 2 18 12 1
V 12 19 2 1
H 13 8 1 12
V 16 11 2 1
V 13 11 4 5
V 13 11 6 5
H 18 11 1 2
H 4 1 1 10
H 4 0 1 10
V 4 0 6 4
H 7 0 2 16
V 6 14 2 1
H 7 0 1 20
V 13 8 2 1
V 13 19 2 1
V 2 18 12 2
H 13 8 1 12
V 13 12 6 4
V 14 12 6 3
H 5 10 1 2
H 17 13 3 4
V 2 3 2 1
V 2 15 2 1
V 3 15 6 4
V 2 18 12 1
V 12 19 2 1
H 13 12 1 8
V 13 12 6 4
H 16 11 1 8
V 15 12 4 7
H 11 5 1 2
H 11 6 2 4
H 11 0 2 20
V 12 18 2 2
H 13 7 1 12
H 13 7 1 10
V 4 0 4 4
H 7 2 3 10
H 7 0 2 20
V 2 18 12 2
H 13 8 1 12
V 14 13 2 1
V 13 11 4 5
H 15 9 1 6
H 6 6 1 6
H 5 0 2 10
V 6 0 2 4
H 7 0 1 16
H 7 0 1 20
H 10 18 1 2
V 2 18 12 1
H 13 9 1 10
V 13 13 6 3
H 16 10 1 8
V 14 16 6 2
V 15 10 2 1
V 16 12 2 7
H 19 14 1 2
H 17 12 1 2
H 6 6 1 6
V 4 18 10 1
H 13 9 1 10
V 14 14 2 1
V 13 9 2 7
H 14 9 1 8
V 8 19 10 1
H 13 10 1 10
V 15 14 2 1
V 13 13 6 3
H 14 12 3 6
V 15 14 4 4
V 0 12 2 3
H 0 13 4 2
H 12 13 1 2
V 0 14 12 1
V 10 16 2 1
H 7 12 4 8
V 10 14 2 1
H 4 17 1 2
V 2 18 12 2
H 13 9 1 10
V 13 13 4 3
V 13 13 6 3
H 0 15 2 4
H 11 15 1 2
V 0 15 12 1
V 7 5 2 1
H 7 0 1 20
V 7 15 2 1
H 7 0 1 10
V 5 0 4 4
H 5 0 2 10
H 5 1 1 10
H 1 4 1 6
H 0 1 1 14
H 1 1 1 14
V 1 14 12 1
H 7 11 4 8
H 4 18 1 2
V 2 18 12 1
H 13 11 1 8
V 13 14 6 2
H 16 15 1 2
H 14 14 4 4
H 9 16 1 2
H 15 16 1 2
V 14 15 6 2
V 15 12 2 7
H 15 11 1 2
V 5 0 2 9
H 5 3 2 4
H 6 1 1 10
H 2 17 11 2
V 10 18 4 2
H 13 14 1 6
V 13 14 6 2
V 14 15 6 1
V 9 4 2 1
V 9 7 2 2
H 7 3 3 16
V 6 18 8 1
H 13 9 1 10
V 13 13 4 3
V 14 13 4 5
H 8 16 1 2
H 8 14 1 6
H 4 17 1 2
V 4 18 10 2
H 13 10 1 10
H 13 9 1 8
H 11 7 2 2
H 11 0 2 20
V 10 18 4 1
H 13 13 1 6
V 13 15 6 1
H 15 13 2 6
V 4 16 4 4
H 7 0 4 20
H 2 0 1 12
H 7 0 4 12
V 4 0 6 1
H 4 0 1 8
H 4 1 1 8
H 10 9 1 10
V 8 18 6 1
V 11 19 6 1
H 13 12 1 8
V 13 13 4 3
H 14 12 2 6
V 14 14 4 4
V 12 18 2 1
H 13 13 1 6
V 2 18 12 1
V 6 15 2 1
H 7 0 2 20
V 8 8 2 1
H 7 0 4 16
V 4 0 4 4
H 5 0 1 8
H 6 4 1 2
H 5 0 2 10
V 0 14 12 1
H 11 14 1 2
H 2 13 1 2
V 1 14 12 1
H 11 0 2 20
H 11 0 2 8
V 15 14 2 4
H 14 13 2 6
H 13 13 3 2
V 13 14 4 2
V 14 14 4 3
V 11 1 2 12
H 11 9 1 2
V 11 5 2 1
H 11 0 1 20
V 11 3 2 1
H 11 0 1 4
V 17 15 2 1
H 7 6 1 10
V 8 14 2 1
V 0 14 12 1
H 7 11 1 8
V 2 18 12 1
H 13 11 1 8
V 13 14 4 2
H 14 14 3 4
V 14 15 4 2
H 9 2 2 12
H 10 0 1 20
V 8 18 6 2
H 13 13 1 6
V 13 12 2 4
V 13 14 4 2
H 14 14 3 4
H 1 2 1 6
H 1 1 1 14
V 0 14 12 1
H 7 12 3 8
V 2 18 12 2
H 13 11 1 8
V 13 12 2 4
H 14 11 1 6
V 6 0 2 4
V 5 0 6 3
H 10 3 1 2
H 5 0 6 4
H 7 17 6 2
V 8 18 6 2
H 13 11 1 8
V 13 12 2 4
H 13 12 2 4
H 8 13 1 2
H 7 8 3 12
H 11 18 1 2
V 6 18 8 1
H 13 13 1 6
V 13 14 4 2
H 14 14 2 4
V 2 15 4 5
V 2 19 18 1
H 13 12 1 8
V 13 13 2 3
V 13 14 4 2
H 16 15 1 2
H 3 1 1 14
V 0 14 8 1
V 7 16 6 1
H 7 12 3 8
V 2 18 12 2
H 13 13 1 6
V 13 13 2 3
H 14 13 1 6
H 0 13 4 2
V 0 14 8 1
H 7 11 2 8
V 2 18 12 1
H 13 11 1 8
H 13 16 1 2
H 13 11 1 6
H 2 1 1 14
V 0 14 10 1
V 6 15 2 1
H 7 12 2 8
V 2 18 12 1
H 13 13 1 6
H 15 14 1 2
V 13 15 4 1
H 14 13 2 4
H 5 0 5 2
V 4 1 6 1
V 8 5 2 1
V 7 3 4 1
H 7 0 2 10
V 5 0 4 1
H 10 14 3 6
V 9 18 2 1
V 12 18 2 2
H 13 13 1 6
V 13 13 2 3
V 13 15 4 1
H 9 17 1 2
V 4 18 10 2
H 13 13 1 2
H 13 14 1 6
V 13 13 2 3
V 14 14 2 3
H 15 15 1 2
V 6 18 2 1
H 7 12 2 8
V 4 18 10 2
H 13 13 1 6
V 13 13 2 3
H 14 13 1 4
H 1 5 3 10
V 0 14 8 1
V 7 10 2 1
V 7 12 2 1
H 7 0 1 20
H 7 3 4 2
V 4 3 6 1
V 4 2 2 1
H 4 2 1 4
V 0 14 2 1
H 1 9 3 6
V 0 14 6 1
H 10 7 1 12
V 1 14 12 1
H 7 10 4 10
H 7 18 1 2
V 3 19 16 1
H 0 16 2 4
H 0 15 2 4
V 1 15 10 1
H 4 15 1 2
V 1 15 12 1
H 11 10 1 2
H 11 3 2 16
H 11 3 2 8
H 1 5 3 4
H 2 1 2 14
V 2 14 10 1
H 7 0 2 20
H 6 3 1 2
H 7 3 4 2
V 5 2 4 2
H 5 1 2 6
H 2 3 1 12
H 6 6 1 2
V 14 15 2 1
V 5 1 2 5
H 6 3 1 4
H 9 14 3 6
V 10 18 4 2
H 13 13 1 6
V 13 14 2 2
H 14 15 1 2
H 3 15 10 4
V 12 18 2 2
H 13 13 1 6
V 13 14 2 2
H 14 14 1 2
V 11 9 2 1
H 11 8 2 4
H 12 11 1 2
H 12 4 1 16
V 12 18 2 2
H 13 13 1 6
H 13 13 1 4
V 5 3 6 1
H 5 2 1 2
H 7 0 1 4
V 6 2 4 2
H 8 8 2 2
H 7 3 3 6
V 4 3 6 1
H 5 3 1 2
V 7 4 4 15
H 7 0 1 20
H 11 10 1 2
H 11 9 2 2
H 11 4 1 16
V 10 18 4 1
H 13 14 1 6
H 13 14 1 2
V 5 17 8 1
H 11 5 2 14
H 11 5 2 10
V 15 19 2 1
V 6 1 2 2
V 9 4 2 1
H 9 4 1 2
V 7 12 2 1
V 10 14 2 1
H 8 10 2 10
V 2 19 14 1
V 7 16 2 1
V 8 14 4 6
H 11 6 1 14
H 11 5 1 4
V 0 15 2 5
H 0 15 1 2
H 8 14 1 2
V 0 15 12 1
H 7 1 1 18
V 6 3 2 1
H 7 9 1 6
H 7 1 1 10
V 13 19 2 1
V 2 18 12 2
V 7 13 4 1
H 7 2 1 18
H 7 2 1 12
V 6 3 2 1
H 6 3 1 2
H 0 4 1 4
H 0 1 1 14
V 0 13 2 2
V 1 14 12 1
H 7 11 1 8
V 2 18 12 2
H 13 15 1 4
H 13 15 1 2
H 2 0 2 14
H 2 1 2 14
H 9 14 1 2
H 12 14 1 2
V 1 14 10 1
V 7 19 2 1
H 7 2 1 18
V 8 5 2 1
V 8 18 2 1
H 7 3 2 4
V 5 3 4 1
H 11 6 1 2
H 9 4 1 2
V 11 16 2 1
V 2 16 10 2
H 8 4 1 16
H 7 3 2 10
H 0 5 1 10
H 0 4 1 2
V 0 14 12 1
V 1 14 12 1
H 12 10 1 4
H 12 7 1 12
H 12 7 1 2
H 13 17 1 2
V 2 18 12 2
H 7 16 1 2
H 7 14 3 6
V 0 15 12 1
V 0 15 2 5
V 1 15 4 1
H 0 15 2 4
H 0 16 2 4
H 7 3 1 2
H 7 11 1 2
H 7 4 2 16
H 8 4 1 8
H 8 8 1 12
H 13 17 1 2
H 8 7 1 2
V 4 18 10 1
H 13 17 1 2
V 8 5 2 1
H 1 0 1 10
V 1 8 2 1
H 1 1 1 14
H 8 14 1 2
V 1 14 12 1
V 2 15 8 1
H 7 14 3 2
V 0 15 12 1
H 6 15 1 2
V 0 12 2 2
V 0 15 2 4
H 0 15 2 2
V 0 15 10 1
H 0 15 2 4
H 8 6 1 2
V 7 5 2 7
V 11 10 2 1
H 12 9 1 10
H 12 9 1 2
V 5 19 2 1
V 6 15 2 5
V 2 18 12 1
H 3 18 1 2
V 10 14 2 5
V 11 15 2 2
H 11 8 1 12
V 9 17 2 1
H 10 15 1 2
H 10 16 2 4
V 0 15 6 1
H 0 15 2 2
H 8 6 1 12
V 7 9 4 7
V 7 12 2 1
H 7 5 1 12
V 10 14 2 1
H 10 9 1 10
V 9 14 4 5
V 3 14 6 1
H 7 10 1 10
V 4 18 4 1
V 3 15 8 5
H 7 7 2 6
H 7 6 1 2
H 12 11 1 6
H 11 11 1 8
V 11 17 2 1
H 0 12 1 2
H 2 12 1 2
H 0 13 4 2
V 0 14 12 1
H 7 14 6 2
V 0 15 2 1
V 1 15 12 1
V 0 15 2 1
V 3 18 2 1
H 0 0 1 12
H 0 1 1 14
H 0 7 1 2
V 0 14 10 1
H 11 14 1 2
H 2 5 1 10
V 0 14 12 1
H 11 10 1 8
H 7 8 2 2
V 8 9 2 2
V 7 14 6 1
H 11 13 2 4
V 2 15 10 2
H 2 15 1 2
H 7 15 1 2
V 2 16 6 1
V 9 18 2 1
H 7 10 1 8
H 12 13 1 2
V 3 14 10 1
H 11 12 2 4
H 2 0 2 12
H 2 1 2 14
V 0 14 6 1
V 0 14 12 1
H 11 12 1 6
V 2 15 4 1
V 7 9 2 1
V 7 13 2 7
H 7 8 1 2
H 7 14 2 6
H 8 11 1 8
V 6 15 4 4
V 7 17 2 1
H 7 12 1 8
V 6 19 2 1
V 8 14 4 3
H 7 9 2 10
H 11 12 1 4
V 10 14 2 1
H 7 11 4 6
H 4 16 1 2
H 7 16 1 2
V 1 8 2 1
H 0 5 1 4
H 0 1 1 14
V 9 17 2 1
V 2 0 2 2
H 7 9 1 4
V 7 15 2 1
H 7 11 1 6
V 3 14 10 1
V 4 16 6 1
V 4 16 4 1
H 1 5 3 10
V 2 14 10 1
H 2 13 1 2
H 10 13 1 2
H 8 11 1 8
V 0 13 2 1
H 2 10 1 2
H 1 11 2 4
V 0 14 6 1
H 8 14 1 2
H 1 13 1 2
V 0 14 12 1
H 11 14 1 2
V 8 14 4 1
V 8 11 2 1
H 8 10 1 8
V 2 11 2 1
H 3 7 1 8
V 2 14 8 1
H 7 12 1 6
V 5 16 4 2
V 3 14 2 1
V 2 14 4 1
H 3 1 1 14
H 0 6 1 2
H 0 1 1 14
V 0 14 6 1
H 9 14 1 2
V 0 14 12 1
H 9 12 1 6
V 1 7 2 1
H 2 1 1 8
H 2 0 1 2
H 2 1 1 14
V 2 14 4 1
V 0 14 12 1
H 7 13 4 4
H 3 13 1 2
V 0 14 12 1
H 2 1 1 14
H 2 0 1 14
H 7 13 4 2
H 7 12 2 6
H 7 10 1 6
V 1 7 2 1
V 2 2 2 13
V 1 3 2 11
V 1 11 2 1
H 1 1 1 14
H 1 0 1 6
V 0 12 4 3
H 1 11 3 4
V 5 14 2 1
V 1 14 10 1
H 7 14 2 2
V 4 15 6 1
V 6 14 2 1
V 6 15 2 1
H 7 11 1 4
V 7 15 2 2
H 7 16 1 2
V 7 16 2 1
V 5 15 4 1
V 8 13 2 1
H 7 12 2 4
V 8 13 2 3
H 9 13 1 2
H 0 4 1 2
H 0 1 1 12
H 0 1 1 14
V 1 14 8 1
V 0 14 4 1
V 0 14 10 1
H 7 12 1 2
H 7 13 1 4
V 6 14 2 1
V 6 16 2 1
H 0 0 1 14
H 0 1 1 14
V 0 14 6 1
H 1 2 1 2
H 1 3 3 12
H 3 3 1 10
H 1 2 1 2
V 7 13 2 2
H 7 14 2 2
V 6 15 2 1
H 8 13 1 2
H 1 5 3 6
V 1 13 2 1
H 1 3 1 12
V 0 12 4 3
H 7 14 1 2
V 0 14 8 1
H 7 13 1 4
V 2 7 2 8
H 1 4 2 6
V 0 14 2 1
H 1 11 3 4
V 0 14 8 1
H 7 14 1 2
H 1 7 3 6
H 3 6 1 2
H 3 7 1 8
V 3 14 2 1
H 3 11 1 4
V 1 14 8 1
H 3 6 1 2
H 2 7 2 4
H 1 5 2 2
H 3 13 1 2
V 1 14 6 1
H 1 7 2 8
H 1 6 2 8
H 1 6 1 2
V 1 8 2 1
V 2 8 2 1
V 3 14 2 1
H 1 9 3 6
V 2 14 4 1
H 0 11 1 2
V 0 12 2 1
H 1 7 1 8
H 1 7 1 2
H 0 2 1 10
H 0 1 1 8
H 0 1 1 14
V 1 13 2 1
V 0 12 2 2
V 0 12 4 2
H 1 9 3 6
V 1 9 2 1
V 2 11 2 4
H 0 6 1 2
H 0 3 1 4
H 0 0 1 14
V 0 12 2 3
H 1 8 1 6
H 1 8 1 2
V 1 10 2 3
H 2 11 2 2
H 1 9 1 4
H 1 13 1 2
H 1 10 1 2
V 0 12 2 1
H 0 1 1 14
V 0 12 2 1
V 0 12 4 1
H 0 9 1 6
V 1 12 2 1
V 0 12 2 2
H 1 10 1 4
H 1 11 1 2
V 0 12 2 2
H 0 6 1 6
H 0 7 1 4
H 0 3 1 6
H 0 0 1 6
H 0 1 1 6
H 0 1 1 2
H 0 1 1 4
H 0 1 1 2
