V 18 2 2 1
V 14 8 2 1
H 9 0 1 2
H 10 5 1 2
V 9 11 2 1
V 9 18 2 1
H 9 2 1 2
V 0 1 20 1
V 0 0 2 4
H 11 16 1 2
H 0 1 13 16
H 0 0 5 20
V 9 16 2 1
V 0 10 20 9
H 10 8 1 2
V 0 9 12 10
H 0 17 1 2
V 0 5 8 2
H 1 3 15 8
V 2 0 2 1
V 2 5 2 1
H 1 0 2 20
H 7 7 1 2
H 14 7 1 2
V 3 16 10 1
V 0 8 20 7
H 8 10 1 10
H 9 5 1 8
H 3 14 1 2
V 0 12 14 2
H 10 11 1 2
H 0 0 1 18
V 0 6 2 1
H 0 0 9 8
H 8 0 1 2
V 3 0 14 1
V 3 14 14 1
V 11 1 2 1
H 9 0 3 18
V 10 8 2 1
H 10 0 1 20
V 10 12 2 1
V 2 16 18 4
H 1 11 8 8
V 0 14 14 1
H 0 12 4 6
V 1 2 2 1
V 1 7 2 1
V 0 1 4 9
H 1 0 2 14
V 0 9 2 1
H 4 18 14 2
V 2 18 18 1
H 10 5 1 2
H 18 5 2 4
V 7 3 12 3
H 16 4 1 10
H 9 5 10 8
V 9 4 10 1
V 8 17 12 1
H 16 0 3 20
V 18 8 2 1
V 12 5 2 1
H 13 0 1 20
H 2 0 12 8
V 8 0 12 2
V 6 2 2 1
H 5 7 1 4
V 2 1 10 7
H 0 3 1 8
H 0 6 10 4
V 1 10 2 1
H 2 0 1 20
H 9 0 1 20
H 11 9 1 2
V 0 9 18 1
H 0 1 1 16
V 0 6 4 6
V 1 12 2 1
V 3 7 2 1
H 2 1 1 18
H 7 15 1 2
H 4 16 13 4
H 10 16 1 2
V 1 17 14 1
H 4 18 1 2
V 6 19 2 1
H 9 0 4 12
H 8 1 1 2
V 6 1 14 1
H 5 7 14 12
V 4 17 16 1
V 0 8 8 7
V 3 18 2 1
H 3 10 1 10
V 3 18 16 1
H 16 16 1 2
H 3 15 16 4
V 0 12 8 5
V 18 3 2 5
H 15 4 4 10
V 17 7 2 1
H 18 1 1 18
V 0 11 20 1
V 2 13 2 1
H 1 1 2 16
H 8 4 1 2
H 6 2 1 2
H 1 1 17 4
V 15 19 2 1
V 12 15 4 1
H 4 15 10 4
H 4 8 1 4
V 1 10 6 7
H 3 17 1 2
V 2 15 6 3
V 9 4 2 1
V 0 4 10 1
H 0 3 1 2
H 15 3 1 2
V 12 9 8 7
H 7 13 13 4
H 13 8 1 2
H 18 8 1 2
H 3 9 1 10
V 5 14 2 1
V 0 14 6 2
H 3 11 1 8
V 7 11 10 5
H 16 6 1 14
H 17 16 1 2
V 15 12 4 5
H 15 9 3 10
V 10 1 2 1
V 7 0 4 19
H 8 1 5 10
H 8 3 1 2
V 3 1 16 3
V 8 18 2 1
H 8 0 1 20
V 1 5 10 3
H 3 0 9 14
V 9 0 2 2
H 7 6 1 2
V 2 6 12 1
H 6 5 1 2
H 2 1 5 10
V 4 13 6 6
V 4 0 4 6
H 4 0 5 6
V 1 4 6 2
H 1 3 11 4
V 5 15 2 1
V 6 13 12 5
V 3 9 16 1
V 6 9 4 1
V 8 11 2 1
H 9 4 2 12
V 2 15 18 1
V 1 6 2 4
H 2 2 1 14
V 16 3 4 5
H 17 1 1 12
V 17 4 2 4
H 18 2 1 6
V 5 13 2 1
H 5 12 1 8
V 0 14 10 1
H 2 15 17 2
H 7 14 1 2
V 1 15 16 1
V 15 7 2 12
H 16 1 1 18
H 14 13 1 2
V 6 13 14 1
V 15 10 2 1
H 16 0 1 18
H 15 0 2 8
H 1 8 2 2
V 0 9 20 1
V 4 7 4 3
H 5 0 1 20
V 2 3 2 14
H 2 3 1 2
V 0 6 2 7
H 1 7 3 8
V 4 2 2 1
V 3 2 2 14
H 3 9 1 8
H 5 15 8 2
V 2 15 10 1
V 17 5 2 1
H 16 2 2 12
H 0 6 3 6
V 0 12 12 1
H 0 6 6 8
H 5 9 1 10
V 5 2 6 6
H 5 0 1 8
H 9 13 3 6
H 12 15 1 2
V 3 15 16 1
V 13 10 4 7
H 5 14 1 4
H 16 14 1 4
H 19 13 1 2
V 3 2 4 8
V 3 5 2 1
V 3 7 2 1
H 4 2 2 14
H 4 2 1 16
V 2 5 18 1
V 15 4 2 1
H 16 3 2 8
H 16 6 1 2
H 17 3 1 14
V 0 11 6 1
V 0 11 20 1
H 14 4 1 16
H 8 4 1 2
H 18 4 1 2
V 5 10 2 1
V 15 11 2 1
V 6 5 10 12
V 10 2 2 1
H 11 0 1 20
H 15 1 1 4
V 5 3 14 1
V 0 9 20 1
H 16 8 1 2
V 1 9 16 1
H 7 8 1 2
H 1 4 4 10
H 3 12 9 4
V 0 11 6 2
V 8 6 10 10
V 2 9 6 1
V 3 3 12 9
V 1 5 4 9
V 8 13 12 1
H 6 1 3 2
V 5 2 12 1
V 14 1 2 1
H 13 0 2 4
H 4 13 1 2
H 18 13 1 2
V 1 11 6 3
V 3 8 2 1
H 5 2 1 14
H 4 3 2 14
V 0 6 8 2
V 9 2 8 6
H 16 2 1 10
V 14 2 2 1
V 2 5 4 3
H 5 2 1 16
V 1 11 8 3
H 16 11 1 2
V 10 10 8 2
H 13 2 1 18
H 9 10 1 2
V 6 11 8 8
V 5 15 2 1
H 6 0 1 18
V 11 14 2 1
H 11 0 1 20
H 12 16 1 2
V 8 17 8 1
V 9 15 6 1
H 13 12 1 2
H 12 13 3 6
H 6 4 11 10
V 5 4 14 1
H 14 2 1 14
V 4 8 14 1
H 17 3 1 10
H 13 8 1 2
V 0 8 14 1
H 4 8 14 2
V 6 1 2 1
H 7 0 1 20
V 4 3 2 1
H 5 2 10 2
V 4 3 4 4
H 10 0 4 4
H 5 3 11 2
V 14 4 4 7
V 2 11 8 3
V 0 7 4 4
H 3 7 1 8
V 8 7 2 13
V 7 13 2 1
H 8 6 1 14
V 4 4 2 1
H 5 3 11 6
V 7 5 12 1
V 3 4 14 2
H 3 4 14 2
V 5 7 2 1
V 2 5 4 8
V 8 11 12 1
H 6 8 11 8
V 5 15 2 1
V 6 13 10 3
H 12 10 1 10
H 5 6 11 4
H 13 1 1 18
H 13 2 1 10
V 11 3 6 1
V 10 11 10 1
H 19 11 1 2
H 3 6 2 6
V 0 11 8 1
V 6 11 2 1
H 6 2 1 16
V 5 13 2 1
H 6 1 1 12
H 6 2 1 2
V 5 8 2 1
H 14 2 1 12
H 14 2 1 16
V 2 6 2 1
V 2 7 4 1
V 2 9 4 4
V 0 9 20 2
V 14 8 2 1
V 14 11 2 1
H 15 3 1 14
H 2 6 1 2
H 5 6 1 2
V 18 6 2 1
V 15 6 4 1
V 9 14 2 4
H 9 14 1 6
H 12 0 1 4
V 11 2 4 1
H 13 2 1 2
H 11 0 2 6
V 5 3 8 2
H 8 0 1 6
H 4 13 13 2
V 12 5 6 9
H 3 5 1 2
H 7 5 1 2
H 7 4 8 2
V 10 5 8 2
H 8 15 4 4
V 8 15 8 1
V 14 13 2 1
H 14 4 1 4
H 12 12 1 2
V 12 5 4 8
H 14 3 2 10
V 1 9 12 3
H 2 9 3 4
H 7 6 6 12
H 9 11 4 8
V 6 16 6 1
V 3 6 8 1
H 3 5 1 2
V 5 5 12 2
V 7 1 2 16
H 7 1 2 8
H 16 5 1 10
V 14 9 6 3
H 6 13 1 2
V 3 8 4 6
V 5 9 2 1
H 5 3 1 12
H 5 3 9 8
H 15 6 1 2
V 8 7 10 6
H 12 0 1 14
H 13 3 2 14
V 3 12 14 1
H 3 12 1 2
H 5 10 1 2
H 7 10 1 2
V 1 11 18 1
H 3 11 1 2
V 1 9 8 3
H 6 7 1 4
V 2 7 18 1
H 7 6 1 2
H 12 6 1 2
V 4 10 8 1
H 2 7 1 2
H 4 7 14 2
H 6 7 1 8
V 0 8 10 2
H 10 2 1 16
V 0 10 20 1
V 0 9 2 1
V 0 9 20 1
H 11 0 1 20
V 6 3 2 9
H 7 2 1 2
V 10 1 2 14
V 11 1 2 1
H 13 4 3 4
V 6 3 4 2
H 8 1 1 4
H 13 15 1 2
V 9 4 6 12
H 9 13 1 2
H 8 14 5 4
V 4 5 10 8
H 5 11 13 2
V 2 8 6 4
H 2 9 1 2
V 3 8 4 4
H 5 5 4 10
V 6 3 2 12
H 6 14 1 2
H 7 9 2 8
H 3 8 1 2
H 6 8 1 2
H 5 5 12 4
V 2 7 8 1
H 5 10 1 2
V 5 5 12 6
H 16 5 1 2
H 5 6 1 4
V 0 9 10 1
H 9 12 1 2
V 9 10 2 3
V 3 11 16 1
H 11 10 7 2
V 6 10 14 1
V 10 7 2 1
H 10 1 1 18
V 10 18 2 1
V 5 6 10 4
H 13 3 1 2
H 5 4 9 4
V 11 4 2 1
V 13 13 2 1
H 12 4 2 12
V 9 7 2 1
V 10 6 8 5
V 5 5 8 4
H 11 7 1 2
V 3 7 16 1
H 6 3 1 12
V 5 9 4 2
H 8 2 1 16
V 8 2 2 15
H 9 15 2 4
H 9 6 5 8
V 12 7 6 3
H 16 6 1 8
V 3 10 16 1
V 3 10 4 3
H 3 9 5 4
H 17 11 1 2
V 7 12 2 3
H 7 14 1 2
H 6 10 1 2
H 9 10 1 2
H 5 7 13 4
V 3 10 6 1
H 3 10 1 2
V 8 2 4 15
H 8 9 2 8
H 7 13 1 2
H 8 12 1 2
H 8 14 1 2
V 7 14 8 1
V 8 12 2 1
H 10 14 1 2
H 9 12 3 6
H 8 4 1 4
V 5 6 8 3
H 5 5 1 2
V 11 8 4 2
H 13 4 2 8
V 9 4 2 10
H 10 0 1 12
H 8 8 9 2
V 1 9 14 1
H 3 7 1 4
V 14 9 2 1
H 6 7 9 6
V 4 10 6 3
V 9 9 10 2
H 15 5 1 8
V 9 6 2 1
V 14 9 2 1
H 10 3 1 16
V 10 16 2 1
V 10 7 6 6
V 13 5 2 1
V 13 14 2 1
H 9 3 5 8
H 11 2 1 2
V 5 12 2 1
V 6 6 4 7
H 7 3 1 6
V 6 4 8 3
V 10 6 2 1
H 6 4 5 4
V 11 6 4 5
H 13 6 1 10
H 5 8 12 2
H 11 9 1 2
V 8 9 12 1
V 8 11 4 5
H 8 4 1 10
H 9 11 1 2
V 6 9 12 3
V 8 15 2 1
H 10 1 1 2
H 6 5 1 4
V 15 8 2 4
H 16 7 1 2
H 15 9 1 4
V 16 9 2 1
H 6 8 11 4
V 16 10 2 1
V 5 7 4 5
H 5 9 2 4
H 7 4 2 8
V 9 9 6 4
H 14 12 1 2
V 12 6 2 1
V 12 8 2 1
V 14 6 2 1
V 14 10 2 1
V 13 5 2 5
H 14 5 1 8
V 12 6 2 8
V 12 10 2 1
H 13 5 1 10
H 12 13 1 2
V 14 9 2 1
H 13 8 2 4
V 11 9 8 1
H 7 8 2 6
H 10 10 1 2
V 3 10 8 1
H 5 9 3 2
V 2 9 6 1
H 5 10 1 2
V 8 10 2 1
V 9 6 2 5
H 9 9 2 2
H 9 5 1 12
V 7 5 2 2
H 7 5 3 8
H 7 5 1 10
V 8 10 2 1
H 9 8 2 8
V 3 9 14 1
H 3 8 1 2
H 10 6 1 2
H 5 7 10 2
H 14 9 1 2
V 8 9 2 1
V 9 8 8 2
V 6 7 2 1
H 10 3 1 12
V 8 11 6 3
H 8 12 3 2
V 6 11 4 2
V 7 7 6 2
H 9 8 1 2
V 6 8 10 1
V 7 6 4 4
H 8 4 3 8
H 9 4 1 2
H 10 2 1 2
H 7 9 6 4
H 10 4 2 4
V 11 5 2 1
V 8 13 4 1
H 9 13 1 2
H 9 11 5 2
V 6 11 6 1
H 11 7 5 2
V 14 8 2 1
V 9 7 6 2
H 9 7 4 2
H 6 8 1 2
H 11 8 1 2
V 8 9 8 1
H 10 7 2 6
V 10 9 4 4
H 10 12 1 2
V 11 12 2 2
H 11 11 1 4
H 14 9 1 2
V 4 9 12 1
V 4 9 8 1
V 10 6 2 1
V 10 11 2 1
V 9 6 2 6
H 10 3 1 10
H 10 3 1 4
H 11 9 1 2
V 10 8 4 2
H 12 6 1 8
V 6 9 4 2
V 10 5 2 7
H 10 4 1 2
H 10 5 2 4
H 7 9 6 2
V 5 9 4 1
V 11 9 2 4
V 10 12 2 1
H 11 7 2 6
H 12 10 1 2
H 10 8 4 2
V 10 9 6 1
H 8 6 1 6
H 8 6 1 2
V 8 11 2 1
V 6 8 2 1
H 11 11 1 2
H 11 7 1 4
V 11 7 2 1
H 10 5 1 8
H 10 5 1 4
H 8 8 1 2
H 10 8 3 2
V 10 7 2 5
H 11 7 1 2
V 11 8 2 1
H 10 8 2 4
V 9 10 2 1
V 10 10 2 1
V 8 9 2 1
H 11 8 1 2
V 11 9 2 1
V 10 9 4 1
V 7 9 6 1
H 12 8 1 2
V 9 9 2 1
H 10 9 1 4
V 9 9 2 1
H 10 9 1 2
