H 8 13 1 2
V 11 0 2 1
V 11 18 2 1
H 10 15 1 2
V 5 10 2 1
V 18 12 2 1
V 6 11 2 1
V 6 14 2 6
V 3 13 2 1
V 0 11 20 3
H 14 13 1 2
V 0 9 4 4
H 0 2 2 12
H 7 4 1 2
V 1 5 12 1
H 7 2 1 2
H 7 0 5 6
V 7 0 12 3
H 10 2 1 2
V 8 2 12 1
H 15 0 5 6
V 18 2 2 1
V 18 13 2 1
V 13 0 6 5
H 13 2 6 4
H 0 0 2 8
V 0 5 12 1
H 7 0 3 6
V 18 0 2 1
V 7 0 12 3
V 8 1 12 2
H 13 1 7 4
H 8 11 1 2
H 14 12 1 2
V 0 12 20 1
H 13 12 1 2
V 1 12 16 1
V 0 7 2 1
H 1 0 1 14
H 7 4 1 2
V 0 5 12 1
H 7 0 1 6
V 7 1 12 2
V 8 1 12 2
V 14 0 6 1
H 19 0 1 4
V 18 3 2 1
V 17 0 2 5
H 2 1 2 2
H 7 1 13 2
V 16 3 2 1
V 14 5 4 1
H 17 0 1 6
V 17 0 2 1
V 11 11 2 1
V 0 11 12 3
H 0 0 2 14
H 1 6 1 2
H 0 5 2 2
V 0 5 12 1
V 0 5 2 1
V 1 5 12 1
H 10 0 3 6
V 7 2 2 1
V 8 2 12 1
H 13 1 6 4
V 0 11 16 3
H 0 0 1 14
H 2 4 1 2
V 0 5 8 1
V 0 5 12 1
H 10 0 1 6
V 7 1 12 2
H 16 0 1 6
H 17 14 1 2
H 8 11 11 8
H 17 14 1 2
V 0 11 18 2
H 1 10 1 2
H 0 0 2 14
V 0 5 12 1
V 1 5 12 1
H 10 0 3 6
V 7 1 12 2
H 18 2 1 2
H 11 12 1 4
V 0 12 16 1
H 0 0 1 14
V 0 5 12 1
H 1 4 1 2
V 1 5 12 1
H 12 0 1 6
H 14 0 1 2
V 7 1 12 2
H 15 1 1 2
H 18 1 1 2
H 7 11 5 8
H 7 11 4 6
V 0 11 14 1
H 0 12 1 2
H 0 1 1 12
V 0 5 10 1
H 6 4 1 2
V 0 5 12 1
H 10 0 3 6
V 7 2 12 1
H 16 0 2 4
H 4 9 1 2
H 6 9 1 2
V 0 7 20 3
H 3 9 1 2
H 13 8 1 2
V 0 9 14 1
V 1 8 2 1
H 0 3 2 8
H 3 4 2 2
V 0 5 10 1
V 0 5 12 1
V 9 5 2 1
H 10 0 3 6
V 7 2 12 1
H 13 1 5 4
H 12 13 1 2
V 13 14 6 1
V 6 14 10 5
H 7 12 6 8
H 7 11 4 6
V 10 15 2 1
V 1 11 12 2
H 0 0 2 12
V 0 5 12 1
H 4 0 3 6
H 7 0 2 6
V 7 2 12 1
H 17 2 1 2
H 16 1 1 2
V 8 2 12 1
H 9 4 1 2
V 0 5 12 1
V 9 2 2 1
H 2 0 2 6
H 10 0 3 6
V 7 2 12 1
H 17 1 1 2
V 3 3 2 3
V 0 5 12 1
H 10 0 3 6
V 7 2 12 1
V 15 3 2 1
H 16 0 1 4
H 17 2 1 2
V 0 11 16 2
H 0 0 1 14
H 3 4 1 2
V 0 5 6 1
V 0 5 12 1
H 7 0 3 6
H 7 2 1 2
V 7 2 12 1
H 13 0 3 6
H 7 6 1 2
V 0 7 20 4
V 0 8 6 1
V 0 6 8 5
V 3 11 2 1
H 0 6 4 8
H 3 10 1 2
V 0 11 18 2
H 17 11 1 2
V 0 11 20 1
H 17 11 3 8
H 18 12 2 8
V 1 17 18 1
H 7 11 1 8
V 7 0 2 1
V 7 12 2 1
V 0 13 14 1
V 0 3 2 1
H 0 0 1 14
H 0 5 2 2
V 0 5 12 1
H 7 4 1 2
H 1 5 1 2
V 1 5 12 1
H 8 0 5 6
H 7 2 2 2
V 7 2 12 1
V 14 11 6 8
H 10 16 1 2
H 9 14 1 2
H 6 15 14 4
H 11 6 1 2
H 16 8 1 2
V 0 7 18 2
H 0 4 2 4
H 1 3 1 8
V 0 5 8 1
H 0 4 1 2
V 0 5 12 1
H 10 0 3 6
V 7 1 10 2
H 13 1 3 4
H 0 10 1 2
V 0 10 20 1
V 0 10 4 3
H 0 1 2 10
V 0 5 8 1
V 0 5 12 1
H 10 0 2 6
H 11 1 1 2
V 8 2 10 1
H 13 0 3 4
H 7 13 1 2
V 4 14 4 5
V 6 12 2 1
V 3 18 2 1
H 7 11 1 8
H 1 10 1 2
H 7 18 1 2
H 14 18 1 2
V 0 11 14 1
H 0 2 1 12
V 0 5 10 1
H 0 5 1 2
V 0 5 12 1
V 12 1 2 1
H 10 0 3 6
V 7 1 10 2
H 16 1 1 2
V 6 14 2 6
H 7 16 1 2
H 7 11 7 6
H 12 16 1 2
V 0 11 14 2
H 0 0 1 2
H 0 1 1 12
V 0 0 2 1
V 0 6 2 1
V 0 5 10 1
V 0 5 12 1
H 10 0 3 6
V 7 2 10 1
H 16 2 1 2
H 7 0 2 6
H 1 5 1 2
V 0 5 12 1
H 1 0 1 12
V 1 11 14 3
H 16 11 1 2
V 0 11 20 1
H 18 11 1 8
H 18 12 1 8
V 11 14 2 1
V 11 17 2 1
V 4 14 16 4
V 6 17 2 1
H 7 12 2 8
V 0 12 14 2
V 1 5 2 1
H 0 0 2 14
H 7 4 1 2
V 0 5 12 1
H 8 4 1 2
H 1 5 1 2
V 1 5 12 1
H 7 0 6 6
V 8 2 10 1
V 0 6 2 1
H 0 2 1 10
V 9 5 2 1
H 6 2 1 4
V 0 5 10 1
H 1 5 1 2
V 1 5 12 1
H 10 0 2 6
V 8 1 8 2
H 15 2 1 2
V 0 6 20 1
H 0 4 2 10
V 13 11 2 1
V 0 11 14 2
V 0 11 20 1
H 16 11 3 8
V 17 18 2 1
H 17 12 1 8
V 0 13 20 1
H 4 11 1 2
V 0 12 6 2
H 0 0 1 14
V 1 5 2 1
V 1 9 2 1
H 0 5 2 2
V 0 5 8 1
V 0 5 12 1
V 12 2 2 1
H 9 0 4 6
V 14 1 2 1
V 7 0 8 3
H 13 0 2 4
H 18 15 1 2
V 0 15 20 1
H 7 11 3 8
V 0 11 18 3
H 17 13 1 2
H 0 1 2 12
H 1 5 1 2
V 0 5 6 1
H 0 5 1 2
V 0 5 12 1
H 11 2 1 2
H 13 2 1 2
H 9 0 3 6
V 7 1 8 2
H 13 0 1 6
V 10 13 10 3
H 18 16 1 2
H 17 13 1 6
H 16 11 4 6
V 11 13 2 1
V 4 13 4 1
V 0 11 12 3
H 0 0 2 14
V 2 0 2 1
V 2 5 2 1
V 0 5 6 1
V 5 5 2 1
V 0 5 12 1
H 8 2 1 2
H 12 2 1 2
H 7 0 5 6
V 14 2 2 1
H 11 2 1 2
V 7 1 8 2
H 13 0 1 4
H 2 4 5 2
V 0 5 4 1
H 0 0 1 12
V 0 11 12 2
V 0 11 20 2
H 16 11 1 8
H 16 12 1 8
V 13 1 2 3
H 13 1 1 4
V 7 1 4 5
H 7 4 6 2
V 0 5 12 1
H 1 2 1 12
V 12 11 2 1
V 1 11 12 1
H 9 11 1 2
V 0 11 20 1
H 17 11 1 6
H 16 11 2 8
V 0 15 20 1
H 7 11 3 8
H 0 10 1 2
V 0 11 16 1
H 0 0 2 12
V 0 5 8 1
H 1 5 1 2
V 0 5 12 1
H 10 0 3 6
V 7 2 8 1
H 14 2 1 2
V 13 18 4 1
H 15 18 1 2
V 7 2 4 4
V 7 2 8 1
H 13 1 1 2
H 16 17 1 2
H 5 7 1 2
V 0 7 6 1
V 0 2 2 1
H 0 2 1 12
V 0 13 16 1
V 4 18 12 1
H 7 11 2 8
V 0 17 18 1
V 0 6 8 3
H 0 5 2 8
V 8 12 2 1
V 0 12 18 2
H 8 11 3 8
H 10 16 1 2
V 1 15 18 2
V 6 5 2 1
H 4 0 3 6
V 0 5 8 1
H 0 1 1 12
H 11 11 1 2
V 0 11 18 1
H 9 11 2 8
V 0 15 20 1
V 12 2 2 1
H 6 14 13 2
H 8 14 1 2
V 8 13 12 2
V 12 11 8 2
V 15 13 2 1
H 8 11 8 4
H 15 11 1 8
V 0 13 2 1
H 1 6 3 8
V 2 11 10 3
H 7 18 1 2
H 7 11 2 8
V 6 13 2 1
H 7 12 2 8
V 0 19 14 1
H 3 2 1 4
H 0 5 1 2
V 0 5 6 1
H 0 0 1 14
V 0 12 16 1
H 8 12 1 8
H 4 16 1 2
V 0 16 18 1
H 3 9 1 4
V 0 12 20 2
H 0 0 2 14
H 1 5 1 2
H 5 4 1 2
V 0 5 10 1
V 4 5 2 1
V 1 5 12 1
H 9 2 4 4
H 11 2 1 2
H 11 1 2 4
H 16 16 1 2
H 1 16 1 4
V 14 11 2 6
H 10 15 5 4
H 11 13 1 2
H 8 14 4 2
V 7 14 2 1
V 1 14 18 1
H 13 18 1 2
V 0 17 14 2
H 0 17 1 2
V 0 18 8 1
V 0 9 20 1
V 0 9 6 1
H 3 9 1 2
H 0 3 1 8
V 0 5 8 1
V 0 5 12 1
H 9 0 2 6
H 4 1 3 2
H 9 1 1 2
H 7 0 4 4
V 0 8 6 1
H 0 3 2 6
V 0 5 6 1
V 1 5 12 1
H 9 0 1 6
H 10 1 1 2
V 7 2 6 2
V 8 0 2 1
V 0 14 4 4
V 13 15 2 1
H 11 11 3 6
H 15 14 1 2
V 10 12 8 3
V 3 9 4 1
H 1 12 1 2
H 18 12 1 2
H 1 9 3 4
H 10 13 1 2
H 13 13 1 2
V 2 11 10 3
H 7 11 2 8
V 3 19 10 1
V 1 16 14 1
H 7 12 1 8
V 2 17 10 3
H 2 7 2 6
V 0 11 20 1
H 13 11 1 6
H 13 11 1 8
V 1 7 2 1
V 2 7 14 4
H 0 9 2 2
H 0 10 3 2
V 0 6 20 2
V 0 11 20 1
H 11 11 2 8
H 10 12 3 8
H 8 2 1 2
V 0 6 14 5
H 0 0 1 14
V 0 12 18 2
V 1 13 18 1
H 12 4 1 2
V 1 16 8 2
H 7 13 1 2
V 4 12 14 2
H 16 13 1 2
V 7 11 2 4
H 7 13 2 6
V 0 16 14 1
H 11 15 1 2
H 13 15 1 2
H 1 8 3 6
V 2 12 10 2
V 0 13 18 1
V 0 6 10 4
V 0 4 2 1
H 0 4 1 4
V 0 5 6 1
V 0 5 12 1
V 6 5 2 1
H 7 2 3 4
H 8 3 1 2
V 8 3 4 2
H 1 11 1 2
V 0 12 12 2
H 0 0 1 14
H 0 5 2 2
V 0 5 4 1
V 0 5 12 1
V 8 3 2 1
H 7 0 2 6
H 7 0 2 4
H 2 6 1 2
H 0 7 1 6
H 19 8 1 2
V 0 7 20 2
V 0 6 16 3
H 0 6 4 8
V 0 11 14 2
H 7 11 1 6
H 7 11 1 8
V 2 17 10 2
H 11 14 1 2
H 11 13 5 2
V 15 13 2 1
H 4 18 7 2
V 8 11 4 8
V 0 6 6 3
H 10 4 1 2
H 0 5 1 2
V 0 5 12 1
V 1 5 12 1
H 8 13 1 2
V 3 14 8 3
H 8 12 2 8
V 0 11 18 2
V 9 11 2 9
H 8 18 1 2
H 8 11 3 8
H 9 12 2 8
V 0 9 20 2
H 1 11 1 2
H 0 10 4 2
V 2 11 10 2
H 7 11 1 8
V 0 15 14 1
V 10 4 2 1
H 0 9 3 4
V 1 11 10 2
H 7 11 1 6
H 8 13 1 2
V 0 14 16 1
H 2 10 1 2
V 0 9 14 2
V 1 12 2 1
H 0 5 2 8
V 0 5 12 1
H 4 0 3 6
H 7 0 1 6
V 7 3 2 1
H 7 0 1 4
V 2 17 2 1
V 0 5 8 1
V 1 8 2 1
H 0 0 2 12
V 0 11 18 1
V 1 11 18 1
H 5 16 1 2
V 4 14 8 3
H 6 14 2 2
H 4 15 7 4
V 6 16 6 2
V 8 18 2 1
V 6 17 2 1
H 7 11 2 8
H 7 12 1 8
H 6 16 1 4
V 5 19 4 1
H 9 15 1 2
H 5 14 8 2
V 1 14 14 1
V 15 12 2 1
V 0 9 20 2
H 0 6 4 8
V 3 12 2 1
H 7 11 1 2
H 14 11 1 2
V 0 12 8 2
H 7 12 1 8
V 3 16 8 2
V 0 6 6 4
H 0 5 2 2
V 0 5 8 1
H 8 4 1 2
V 0 5 12 1
H 1 4 1 2
H 10 4 1 2
V 12 13 2 1
V 7 12 6 4
V 11 12 2 1
H 7 11 5 6
H 8 11 1 2
V 0 11 14 1
H 0 0 1 12
V 0 5 6 1
H 1 5 1 2
V 0 5 12 1
H 7 4 3 2
H 9 3 1 2
V 0 6 20 2
H 2 7 1 2
V 0 6 16 2
V 1 6 2 1
H 0 5 2 2
V 0 5 10 1
V 0 5 12 1
V 0 6 20 1
H 12 6 1 2
V 0 6 4 6
H 0 3 1 10
V 0 11 14 2
H 8 12 1 2
H 7 11 2 8
V 1 15 12 1
V 9 6 2 1
V 9 18 2 1
H 7 2 1 4
H 0 2 1 6
V 0 5 10 1
V 0 5 4 1
H 0 0 2 12
V 0 11 14 1
H 7 11 1 8
V 2 15 12 1
V 1 12 14 2
V 0 11 12 3
H 0 0 2 14
H 0 5 2 2
H 9 4 1 2
V 1 5 10 1
H 6 0 1 6
H 4 0 3 4
H 10 13 1 2
V 9 11 6 3
V 8 11 2 8
H 8 13 2 6
H 0 12 1 2
H 0 11 16 2
V 7 11 10 1
V 5 16 4 1
V 8 15 2 1
V 10 15 2 1
V 7 12 4 5
H 7 11 2 8
V 4 16 8 1
V 7 3 2 1
H 2 10 1 2
H 9 11 1 2
V 0 11 16 1
V 0 10 4 2
H 0 1 1 12
H 1 5 1 2
H 4 4 1 2
V 0 5 10 1
H 4 0 2 6
H 4 0 2 4
V 0 6 20 2
V 5 6 2 1
V 0 6 12 2
V 1 5 2 1
H 0 5 2 2
V 0 5 10 1
V 3 4 2 2
H 4 2 3 4
H 6 1 1 4
H 7 4 2 2
V 0 5 10 1
H 0 7 1 2
H 8 7 1 2
H 11 7 1 2
H 0 2 1 12
V 0 11 14 2
H 7 11 3 6
H 8 13 1 2
V 2 14 12 1
H 4 15 1 2
V 5 3 2 1
V 4 1 2 5
H 4 0 1 6
V 0 5 8 1
H 0 0 2 14
V 0 11 14 2
V 0 12 16 1
H 3 14 9 2
V 7 12 6 3
V 7 11 8 2
H 7 3 1 2
H 6 2 1 2
H 7 18 1 2
H 8 13 1 2
H 3 4 1 2
V 0 5 10 1
H 1 4 1 2
H 7 4 1 2
V 0 5 4 1
H 0 0 1 12
H 10 12 1 2
V 0 11 14 2
V 7 14 2 1
H 7 11 1 6
H 7 11 2 8
V 6 18 2 1
H 0 10 1 2
V 0 10 20 1
V 0 10 10 1
H 0 1 2 10
V 0 5 8 1
H 4 0 1 6
V 4 3 2 1
H 4 0 1 4
V 9 13 4 1
H 9 12 2 4
H 7 13 1 6
H 5 15 1 2
V 4 14 6 2
V 3 14 2 1
H 7 13 1 6
V 0 12 12 2
V 6 12 2 1
H 7 11 3 6
V 6 12 2 1
V 6 16 2 1
V 7 11 2 6
H 7 13 1 4
V 3 14 8 1
H 6 3 1 2
H 8 14 1 2
V 0 11 12 1
H 0 1 2 12
V 0 5 6 1
H 3 0 1 6
H 2 0 2 4
H 4 2 1 2
V 7 15 2 1
V 8 11 2 5
H 8 15 1 2
H 11 11 2 2
V 12 11 2 1
V 4 14 2 1
H 5 14 4 2
V 4 14 4 1
V 5 4 2 1
V 5 15 2 1
V 2 3 4 3
H 2 0 1 6
H 2 0 1 4
H 2 12 1 2
V 0 13 12 1
H 7 13 4 2
H 7 12 1 6
V 0 7 8 2
H 0 4 1 4
V 0 5 6 1
V 1 5 2 1
H 2 2 2 4
H 3 1 1 4
V 3 4 2 1
H 0 7 4 6
V 1 11 6 3
V 6 11 2 1
V 1 11 12 2
V 10 11 2 3
H 8 11 3 4
H 2 1 1 2
V 2 2 2 1
V 7 11 2 5
V 6 11 2 1
V 6 15 2 1
V 3 12 8 2
H 0 8 12 2
V 3 8 4 1
H 2 6 2 8
V 0 13 10 1
H 7 11 1 6
V 1 6 12 5
V 1 13 2 1
H 1 0 1 14
H 0 2 2 4
V 1 5 2 1
H 5 4 1 2
V 1 5 6 1
V 1 6 6 3
H 5 4 1 2
H 0 5 2 4
V 1 5 6 1
H 3 3 1 2
H 2 4 3 2
H 4 3 1 2
V 0 7 6 2
H 0 3 2 6
V 0 5 4 1
H 2 2 1 4
H 2 1 1 4
H 8 11 1 4
V 9 9 2 1
V 9 12 2 1
H 5 11 1 2
V 0 12 10 2
H 7 13 1 2
H 3 12 6 2
V 7 11 4 2
V 1 6 4 5
V 0 8 2 1
H 1 1 1 12
H 1 1 1 6
V 10 11 2 1
V 0 11 8 3
H 0 2 2 12
H 2 4 1 2
V 0 5 4 1
H 2 2 1 4
H 2 2 1 2
V 6 14 2 1
V 0 7 20 1
V 0 7 16 1
H 0 4 2 4
V 0 5 4 1
V 1 5 4 1
H 3 4 2 2
H 0 3 1 2
V 2 4 2 1
H 1 2 1 4
V 1 5 2 1
V 1 5 4 1
V 4 13 2 1
V 5 13 4 1
V 1 8 8 1
H 1 2 1 12
V 0 9 20 2
V 0 10 12 1
H 0 11 1 2
H 0 10 1 2
V 0 11 10 1
H 3 11 1 2
V 1 9 10 2
V 1 11 10 1
V 0 10 2 1
H 1 4 1 10
H 1 3 1 2
H 6 12 1 2
V 6 12 2 1
H 1 6 2 2
V 3 8 2 1
V 1 5 2 1
V 1 13 2 1
V 0 6 4 8
H 0 5 1 6
V 1 6 14 2
H 1 4 1 4
H 1 5 1 2
H 0 8 1 4
V 0 6 12 4
H 0 6 1 8
H 0 10 1 2
V 0 8 10 3
H 0 8 1 4
V 0 11 8 1
V 1 11 8 1
H 7 11 1 2
V 1 9 14 2
V 1 13 4 1
V 1 11 2 1
H 1 6 1 8
V 6 8 2 1
V 1 8 6 3
V 2 9 2 1
H 3 8 1 6
V 2 11 4 3
V 0 7 2 5
H 0 10 1 2
V 1 6 2 6
H 1 6 1 2
V 3 13 2 1
H 3 11 1 2
H 3 10 1 4
V 1 11 6 1
H 3 6 1 6
H 3 6 1 8
V 3 13 2 1
H 16 9 1 2
V 0 9 20 2
H 4 8 1 2
V 0 9 16 2
H 0 7 1 4
V 1 7 2 1
V 0 8 2 1
V 18 7 2 2
H 17 6 2 4
V 5 7 4 1
V 0 9 6 1
H 0 8 1 2
V 2 7 4 1
H 2 6 2 6
H 2 6 1 2
V 3 9 2 2
H 3 8 1 6
H 13 7 1 2
V 10 8 10 1
H 19 7 1 2
V 2 8 12 3
H 2 9 2 4
H 14 8 1 2
H 17 8 1 2
V 1 8 18 1
V 18 8 2 1
H 3 6 1 6
V 2 11 4 1
H 7 7 4 4
H 1 9 1 2
V 0 10 14 1
H 3 11 1 2
H 19 8 1 2
V 14 6 4 5
H 3 6 13 2
V 13 7 6 1
V 12 10 8 1
H 1 9 1 2
V 1 10 12 1
V 3 7 14 2
H 3 6 1 2
V 4 7 14 2
V 3 7 14 2
H 3 7 2 4
H 3 8 1 4
V 3 11 2 1
H 3 10 1 2
V 10 6 2 1
V 11 10 8 1
H 14 7 4 4
H 8 7 1 2
H 13 7 1 2
H 17 7 1 2
V 2 9 12 2
H 14 9 1 2
H 18 9 1 2
V 3 10 16 1
V 3 8 6 3
V 10 8 8 2
H 17 8 1 2
H 11 6 1 2
V 4 7 12 1
V 4 7 4 2
H 5 6 1 2
H 12 6 1 2
V 6 9 12 1
H 4 9 12 2
V 3 9 4 1
V 5 7 4 2
H 6 6 1 4
V 9 6 2 2
V 7 6 8 1
V 13 9 2 1
V 4 9 10 1
H 4 9 1 2
H 10 9 1 2
V 4 8 4 2
H 4 8 2 2
H 8 8 7 2
H 15 7 1 4
H 15 7 1 2
V 5 9 2 1
V 13 9 4 1
H 5 9 1 2
V 12 8 2 2
H 13 6 1 4
V 5 10 8 1
V 8 10 8 1
H 9 6 4 2
V 6 7 8 2
V 6 8 2 1
V 10 7 4 2
V 7 7 6 2
V 7 7 4 2
H 9 7 4 2
V 11 7 2 1
H 9 7 3 4
V 8 7 2 1
V 7 10 8 1
H 12 7 1 2
V 9 6 2 1
V 12 10 2 1
V 13 9 2 1
V 7 8 2 3
H 7 9 1 2
H 8 7 1 2
H 10 7 2 4
V 10 8 4 2
V 8 9 6 1
H 8 9 1 2
V 7 8 6 2
H 7 8 1 2
V 12 9 2 1
V 7 9 2 1
H 12 9 1 2
V 8 9 2 2
H 8 9 1 2
V 10 8 2 1
V 9 8 2 3
V 9 9 2 1
H 10 6 1 4
H 10 8 1 2
V 9 9 4 1
H 11 9 1 2
V 10 9 2 1
H 10 8 1 2
