V 8 12 2 1
H 14 1 1 2
H 19 1 1 2
V 4 0 2 9
H 15 5 1 2
V 0 4 16 2
H 0 5 1 2
V 12 8 2 1
V 12 17 2 1
H 13 2 2 18
H 14 16 1 2
H 9 12 1 2
V 3 13 16 4
V 5 13 2 1
H 5 16 1 2
H 5 10 1 10
H 5 17 1 2
V 0 18 6 2
V 0 18 4 2
V 0 17 18 1
V 6 10 2 1
V 6 15 2 1
V 6 18 2 2
V 5 10 2 8
H 5 15 1 2
H 5 16 1 4
V 2 18 4 2
V 1 18 4 2
H 17 0 1 20
H 1 13 1 2
V 0 11 18 3
V 3 10 6 6
V 4 12 2 1
H 5 10 1 10
V 0 18 6 1
V 3 18 2 1
V 0 18 4 1
V 7 18 12 2
V 4 4 10 1
H 13 0 1 20
V 7 9 12 1
H 7 0 1 10
V 0 4 14 1
V 0 5 10 1
H 0 0 2 8
H 9 5 1 2
V 7 4 10 3
H 10 2 7 6
H 13 0 1 20
V 0 17 18 1
H 0 16 1 2
V 0 17 8 1
V 17 0 2 16
V 17 19 2 1
H 17 0 1 20
H 11 12 2 2
V 1 13 18 2
V 3 14 6 4
H 5 10 1 10
V 2 18 4 2
V 2 19 2 1
V 1 11 2 7
H 1 16 1 2
V 2 5 8 2
H 1 1 2 8
H 2 0 1 4
V 9 0 2 1
V 10 0 6 10
H 15 7 1 8
H 13 8 6 8
V 3 10 16 5
H 5 10 1 10
V 2 18 4 1
H 3 18 1 2
V 12 10 2 1
V 10 10 6 8
H 13 4 4 12
V 1 4 16 3
V 0 4 8 2
H 4 3 1 2
H 1 1 6 6
H 13 4 1 2
H 4 5 13 2
H 15 0 2 20
H 13 15 1 2
V 0 16 18 1
H 13 16 1 2
V 0 16 14 1
V 18 0 2 6
H 18 0 1 16
H 14 13 1 2
V 1 11 18 3
V 5 12 8 3
H 5 10 1 10
V 2 3 4 1
V 2 18 4 1
V 2 2 2 1
V 2 18 2 1
V 1 2 4 5
H 4 1 1 2
H 1 2 5 4
H 0 10 1 2
V 0 11 8 4
H 2 15 1 2
H 17 15 1 2
V 18 10 2 1
H 0 10 19 6
H 1 15 1 2
V 6 18 12 1
H 11 12 6 8
H 8 14 1 2
V 5 14 12 1
V 4 11 2 1
H 5 10 1 10
V 4 19 2 1
H 3 0 2 2
V 8 19 8 1
V 9 15 6 1
V 15 9 2 1
V 11 10 4 1
H 13 0 3 20
V 2 9 12 1
V 7 0 2 1
H 7 0 1 10
V 0 4 14 1
H 0 3 1 2
H 18 12 1 2
H 17 1 2 12
H 5 7 1 2
V 4 8 14 1
V 10 2 2 1
H 10 1 1 8
V 0 4 2 1
V 1 4 16 3
H 2 1 1 6
H 19 5 1 2
V 18 0 2 6
V 18 11 2 1
H 18 0 1 10
H 19 0 1 10
V 16 11 2 1
H 17 0 2 16
H 17 13 1 2
V 1 10 18 4
V 3 12 8 5
H 5 11 1 2
H 10 16 1 2
H 5 10 1 10
V 4 18 2 1
V 3 18 2 1
H 0 4 1 2
V 0 5 2 3
H 1 3 3 6
H 7 14 1 4
V 0 12 12 3
V 0 10 4 3
H 2 11 17 4
H 18 10 1 2
H 2 11 1 6
V 1 14 18 2
V 3 10 2 8
H 3 14 2 4
H 16 2 1 12
V 1 4 16 1
H 10 0 1 8
V 2 4 12 1
H 2 2 1 4
H 15 6 1 6
V 9 10 8 3
H 13 12 1 2
H 13 1 3 12
V 1 4 16 1
V 3 1 4 4
V 2 6 2 1
H 3 1 1 6
V 12 12 2 1
H 13 6 1 14
V 1 15 18 1
V 1 15 6 1
V 13 14 2 1
V 13 19 2 1
V 12 17 2 1
H 13 0 1 18
V 0 6 16 1
H 6 6 1 2
V 0 5 10 2
H 0 5 2 4
V 12 15 2 4
H 13 0 1 20
H 9 0 1 6
V 1 4 16 2
V 4 4 2 2
H 4 1 1 8
H 4 0 1 2
V 2 5 4 2
H 9 5 1 2
V 0 6 16 1
V 12 12 2 1
H 13 1 1 16
H 10 15 1 2
H 16 15 1 2
V 3 14 16 2
V 4 15 2 1
H 5 10 1 10
V 12 0 2 10
H 12 2 3 4
H 13 0 1 20
V 1 14 16 1
V 5 12 2 1
H 5 11 1 8
V 4 18 2 1
H 4 3 1 2
H 3 2 6 2
V 2 3 4 1
V 5 0 4 3
V 5 0 2 9
H 5 0 1 2
H 4 2 5 4
H 2 6 1 2
V 0 5 12 2
V 4 17 14 1
V 4 17 12 1
V 1 10 14 3
H 2 10 2 6
H 3 11 2 6
H 8 12 1 2
H 7 10 2 6
V 6 10 2 1
V 1 14 12 1
H 4 13 1 4
V 3 12 10 4
H 12 14 1 2
H 10 13 8 2
V 10 16 2 1
H 11 10 3 10
V 6 18 10 2
H 16 0 1 18
H 12 4 1 2
V 3 4 14 1
V 3 4 12 1
H 4 4 1 4
H 3 5 1 2
H 3 2 5 4
V 18 11 2 1
H 19 10 1 10
H 10 11 1 2
V 0 11 20 1
H 9 10 1 8
H 14 15 1 2
V 2 11 14 5
V 6 12 8 4
H 15 13 1 2
V 9 13 2 1
V 9 15 2 1
H 13 0 3 14
V 0 6 16 1
V 0 6 10 1
H 0 6 1 2
V 2 4 14 2
V 13 6 2 1
H 13 0 1 18
V 2 14 16 1
H 5 11 1 8
V 17 2 2 1
V 18 0 2 6
H 18 4 1 10
V 1 9 18 1
H 9 4 1 6
V 1 5 16 2
V 1 8 2 1
V 1 11 2 1
V 8 6 2 1
H 1 5 1 4
V 0 12 2 1
H 7 5 1 2
V 2 4 6 2
H 3 3 1 2
V 4 5 2 1
H 8 4 1 2
V 2 4 8 1
V 6 6 2 1
V 6 18 2 1
H 6 0 1 8
H 4 6 9 2
V 0 6 16 1
V 0 9 16 1
H 6 10 1 2
V 18 11 2 1
V 3 11 16 4
V 3 10 8 5
H 5 12 2 6
V 3 12 2 1
H 4 10 4 6
V 2 12 4 3
H 7 4 1 6
H 1 6 1 2
H 9 3 1 4
V 1 6 12 1
H 1 6 1 2
V 14 17 2 1
H 15 2 1 18
V 2 4 14 3
V 2 4 12 2
V 3 15 2 1
H 3 5 1 4
V 3 4 4 3
H 9 6 1 2
H 3 5 1 2
V 1 6 16 1
H 13 6 1 14
H 17 13 1 2
V 1 13 18 1
V 1 12 6 2
V 10 12 2 6
H 11 17 2 2
H 14 17 1 2
V 7 18 8 1
H 11 14 4 6
V 10 14 2 1
V 10 19 2 1
V 5 12 12 5
H 12 15 1 2
H 10 11 1 2
H 5 14 9 2
V 3 4 12 3
V 3 13 12 2
V 2 13 4 1
H 4 3 3 6
V 1 12 2 1
V 5 8 14 1
H 10 1 1 8
V 3 4 14 1
H 19 10 1 4
V 4 10 16 1
H 13 14 1 2
V 10 12 2 1
V 10 16 2 1
H 11 10 3 10
H 6 11 1 6
H 12 14 1 6
V 4 10 14 6
H 13 9 1 2
H 17 9 1 2
V 4 10 12 5
V 12 7 2 1
H 13 3 3 12
V 8 6 4 1
V 5 4 12 3
V 6 3 2 1
H 7 0 1 8
V 3 5 2 1
H 3 12 1 2
H 6 12 1 2
H 4 4 5 4
H 8 0 1 4
H 3 6 1 2
V 7 13 10 5
H 7 11 1 2
H 7 12 9 6
H 14 17 1 2
H 14 8 5 4
V 18 10 2 2
H 19 10 1 8
H 19 10 1 10
H 4 10 1 4
H 16 10 1 2
V 0 10 20 1
V 0 10 8 1
V 16 13 2 1
H 17 12 1 6
V 3 11 16 2
H 17 10 1 2
V 2 11 14 2
V 3 6 2 1
H 4 5 1 2
V 17 17 2 3
H 18 18 1 2
V 1 10 6 1
H 9 14 1 2
V 5 10 6 5
V 4 6 2 1
H 5 5 12 2
V 3 6 8 1
V 6 15 10 1
H 17 0 2 16
V 18 0 2 1
H 16 1 1 2
V 9 2 8 8
H 9 1 2 4
V 5 4 10 1
H 13 5 4 10
V 5 5 12 1
H 8 1 1 8
H 2 10 1 2
V 0 9 18 1
H 9 0 1 10
H 9 0 1 8
V 13 13 2 1
H 14 0 1 14
H 15 11 1 2
V 10 10 10 2
H 19 10 1 8
H 19 11 1 8
H 18 0 1 2
V 6 10 2 4
H 7 12 6 4
V 10 15 4 1
V 13 11 2 8
V 11 17 8 2
V 11 18 2 1
H 11 18 1 2
H 16 3 1 2
H 8 4 9 6
V 6 4 8 5
H 8 8 1 2
V 4 6 8 3
V 16 10 4 2
H 19 12 1 2
H 19 11 1 4
H 10 10 1 8
H 19 10 1 8
V 8 4 2 3
H 9 1 1 8
H 15 2 1 2
V 9 3 8 6
H 10 0 1 10
V 16 10 2 1
V 15 8 4 7
H 17 4 2 6
V 17 3 2 1
V 18 1 2 5
V 18 10 2 1
H 19 2 1 8
H 7 13 1 2
H 7 12 4 2
V 4 10 12 3
H 10 7 2 2
H 9 2 5 6
H 9 2 1 8
V 1 9 16 1
H 5 11 1 2
H 15 11 1 4
V 5 12 14 2
H 5 11 12 2
V 3 11 16 1
H 10 14 1 2
V 9 12 10 3
H 17 8 1 12
H 14 3 1 16
V 5 6 12 1
V 7 9 2 1
H 8 2 1 8
V 2 10 2 1
H 8 6 1 2
V 4 7 12 2
V 5 8 14 1
H 18 1 1 14
V 18 1 2 1
V 18 3 2 1
H 7 3 1 2
V 10 1 4 3
V 10 15 4 3
V 6 5 2 1
H 12 16 3 4
V 17 17 2 1
V 13 19 4 1
V 12 17 6 2
H 16 18 1 2
V 7 5 8 2
V 7 10 8 4
H 7 11 2 4
V 5 10 4 2
H 5 11 1 2
V 6 10 6 4
V 7 10 2 4
H 8 12 1 4
H 11 0 2 10
V 8 11 6 2
V 7 12 2 1
H 8 11 7 4
H 11 11 1 8
V 8 13 10 1
V 16 16 2 1
H 17 9 1 10
H 8 5 1 2
H 12 5 1 2
H 19 5 1 2
H 8 3 1 6
V 7 7 2 1
H 8 4 2 6
V 2 9 12 1
V 11 8 8 1
H 16 9 1 2
H 13 5 4 10
V 14 10 6 2
H 19 10 1 6
H 19 11 1 6
V 11 10 8 1
H 17 0 1 18
H 17 0 1 2
V 15 10 4 2
V 16 16 2 1
H 17 1 2 16
V 18 2 2 1
H 4 10 1 2
V 9 13 8 3
H 13 5 1 14
H 14 4 1 10
V 4 7 12 2
V 4 7 6 2
H 17 1 2 12
V 9 8 10 1
H 13 2 2 12
H 14 1 1 2
V 9 2 8 2
V 3 9 14 1
H 12 8 1 2
V 3 9 16 1
H 18 1 1 16
V 10 16 2 1
V 12 0 2 1
V 4 8 2 1
H 5 7 1 2
V 11 13 2 5
H 12 15 5 4
H 7 11 1 2
V 5 11 8 1
V 15 10 4 4
H 11 10 1 8
H 17 10 1 8
H 17 1 1 14
V 7 11 8 3
H 10 3 7 2
V 8 4 4 6
V 7 5 10 1
H 13 0 4 10
H 14 0 1 20
V 11 1 6 4
V 9 4 8 1
V 9 3 4 3
V 10 9 6 1
V 15 17 2 1
V 13 12 2 1
H 14 0 2 20
V 11 4 4 6
H 14 2 1 2
H 13 3 3 10
V 6 11 14 1
H 6 11 1 2
H 11 15 1 2
V 10 15 4 1
V 11 11 2 1
H 12 10 4 8
V 6 11 14 1
H 19 11 1 2
H 19 10 1 6
V 7 6 2 1
V 13 12 2 1
V 12 10 2 8
H 12 16 1 2
H 8 10 4 4
V 7 11 4 2
V 14 1 2 15
H 15 13 1 6
H 8 6 9 2
V 6 7 8 1
V 8 12 10 2
V 8 10 4 4
H 9 13 1 2
H 19 13 1 2
V 16 9 2 1
V 16 11 2 1
V 13 13 2 1
V 11 10 6 5
H 13 3 2 16
V 13 3 4 4
H 12 1 5 6
H 14 1 2 16
V 12 1 4 3
V 14 14 4 2
H 15 15 1 2
H 17 15 1 2
V 9 10 8 3
H 14 6 1 14
H 7 10 13 2
V 5 10 10 1
V 15 5 2 1
H 16 2 1 12
V 16 8 2 5
V 17 3 2 1
H 17 2 1 12
H 15 5 2 4
V 15 8 4 6
H 18 3 1 10
V 9 10 10 3
V 9 11 2 1
H 11 12 1 2
H 10 10 8 6
V 8 5 2 1
V 8 13 2 1
V 13 2 4 1
H 15 1 1 12
V 15 13 2 1
H 13 8 1 2
H 13 1 3 16
V 13 15 6 1
V 18 4 2 1
H 13 1 1 2
V 11 12 6 1
H 10 12 1 2
V 8 10 4 3
H 8 11 1 2
V 8 6 8 1
V 10 5 2 4
H 11 3 4 4
H 12 11 4 6
V 14 8 2 1
V 13 2 2 8
H 14 0 1 6
V 5 9 4 1
H 7 8 12 2
V 6 8 8 1
H 17 3 1 10
V 12 13 6 2
H 15 10 1 8
H 17 4 2 10
H 17 6 1 2
H 17 5 2 2
V 18 5 2 1
V 16 13 2 3
H 16 10 1 2
H 16 11 1 6
H 12 6 1 4
V 5 9 14 1
V 13 6 4 5
V 14 10 2 1
H 13 5 2 12
V 14 12 2 1
V 11 11 4 5
H 10 10 8 4
V 6 10 10 1
V 10 11 4 3
V 13 7 2 1
H 13 6 1 12
V 10 13 2 1
V 11 12 4 3
H 14 7 1 12
V 10 5 6 2
H 11 4 2 4
H 12 6 1 2
V 14 8 2 1
V 7 7 8 3
H 13 9 5 4
V 7 11 12 1
V 15 9 4 2
H 18 4 1 10
H 18 4 1 2
V 11 4 4 1
H 13 4 3 8
V 8 11 12 1
H 18 11 1 2
H 19 10 1 4
V 10 5 2 1
H 12 12 1 2
H 11 13 4 2
V 10 13 2 1
V 15 14 2 2
H 16 14 1 2
H 18 5 1 8
H 18 5 1 2
H 18 12 1 2
H 12 3 3 6
V 8 7 8 1
V 13 5 2 12
V 14 3 2 1
H 14 1 1 8
V 11 6 6 1
H 13 2 2 8
H 13 8 5 6
V 10 11 10 1
H 10 11 5 2
H 19 11 1 2
V 11 10 2 1
H 12 10 4 6
V 10 12 8 1
H 10 11 4 2
V 8 11 6 1
V 10 10 10 1
V 13 3 2 1
V 13 7 2 1
H 14 5 2 12
V 9 6 2 1
V 13 4 4 7
V 14 14 2 1
H 14 2 1 16
V 14 12 4 2
H 14 2 2 14
V 8 8 2 2
H 9 7 1 2
V 15 8 4 1
V 14 4 2 12
H 15 14 1 2
H 16 10 1 4
V 9 10 8 2
V 9 8 6 1
H 13 7 1 2
H 10 6 5 4
V 14 7 2 6
H 14 2 1 10
V 13 4 2 12
V 14 12 2 1
H 13 8 2 8
V 12 14 2 1
H 14 12 1 4
V 12 11 6 3
H 13 12 4 2
V 10 12 8 1
V 11 7 6 1
H 13 4 2 8
V 11 5 6 1
V 12 4 2 5
H 13 9 6 2
V 7 9 12 1
H 12 13 1 2
V 10 7 2 3
V 9 8 10 2
H 16 4 1 8
V 10 11 10 1
H 18 7 1 4
H 11 10 8 2
V 8 10 10 1
H 11 11 1 2
V 14 14 2 1
V 12 5 2 5
H 12 5 1 2
H 14 3 1 2
H 14 8 1 8
V 14 4 2 6
V 13 4 2 1
H 14 4 2 6
V 15 6 2 8
H 13 10 4 4
V 13 12 2 2
H 14 12 1 4
H 18 7 1 2
V 17 10 2 1
H 17 10 1 2
V 16 10 4 1
V 9 10 8 1
V 9 8 10 1
V 10 7 2 2
H 10 7 1 2
H 15 7 1 2
H 10 8 1 2
H 16 11 1 2
V 14 9 2 5
H 14 13 1 2
H 13 8 1 4
H 12 6 3 4
H 12 6 1 2
V 11 7 6 1
H 11 8 8 2
V 9 9 6 1
V 12 7 4 1
H 14 5 2 4
V 10 10 4 1
H 12 10 5 2
H 12 11 1 2
H 13 8 3 6
V 13 8 6 3
V 17 10 2 1
V 12 7 2 1
H 13 6 3 2
H 14 6 2 8
V 14 8 4 4
V 14 8 2 1
V 15 7 2 5
H 14 10 2 4
H 12 10 1 2
V 17 9 2 1
V 10 9 2 1
H 11 8 1 2
V 13 10 2 1
V 12 10 2 1
H 13 9 2 4
H 14 10 3 2
H 13 9 1 2
V 12 10 6 1
V 10 9 4 1
H 13 10 1 2
H 13 9 4 2
V 11 10 4 1
V 13 6 2 6
V 14 6 2 1
H 13 6 3 6
H 15 9 1 4
V 16 9 2 1
V 13 8 4 4
H 14 9 1 2
V 10 9 6 1
V 12 8 4 2
V 13 7 2 1
H 14 6 2 6
H 14 10 1 4
H 14 6 1 2
V 13 7 2 1
H 13 9 4 2
V 16 9 2 1
H 14 10 1 2
V 12 10 4 1
V 13 10 2 1
H 14 8 1 4
V 13 9 4 2
V 13 9 2 1
V 14 8 2 2
H 14 7 1 4
H 14 10 1 2
H 13 9 2 2
V 14 9 2 1
