V 6 17 2 1
V 17 8 2 1
H 9 13 1 2
V 10 14 6 1
V 0 9 2 1
V 0 18 2 1
H 3 8 1 2
H 12 8 5 2
H 10 16 1 2
V 5 11 12 6
H 3 12 10 2
V 9 1 2 1
V 9 16 2 1
H 3 8 7 12
H 3 13 1 2
V 0 19 20 1
H 19 12 1 6
H 17 6 3 14
V 18 15 2 1
H 19 6 1 12
H 1 18 1 2
H 16 18 1 2
V 0 12 10 7
H 6 17 1 2
H 0 18 11 2
V 0 19 20 1
H 17 12 1 2
H 17 6 2 14
H 17 6 2 12
H 3 7 1 2
H 0 8 12 2
V 1 0 2 1
V 1 8 2 1
H 0 0 2 20
V 0 19 18 1
H 8 18 1 2
H 18 18 1 2
V 0 19 20 1
H 18 8 2 12
V 17 16 2 1
H 18 7 2 12
H 0 2 1 18
V 0 19 14 1
H 0 18 1 2
H 4 18 1 2
V 0 19 20 1
H 17 6 1 14
H 17 6 1 12
H 3 5 1 2
H 4 2 1 2
V 0 3 8 3
H 0 3 4 10
V 3 5 2 1
H 0 0 1 20
V 16 19 4 1
V 0 19 18 1
V 0 0 20 5
V 0 19 20 1
H 2 7 1 2
H 18 7 1 2
H 17 8 3 12
H 18 8 2 10
H 4 4 1 2
H 2 1 2 14
H 3 0 1 20
V 2 10 2 1
H 7 18 1 2
V 3 19 10 1
V 0 19 20 1
H 17 8 2 12
H 17 7 2 12
V 7 14 2 1
V 8 8 2 12
H 0 14 11 6
H 7 18 2 2
V 0 19 20 1
H 18 10 2 10
H 19 9 1 10
V 14 13 2 1
H 7 14 1 2
V 1 12 14 3
H 7 11 1 2
H 12 11 1 2
H 15 11 1 2
V 5 17 2 1
H 6 10 4 10
H 8 16 1 4
H 2 18 1 2
H 17 18 1 2
V 5 13 2 1
V 9 19 2 1
V 0 19 20 1
H 17 7 1 2
H 17 8 1 12
H 17 7 1 12
H 12 2 1 2
V 0 3 18 1
H 0 0 4 12
V 3 5 2 1
V 3 17 2 1
H 0 0 4 20
H 7 17 1 2
V 0 18 16 2
H 3 18 1 2
H 9 18 1 2
V 0 19 20 1
V 18 11 2 1
H 18 8 1 12
H 18 8 1 10
V 2 18 14 2
H 0 18 15 2
H 18 18 1 2
V 0 19 20 1
H 18 10 2 10
H 18 10 2 8
V 18 11 2 1
H 6 15 1 2
V 3 16 14 1
H 0 14 9 6
H 9 18 1 2
V 0 19 20 1
H 17 10 1 10
H 17 10 1 8
H 12 8 5 8
H 9 11 1 2
H 9 14 1 2
V 3 12 14 3
H 9 8 1 12
V 0 19 20 1
H 18 12 2 8
H 19 12 1 6
V 17 12 2 8
H 17 11 1 2
H 18 12 1 2
V 0 3 18 3
V 1 5 2 1
V 1 17 2 1
H 0 2 2 8
H 0 0 2 20
V 0 19 18 1
V 0 19 20 1
H 17 14 3 6
H 18 18 1 2
H 17 13 3 6
H 6 17 1 2
H 6 16 5 4
V 0 19 6 1
V 4 19 16 1
H 17 14 3 6
H 17 13 2 6
H 17 12 1 2
V 7 13 10 3
H 14 12 1 2
V 6 15 2 1
H 3 12 8 8
H 7 18 1 2
V 0 19 20 1
H 17 13 1 2
H 17 14 2 6
H 17 14 2 4
V 3 16 14 1
H 7 16 1 2
H 6 14 5 6
V 0 19 20 1
H 17 16 3 4
H 17 15 3 4
V 18 16 2 1
V 5 12 2 1
H 4 6 1 2
H 16 6 1 2
V 0 6 16 1
V 0 6 12 1
H 0 6 4 6
H 0 0 1 20
V 0 19 18 1
H 8 18 1 2
V 0 19 20 1
H 17 18 3 2
H 19 17 1 2
H 9 16 2 4
H 19 18 1 2
V 2 19 18 1
H 4 18 1 2
H 19 18 1 2
V 0 7 12 1
H 2 6 1 2
H 0 6 1 4
H 0 0 1 20
V 10 19 8 1
V 0 19 14 1
V 0 19 20 1
H 17 16 1 4
H 17 16 1 2
H 2 0 1 2
V 8 3 2 1
V 0 1 18 5
H 0 3 1 4
H 0 1 1 14
V 0 12 2 1
H 0 0 1 20
V 0 2 16 3
V 0 19 16 1
V 0 19 20 1
H 17 17 1 2
H 17 18 2 2
H 18 17 1 2
V 6 14 2 1
H 7 12 4 8
V 4 19 16 1
H 18 18 1 2
H 6 14 1 2
H 16 14 1 2
V 5 12 12 3
H 7 10 3 10
V 0 19 20 1
H 0 12 1 4
H 0 3 1 10
H 0 0 1 20
V 0 19 18 1
H 8 18 1 2
H 3 16 1 4
V 1 19 18 1
V 1 18 16 1
V 1 7 2 1
H 1 0 1 20
V 0 0 2 1
H 1 0 1 16
V 1 3 2 1
V 0 0 16 2
H 12 1 1 2
V 0 0 20 2
V 11 18 6 1
H 7 18 1 2
H 16 18 1 2
H 2 7 1 2
V 0 6 16 2
H 0 4 4 6
H 0 0 1 20
V 13 15 2 1
V 13 19 2 1
V 0 19 14 1
V 0 18 16 2
H 1 2 1 2
H 0 1 19 2
V 12 2 8 4
H 1 0 3 8
V 3 0 10 4
H 2 0 1 2
V 0 0 18 1
H 0 1 1 18
V 0 17 16 1
H 7 16 1 4
V 1 17 16 1
V 0 16 16 1
V 0 2 2 1
H 0 0 1 20
H 2 5 1 2
H 0 1 3 10
V 0 1 18 2
H 8 0 1 2
V 1 1 18 2
H 18 2 1 2
V 3 17 12 2
H 14 17 1 2
V 0 0 16 1
V 1 0 16 1
V 0 8 8 10
H 1 7 1 2
H 0 3 4 10
V 0 3 18 3
H 8 2 1 2
V 0 3 20 3
H 12 11 1 2
H 12 8 5 4
V 8 13 2 1
V 1 11 16 3
V 0 11 16 1
H 0 0 1 20
V 0 15 2 1
V 0 1 16 1
V 0 1 18 1
H 19 4 1 2
V 5 11 12 1
V 10 11 2 1
H 6 8 5 10
V 0 16 16 1
H 3 15 1 2
V 0 16 2 1
V 1 16 14 1
H 5 15 5 4
V 0 17 14 2
H 0 1 17 2
V 2 2 16 4
H 15 0 1 2
V 6 1 10 5
V 15 2 2 1
V 5 3 2 1
H 0 0 16 6
H 1 0 1 14
H 4 2 1 2
H 12 2 1 2
V 6 0 2 1
V 0 0 14 3
V 1 1 16 1
V 8 4 4 1
V 1 4 18 1
H 2 3 2 10
V 3 15 2 1
H 3 0 1 20
H 2 18 1 2
V 2 19 6 1
H 10 17 1 2
V 1 18 12 2
V 8 17 2 1
H 9 17 4 2
V 12 17 2 1
H 15 10 1 6
H 10 4 1 2
H 9 1 7 4
V 13 4 6 1
H 10 18 1 2
H 10 14 1 2
H 5 15 6 4
V 8 17 2 1
V 5 17 8 2
H 6 2 1 2
V 2 1 14 2
V 6 5 14 1
V 8 3 6 1
H 11 0 4 4
V 5 19 2 1
H 9 1 1 2
V 0 0 14 2
V 0 5 2 1
H 1 0 3 12
V 3 0 8 1
V 2 19 4 1
H 3 0 1 20
V 2 11 8 9
H 4 16 1 2
V 1 16 14 1
H 13 9 4 4
V 12 9 2 1
V 1 11 16 1
V 1 12 8 1
H 2 10 1 2
H 16 10 1 2
V 0 11 16 2
V 3 14 2 1
H 0 3 4 16
H 4 5 1 2
V 0 2 16 4
V 0 11 16 1
H 3 2 1 2
V 0 3 18 3
H 0 8 9 10
H 5 16 1 4
V 2 16 12 1
H 7 13 2 6
V 6 17 6 2
H 0 2 12 4
H 13 1 1 4
V 7 3 10 1
V 0 7 4 1
V 1 7 16 1
H 3 0 1 14
V 3 0 6 6
V 0 0 14 1
H 2 2 2 10
V 0 10 10 8
V 0 11 16 1
H 15 8 1 6
V 3 8 8 7
H 7 12 1 2
H 6 8 2 10
H 6 14 1 2
V 0 14 16 1
V 2 10 2 1
H 2 2 1 16
V 1 4 2 1
H 3 2 1 2
V 2 3 14 3
V 1 5 18 1
H 2 0 2 14
V 0 2 2 1
V 1 1 10 3
V 0 2 16 3
V 0 6 16 1
H 13 1 2 2
H 3 15 1 2
V 0 6 14 1
H 0 2 3 10
H 3 11 1 2
V 0 11 16 1
V 1 11 16 2
H 15 9 2 4
H 9 18 1 2
V 14 9 2 5
H 15 9 1 2
H 9 11 4 6
V 7 2 8 3
V 12 4 2 1
H 11 0 2 6
H 10 0 2 4
V 9 2 6 3
V 12 3 4 1
V 8 5 10 1
H 2 14 7 6
V 4 14 10 2
H 5 16 1 2
H 1 11 10 6
V 0 12 16 2
H 10 17 1 2
H 0 0 4 14
V 2 4 4 1
H 3 0 1 20
V 3 16 4 4
V 0 17 12 1
V 0 7 10 1
V 0 7 16 1
V 0 7 12 1
V 3 9 2 1
H 0 4 4 8
H 10 10 1 2
H 13 10 1 2
H 3 13 1 2
V 0 11 12 3
V 1 11 16 1
H 14 8 1 6
V 13 9 2 1
H 1 11 13 4
V 2 2 12 2
H 6 14 1 2
V 6 12 6 3
V 10 11 4 1
H 9 9 3 8
V 8 8 2 7
V 6 10 2 1
H 7 10 2 10
H 7 8 1 12
V 3 15 10 1
H 8 0 3 6
H 6 4 1 2
V 1 5 16 1
V 13 13 2 1
V 8 18 2 1
H 13 8 1 2
V 6 10 4 6
H 0 14 10 4
V 7 14 6 1
V 11 13 2 1
H 12 10 2 4
H 12 9 2 4
V 7 11 8 1
H 7 11 1 2
H 14 11 1 2
H 12 8 1 2
H 8 8 4 6
H 7 8 5 8
H 2 16 1 2
V 0 11 10 6
H 7 10 1 10
V 7 12 2 1
V 6 11 2 6
V 0 11 16 1
V 4 12 10 1
V 1 10 10 7
H 7 8 2 10
H 6 9 3 10
H 4 5 1 2
V 0 3 14 3
H 0 4 5 4
H 2 5 1 2
V 0 6 14 1
V 1 6 16 1
H 9 8 1 2
H 0 7 1 2
V 0 8 12 1
H 0 0 4 10
H 0 4 1 2
V 0 3 12 2
V 0 3 14 1
H 12 2 1 2
H 4 10 8 2
H 14 10 1 2
V 10 3 2 1
H 11 2 1 2
V 9 12 4 2
V 6 4 8 2
V 8 11 6 2
H 12 9 1 4
H 9 0 1 6
V 5 5 10 1
H 6 8 1 10
V 3 15 8 1
H 6 2 1 6
H 5 3 1 2
V 1 3 12 1
H 13 10 1 2
H 0 7 2 2
V 0 7 16 1
H 3 7 1 2
V 1 7 16 1
V 0 6 14 1
H 0 0 1 20
V 0 9 8 8
V 0 16 10 1
H 1 0 1 20
V 1 13 10 1
V 6 15 2 1
V 5 8 2 1
H 6 8 1 12
V 0 17 8 1
H 1 0 1 20
H 0 0 4 12
V 0 1 8 2
V 0 1 2 1
V 1 1 10 2
H 11 11 1 2
H 2 12 10 2
V 9 12 4 1
H 10 8 2 4
V 10 11 4 1
V 5 2 6 3
H 8 0 1 4
V 9 4 4 2
V 5 11 2 6
H 3 8 3 12
H 2 5 1 10
H 11 6 1 2
V 2 7 14 1
H 12 6 1 2
H 14 6 1 2
V 0 13 6 6
H 3 15 2 4
V 1 11 8 6
V 4 14 2 1
H 3 14 2 6
H 3 14 1 2
V 0 15 10 1
H 1 1 1 18
V 1 1 8 5
V 0 3 12 2
H 1 7 1 2
H 0 5 4 6
V 0 7 12 1
V 0 7 16 1
H 1 17 1 2
H 6 17 1 2
H 7 0 1 4
V 6 2 4 2
V 10 11 2 1
H 0 11 11 2
H 6 9 2 8
V 5 10 4 6
H 8 14 1 2
H 8 6 1 2
V 3 7 12 1
H 13 6 1 2
V 4 8 8 3
H 3 9 4 4
V 3 14 6 1
H 4 8 3 10
H 5 10 1 6
V 0 10 8 2
H 4 9 3 8
V 0 14 10 1
H 0 12 5 6
V 0 12 10 2
V 1 12 10 2
V 10 12 2 1
V 0 0 4 20
H 1 4 1 2
H 0 5 4 8
H 0 0 1 20
H 7 0 1 2
V 3 5 2 1
V 3 8 2 1
H 2 4 2 16
V 1 18 4 2
H 7 1 1 2
V 8 3 2 3
H 8 2 1 2
H 2 16 1 2
V 0 12 4 5
V 0 15 8 1
V 7 12 2 1
V 2 9 6 5
H 4 10 2 8
V 2 9 8 5
V 4 8 2 9
H 1 11 4 8
V 3 0 2 8
H 3 2 1 2
H 0 1 5 4
V 0 3 10 1
V 0 7 10 1
V 0 0 4 3
V 0 2 8 3
H 6 0 1 4
V 1 19 2 1
H 5 4 2 4
V 0 5 12 1
H 6 14 1 2
V 5 6 2 1
V 6 5 2 1
H 6 1 1 6
H 6 11 1 2
V 0 11 2 1
V 1 8 4 5
V 0 11 10 1
H 1 6 1 2
H 1 7 2 12
V 1 8 4 6
V 1 9 2 1
V 2 16 2 1
H 2 8 1 12
V 3 8 4 7
V 3 10 4 1
H 5 8 2 4
H 6 9 1 2
V 0 10 12 1
H 8 3 1 2
V 5 4 4 2
V 6 5 2 1
H 5 2 2 6
V 1 7 12 1
V 2 8 2 1
V 2 10 2 1
H 0 4 3 10
V 0 5 2 1
V 1 0 4 8
V 0 4 10 2
H 1 1 1 6
H 0 2 2 16
V 0 9 12 1
V 5 14 2 1
H 3 9 3 6
H 5 9 1 8
H 0 7 2 10
V 0 10 10 2
V 1 11 10 1
H 2 0 2 18
H 2 1 2 18
V 1 17 2 1
H 2 17 1 2
V 10 7 2 1
V 5 6 6 2
V 0 3 8 2
V 8 7 4 1
H 2 7 1 2
V 2 3 4 5
V 2 8 4 1
H 3 0 2 6
H 2 0 1 2
H 2 2 1 2
V 0 1 6 2
V 0 0 4 3
H 0 0 1 2
V 0 3 2 12
V 0 12 2 1
H 1 4 1 14
H 3 0 1 18
H 5 14 1 2
V 6 4 2 2
H 6 3 1 2
V 3 4 2 1
V 3 6 2 1
H 1 0 3 6
H 0 1 2 10
H 4 8 1 8
V 4 14 2 1
H 4 2 1 4
V 2 4 6 2
V 5 8 6 2
V 4 9 4 1
H 7 8 1 4
H 0 9 8 4
V 0 10 2 2
H 1 7 1 10
V 2 14 2 1
V 1 6 2 1
H 2 4 1 14
V 0 10 8 2
V 5 11 2 1
H 6 8 1 6
V 0 15 4 1
H 2 8 1 10
V 0 8 10 1
H 1 2 3 14
V 1 15 4 1
H 5 5 2 2
V 6 5 2 1
H 4 2 1 6
H 0 8 6 2
V 1 8 10 1
V 3 9 2 1
V 2 2 2 10
V 2 14 2 1
H 2 0 1 6
V 0 3 4 3
H 5 3 1 2
V 1 4 6 4
H 2 3 1 2
H 3 3 3 4
V 2 4 2 1
V 1 3 4 4
H 1 1 2 4
H 2 6 2 8
V 3 6 2 1
V 3 14 2 1
V 2 7 4 1
V 2 12 4 2
V 0 6 2 1
V 1 6 8 2
H 8 6 1 2
V 0 8 10 2
H 0 5 1 10
H 6 11 1 2
V 1 5 6 3
H 3 7 1 4
H 1 7 3 2
H 2 1 1 16
H 7 10 1 2
H 0 3 1 6
V 3 5 4 3
H 3 3 2 4
H 2 3 1 2
H 2 2 2 4
V 2 8 8 1
V 0 7 8 1
V 3 13 2 1
H 2 3 2 12
H 3 13 1 2
V 1 12 4 2
V 3 7 2 1
H 3 4 1 10
H 3 5 1 6
V 3 8 2 1
V 1 5 6 2
H 2 7 1 2
H 2 6 1 4
H 2 2 1 14
H 2 11 1 2
V 2 10 4 2
H 5 10 1 2
V 3 8 4 3
V 2 9 2 5
H 1 8 3 6
V 0 4 4 3
H 1 3 2 6
V 1 5 4 1
H 4 4 1 2
V 2 12 2 1
H 2 6 1 8
H 1 11 1 2
V 1 12 4 1
H 7 8 1 2
V 0 5 4 4
H 0 7 4 2
V 0 7 8 1
V 1 8 4 2
H 0 8 7 2
V 1 8 8 1
H 3 3 1 10
H 2 3 2 6
H 1 4 3 8
H 1 4 1 10
V 2 7 2 6
H 2 5 1 10
H 6 8 1 2
H 2 10 1 4
H 5 9 1 2
V 1 8 4 2
H 4 8 1 4
H 0 6 4 4
H 0 6 1 6
V 1 7 6 1
V 2 6 2 1
V 1 5 2 5
V 0 6 6 1
V 1 6 2 3
H 1 4 2 4
V 1 8 4 1
H 2 3 1 10
V 2 9 2 4
H 0 6 1 2
V 0 10 2 1
H 1 10 3 2
H 2 7 2 2
V 2 7 4 1
H 2 7 1 2
V 2 7 2 2
V 1 8 6 1
H 2 6 2 4
H 3 6 1 2
V 0 7 4 3
V 2 7 2 4
H 3 7 1 4
V 2 8 4 1
H 1 8 1 2
V 0 8 2 1
H 2 6 1 2
H 2 9 1 2
V 2 9 2 1
V 1 8 2 1
H 2 7 1 4
V 1 8 2 1
H 2 8 1 2
H 1 7 1 2
V 2 8 2 1
V 3 8 2 1
H 3 7 1 2
