V 8 2 2 1
V 2 10 2 1
H 7 14 1 2
V 13 6 2 1
H 7 17 1 2
V 3 13 2 1
V 3 15 2 1
H 3 0 1 16
V 0 0 6 1
H 0 0 1 18
H 0 0 1 20
H 6 2 1 2
V 2 2 18 1
H 10 2 1 2
H 15 2 1 2
H 18 2 1 2
H 1 0 5 4
V 0 0 4 1
H 0 0 1 18
H 0 1 1 18
V 14 13 2 1
V 11 11 8 8
H 12 5 2 2
H 11 6 3 8
V 7 7 8 2
V 6 17 2 1
H 7 5 1 14
V 1 15 8 4
V 3 1 2 2
H 3 0 1 20
H 1 0 3 10
V 0 0 6 1
H 0 0 1 16
H 0 0 1 18
V 0 0 14 1
H 4 0 1 2
V 0 0 12 1
H 4 0 1 2
H 0 0 1 16
H 0 1 1 16
H 19 9 1 6
V 8 9 12 1
H 11 10 1 2
H 11 8 1 2
V 7 9 12 2
V 7 7 2 1
H 7 5 1 12
V 1 15 8 4
V 3 2 2 1
H 3 0 1 20
V 3 0 2 1
H 3 0 1 10
V 0 0 6 1
H 0 0 1 14
H 0 0 1 16
V 0 0 10 1
H 0 0 1 14
H 0 1 1 14
V 3 3 8 1
V 4 0 8 5
V 2 1 18 1
H 4 0 1 2
H 19 0 1 2
H 10 6 1 2
V 8 7 12 2
V 7 8 12 1
V 7 6 2 1
H 7 5 1 14
V 2 15 8 1
H 3 0 1 20
H 3 0 1 10
V 0 0 6 1
H 0 0 1 12
H 0 0 1 14
V 1 13 4 6
V 2 1 2 1
V 2 5 2 1
H 3 0 1 20
H 1 0 3 6
V 0 0 6 1
H 0 0 1 12
H 0 1 1 12
H 7 7 1 12
V 1 15 8 2
H 3 0 1 20
H 3 1 1 8
H 2 0 1 2
V 2 1 14 1
H 2 1 1 2
H 11 1 1 2
V 2 1 18 1
V 1 1 2 1
V 7 5 6 2
H 7 5 1 6
H 7 5 1 14
V 1 15 8 1
H 3 0 1 20
H 3 0 1 8
V 1 0 12 2
H 18 0 1 2
V 1 1 18 1
H 16 0 1 2
H 18 0 1 2
V 2 2 12 2
V 2 2 18 1
H 18 3 1 2
H 17 2 3 2
H 19 3 1 2
V 3 5 2 1
V 3 10 2 1
V 3 15 2 5
V 1 5 6 8
V 1 3 8 1
H 1 1 3 8
V 2 2 14 1
V 2 2 18 2
H 3 3 1 2
H 17 3 1 2
V 2 3 2 1
V 2 17 2 1
V 3 6 4 1
H 3 0 1 20
V 3 6 2 1
H 3 0 1 16
V 0 0 6 1
H 0 0 1 10
H 0 0 1 12
H 7 11 2 6
V 1 15 8 1
H 3 0 1 20
H 3 0 1 8
H 1 0 1 2
V 1 1 12 1
V 2 1 16 1
H 17 0 1 2
H 11 2 1 2
V 16 2 2 1
V 1 3 18 1
H 3 2 1 2
H 8 1 3 4
V 2 1 16 1
H 3 0 1 20
H 3 0 5 2
V 0 0 6 1
H 0 0 1 10
H 0 1 1 10
V 7 5 2 14
H 7 6 2 14
V 1 15 8 1
V 2 8 2 1
H 3 0 1 20
H 2 1 1 10
V 3 2 2 1
H 2 2 2 6
V 2 2 12 2
H 6 1 1 2
V 1 2 18 2
H 10 8 1 2
V 7 5 12 4
H 7 5 2 14
V 1 15 8 4
V 2 14 2 1
H 3 0 1 20
V 3 3 2 1
H 1 2 3 4
H 5 3 1 2
H 14 3 1 2
V 9 2 2 1
V 3 2 14 2
H 11 2 1 2
H 4 1 1 4
V 2 3 18 1
H 2 3 2 10
V 2 2 12 2
V 1 3 18 1
V 2 17 2 1
V 3 5 4 15
H 3 0 1 20
V 2 2 10 3
H 8 1 1 4
V 2 1 14 1
H 15 0 1 2
H 9 9 1 2
V 18 11 2 1
V 7 10 12 2
H 7 8 1 8
V 1 15 8 3
V 3 19 2 1
H 3 0 1 20
H 1 0 3 10
V 0 0 6 1
H 0 0 1 8
H 0 0 1 10
H 7 5 2 6
H 7 6 1 14
V 1 15 8 1
H 3 0 1 20
H 1 3 3 4
V 2 3 10 2
H 11 3 1 2
H 15 3 1 2
H 17 3 1 2
V 1 3 16 1
H 7 3 1 2
H 16 3 1 2
V 8 9 12 3
V 7 6 6 6
H 7 7 1 12
V 2 15 8 1
H 3 0 1 20
H 3 0 1 8
H 4 0 1 2
V 1 1 10 3
V 2 1 14 1
V 10 15 8 3
V 11 16 2 1
H 11 5 1 14
V 7 6 8 3
V 7 13 2 1
H 7 5 1 14
V 1 15 8 2
H 3 0 1 20
H 2 2 2 4
V 1 2 12 2
H 3 3 1 2
H 8 3 1 2
V 2 3 16 1
H 17 3 1 2
V 16 3 2 1
V 8 5 12 3
V 7 5 6 5
H 7 5 7 6
H 7 6 2 14
V 1 15 8 2
V 2 11 2 1
V 2 17 2 1
H 3 0 1 20
H 3 0 1 8
H 3 4 1 2
V 3 1 8 4
H 9 1 1 2
V 1 1 14 1
H 3 0 1 2
H 9 0 1 2
H 14 0 1 2
V 7 5 4 7
H 7 5 1 14
V 2 15 8 1
V 2 5 2 1
H 3 0 1 20
H 2 2 2 6
V 2 1 10 2
V 1 2 16 1
V 10 12 10 7
H 13 6 1 14
H 12 10 1 4
V 7 9 12 3
H 7 11 1 8
V 1 15 8 2
V 3 18 2 1
H 3 0 1 20
H 3 0 1 10
V 0 0 6 1
H 0 0 1 8
H 0 1 1 8
H 0 0 1 2
V 0 0 2 1
V 1 2 2 1
H 1 0 1 6
V 1 2 14 2
H 14 2 1 2
V 2 3 14 1
H 15 3 1 2
V 3 1 12 1
V 8 10 2 1
H 9 10 1 6
V 2 15 8 1
V 4 8 2 1
V 3 5 4 12
V 2 19 2 1
H 3 0 1 20
H 3 0 1 10
H 0 0 1 2
V 0 0 6 1
H 0 0 1 6
H 0 0 1 8
V 10 9 2 1
H 11 5 2 12
V 7 5 10 4
V 7 9 2 1
H 7 5 1 14
H 4 14 1 2
H 8 14 1 2
V 1 15 8 2
H 3 0 1 20
V 2 3 2 1
H 3 0 1 10
V 1 0 6 1
V 1 1 12 1
V 0 0 14 1
H 1 0 1 2
V 0 0 6 1
H 0 0 1 6
H 0 1 1 6
V 11 0 2 1
H 9 11 1 2
V 7 11 8 1
H 7 11 2 8
V 2 15 8 1
H 3 0 1 20
H 1 3 3 4
H 6 2 1 2
V 5 4 2 1
V 1 3 10 2
V 2 3 14 1
H 2 14 1 2
H 9 14 1 2
H 5 15 1 2
V 2 15 8 1
V 3 13 4 4
H 3 0 1 20
V 2 0 2 1
H 3 9 1 2
H 3 0 1 10
V 6 3 2 1
V 6 16 2 1
V 3 0 4 5
V 0 0 12 1
V 10 12 2 8
H 11 7 3 10
V 7 5 8 4
H 7 6 1 14
H 11 6 1 14
V 1 15 8 1
H 3 0 1 20
H 3 2 1 4
V 3 3 8 2
H 2 3 1 2
H 13 3 1 2
V 1 3 14 1
H 8 10 1 2
V 7 9 8 2
H 7 13 1 2
H 7 9 1 10
V 2 15 8 1
H 3 0 1 20
H 3 0 1 10
V 0 0 6 1
H 0 0 1 4
V 0 0 2 1
H 0 0 1 6
V 7 5 12 3
V 7 5 8 2
V 10 7 2 1
H 7 5 4 4
H 7 5 1 14
V 1 15 8 1
H 3 0 1 20
H 3 1 1 8
V 3 0 6 5
H 1 0 1 2
V 1 1 12 1
H 7 14 1 2
V 1 15 8 1
H 3 0 1 20
H 3 0 1 6
H 2 1 1 2
V 1 2 8 3
H 11 3 1 2
V 2 2 12 2
V 8 6 12 1
V 7 6 12 1
H 7 5 2 4
H 7 5 1 14
V 1 15 8 2
V 2 18 2 1
H 3 0 1 20
H 1 3 3 4
V 2 1 8 4
V 2 3 12 1
H 13 3 1 2
V 1 0 6 2
V 1 0 10 5
H 1 1 3 12
H 1 0 2 12
V 0 0 4 1
H 0 0 1 4
H 0 1 1 4
V 10 14 10 6
H 13 6 1 14
V 7 6 12 3
V 7 9 2 1
H 7 5 1 14
V 1 15 8 2
H 3 0 1 20
H 3 1 1 8
H 5 2 1 2
V 2 0 6 3
V 2 1 10 2
V 7 3 6 2
V 8 9 12 3
V 7 11 4 1
H 7 8 1 8
V 2 15 8 1
V 2 0 2 1
H 3 0 1 20
H 3 0 1 10
V 0 0 6 1
H 0 0 1 2
V 0 0 2 1
H 0 0 1 4
V 11 15 6 5
V 11 12 2 1
H 11 5 1 14
V 7 9 8 3
H 7 6 3 10
V 1 15 8 2
V 2 5 4 1
H 3 0 1 20
H 2 0 2 8
V 3 2 2 1
V 5 3 2 1
V 2 1 4 4
V 1 1 10 2
H 11 6 1 14
V 7 10 8 2
V 7 13 2 1
H 7 11 1 8
V 1 15 8 2
V 3 16 2 1
H 3 0 1 20
H 3 0 1 10
V 3 0 2 5
V 1 0 8 2
H 4 1 1 2
H 6 1 1 2
H 7 5 3 6
H 7 6 1 14
V 1 15 8 1
V 2 19 2 1
H 3 0 1 20
H 3 0 1 10
V 0 0 8 1
V 10 5 2 1
V 10 17 2 1
H 11 6 1 14
H 11 5 3 8
V 7 7 8 2
H 7 6 1 14
V 1 15 8 1
V 2 16 2 1
H 3 0 1 20
V 2 4 2 1
H 3 0 1 10
H 1 0 1 2
H 4 0 1 2
V 0 0 6 1
H 0 0 1 2
V 8 2 2 1
V 7 2 2 1
V 7 9 2 1
V 6 3 4 2
H 7 2 1 2
V 7 7 12 2
H 14 6 1 2
V 7 7 10 2
H 7 7 5 2
V 6 17 2 1
V 6 19 2 1
H 7 6 1 14
V 1 15 8 1
V 3 0 2 1
H 3 0 1 20
H 1 4 3 2
V 2 1 4 4
V 2 4 8 1
V 8 10 12 2
V 13 10 2 1
V 7 5 2 15
H 7 7 1 10
V 2 15 8 1
H 3 0 1 20
V 2 3 2 2
H 1 4 3 2
V 3 1 2 4
H 5 3 1 2
V 1 4 8 1
H 1 1 1 2
H 12 6 1 14
V 10 12 2 1
H 11 8 2 8
V 7 7 10 2
H 7 5 1 14
V 1 15 8 1
H 3 0 1 20
H 3 2 1 6
V 1 2 6 3
V 2 1 2 1
H 7 14 1 2
V 1 15 8 1
V 3 7 4 1
H 3 0 1 20
H 1 4 3 2
V 3 2 2 3
V 2 4 6 1
H 3 4 1 2
V 11 11 6 8
H 11 6 1 10
V 7 7 8 2
H 7 5 1 14
V 1 15 8 4
H 3 1 1 12
H 3 1 1 18
H 3 9 1 2
V 1 5 4 5
H 1 2 1 8
V 10 17 10 2
H 11 6 1 14
H 11 9 1 2
V 7 10 8 2
H 7 9 1 8
V 1 15 8 4
H 3 1 1 18
H 3 2 1 6
V 1 3 6 1
V 3 2 2 3
H 4 2 1 2
V 1 4 6 1
H 1 3 1 2
H 11 6 3 12
H 16 7 1 2
V 7 8 12 1
H 7 5 1 14
V 1 15 8 1
H 3 2 1 18
V 1 8 2 1
V 2 2 2 10
H 2 2 1 8
H 9 8 1 2
V 7 9 12 3
V 7 10 8 2
H 7 8 1 8
H 8 15 1 2
V 1 15 8 1
H 3 2 1 18
H 1 4 3 4
V 1 4 6 1
V 2 15 2 1
V 4 13 2 1
V 3 5 2 12
H 3 2 1 18
H 3 2 1 10
V 7 7 10 2
H 1 7 1 2
H 7 7 6 2
H 7 6 2 14
V 1 15 8 4
V 3 16 2 1
H 3 3 1 16
V 2 3 2 1
V 2 14 2 1
V 3 4 2 1
H 3 3 1 8
V 3 3 2 1
H 11 16 1 2
V 10 17 6 2
H 11 6 3 14
V 7 10 8 2
H 8 11 1 2
H 7 11 1 8
V 1 15 8 4
V 2 4 2 1
H 3 3 1 16
V 2 6 2 1
H 3 4 1 6
V 2 4 4 1
V 12 6 2 1
V 7 5 6 5
V 8 12 2 1
H 7 6 2 14
H 8 18 1 2
V 1 15 8 4
H 3 3 1 16
H 3 3 1 8
H 3 4 1 2
V 3 7 2 1
V 7 10 12 2
H 9 10 1 2
V 7 10 8 1
H 7 18 1 2
H 7 9 1 10
V 4 15 2 1
V 1 15 8 3
V 4 17 2 1
H 3 6 2 14
V 1 8 4 5
H 1 7 1 2
H 4 5 3 4
H 8 11 1 2
H 8 9 1 2
V 11 10 2 1
V 7 10 10 2
H 8 10 1 2
H 7 18 1 2
H 7 11 2 8
H 6 14 1 2
V 1 15 8 2
H 5 5 1 2
H 18 5 1 2
V 2 14 2 1
H 3 6 4 14
V 1 8 4 2
V 2 16 2 1
V 17 11 2 1
H 3 8 3 12
H 3 7 1 2
H 9 12 1 8
V 2 15 8 1
V 3 14 2 1
V 4 13 2 7
V 5 11 2 1
H 4 6 2 14
H 4 6 3 4
H 12 9 3 10
H 8 8 1 2
V 8 9 12 1
H 8 7 1 12
V 7 10 2 1
V 5 15 4 5
V 4 17 4 1
V 5 10 2 1
V 5 14 2 1
V 3 11 4 1
H 6 5 1 14
H 6 5 1 6
V 10 17 10 2
H 11 5 2 14
V 10 7 2 1
V 10 12 2 8
H 8 10 1 2
V 7 10 10 1
H 7 10 1 10
V 1 15 8 1
H 3 9 4 10
H 4 9 1 2
V 1 10 4 2
V 1 11 2 2
H 1 11 1 2
V 5 8 2 3
H 6 6 1 4
V 3 11 4 1
H 5 7 2 8
H 4 8 1 12
H 4 8 3 8
V 11 7 2 1
H 11 5 1 14
V 7 6 8 3
H 7 5 2 10
V 1 15 8 1
H 7 6 2 14
V 1 19 8 1
V 1 18 4 2
H 3 10 4 2
V 2 11 2 1
H 3 10 1 2
H 2 16 1 4
V 5 9 2 4
H 6 7 1 4
H 3 18 6 2
V 1 17 8 2
H 4 9 1 2
H 3 16 1 2
V 8 5 2 10
H 7 12 2 4
V 1 15 8 1
H 3 12 3 6
H 3 12 1 2
H 19 12 1 2
V 2 12 4 1
V 7 9 8 2
H 7 5 1 12
V 1 15 8 3
H 2 17 2 2
V 1 14 4 4
H 1 13 2 4
H 11 6 3 14
V 7 9 12 2
V 7 16 2 1
H 7 8 1 10
V 1 15 8 1
H 3 12 1 8
V 10 13 10 3
H 13 10 3 8
V 7 10 12 2
H 8 5 1 14
V 1 16 8 2
H 3 17 1 2
V 1 15 6 3
V 2 16 2 1
V 1 14 2 3
H 1 15 2 2
H 3 12 1 6
H 3 12 4 4
H 6 9 1 10
V 5 11 2 1
V 3 17 6 2
V 4 17 2 3
V 3 14 2 1
H 4 11 1 8
V 1 14 6 1
H 7 14 3 2
V 4 15 6 1
H 5 14 1 2
H 4 11 3 8
H 13 9 3 6
V 8 9 12 1
H 9 8 1 12
H 8 15 1 2
V 8 13 2 1
V 4 15 6 1
H 5 10 2 10
H 6 9 1 2
V 2 14 2 1
H 8 6 1 8
H 19 11 1 2
V 8 11 12 1
H 16 10 1 4
V 7 11 10 1
H 7 8 3 8
H 6 15 1 2
V 2 15 8 1
H 4 14 1 2
H 3 13 2 4
V 10 14 10 3
H 11 5 1 2
V 10 18 2 1
V 12 16 2 1
H 11 6 2 14
V 7 9 8 1
H 7 5 1 12
H 3 15 1 2
V 2 15 6 1
H 4 12 3 6
V 6 18 2 2
H 6 12 1 8
V 5 14 2 1
H 6 11 1 8
H 11 11 1 2
V 7 6 6 6
H 7 7 1 12
H 6 17 1 2
V 5 15 4 3
H 5 14 1 2
H 7 14 3 2
V 4 15 6 1
H 5 14 1 2
V 7 10 12 1
V 7 10 8 1
V 6 15 2 1
H 7 8 2 10
V 7 16 2 2
V 6 15 2 3
H 6 13 1 4
V 8 6 12 1
V 7 6 12 1
H 7 5 3 10
H 7 6 2 12
V 6 17 2 1
H 19 16 1 2
V 7 5 4 2
H 7 5 1 2
V 8 7 8 1
V 7 9 2 1
V 7 15 2 1
H 8 5 1 12
H 8 5 1 14
H 9 10 1 2
H 12 11 1 2
V 8 5 12 1
V 8 11 12 1
H 11 5 3 12
V 8 5 12 1
H 9 11 1 8
H 7 7 2 10
V 7 6 2 10
V 8 8 2 1
V 8 10 2 1
H 8 8 1 10
H 10 10 1 2
H 13 8 1 2
V 10 9 8 2
H 11 6 3 6
H 17 5 1 2
V 8 6 12 1
V 9 7 10 2
H 13 6 1 2
H 11 5 8 4
H 17 6 1 2
V 17 6 2 3
V 17 9 2 1
H 17 5 1 2
V 18 7 2 1
V 18 10 2 1
V 8 14 2 1
V 7 7 2 9
H 8 13 1 4
V 8 6 8 2
V 13 8 2 1
V 14 8 6 1
H 19 7 1 2
V 9 11 4 1
V 8 9 2 1
H 9 6 1 12
H 12 5 1 8
V 10 5 2 1
V 10 9 2 1
V 10 14 2 1
H 11 5 3 14
H 10 7 1 4
V 8 9 4 3
H 9 5 1 10
H 11 6 1 14
H 11 13 1 6
H 11 7 2 10
V 7 7 8 2
V 12 15 8 5
V 13 15 2 1
H 13 6 1 14
H 11 6 3 10
H 10 5 1 2
V 9 6 10 1
V 15 7 2 1
H 16 5 1 4
H 16 5 1 2
V 7 8 2 6
V 16 7 2 1
H 7 10 3 4
V 9 10 2 2
V 8 14 2 1
H 9 7 1 8
H 11 11 2 2
H 14 11 1 2
H 9 10 1 2
V 8 11 6 1
H 10 6 2 6
H 10 6 3 4
H 11 5 1 2
H 9 8 1 8
V 8 10 2 1
H 8 8 1 6
V 8 13 2 2
V 10 7 6 2
V 11 6 4 2
H 14 5 1 2
H 13 5 1 8
V 15 7 2 1
V 12 6 4 2
H 8 9 1 2
V 7 11 12 1
H 12 5 1 12
H 7 10 1 2
V 12 7 2 4
V 12 7 4 1
V 8 10 2 1
V 11 13 2 1
V 11 16 2 1
V 12 9 2 1
H 12 6 1 10
V 10 11 2 1
V 10 12 2 7
H 11 8 1 8
V 9 9 4 1
H 12 7 1 8
V 13 11 2 1
H 11 8 3 10
V 8 11 6 1
H 8 11 1 2
V 9 10 2 2
H 9 10 1 4
H 15 12 1 8
V 10 12 10 1
H 12 8 2 8
V 10 8 6 1
V 10 13 10 1
H 13 10 6 4
H 14 13 1 2
V 7 11 12 1
H 13 5 1 2
H 10 9 1 2
V 9 10 2 1
V 14 8 2 1
V 11 8 4 1
H 13 6 1 4
H 12 9 3 4
V 10 9 8 2
V 11 9 4 3
H 11 8 2 4
H 10 10 1 2
H 12 8 2 2
V 11 9 2 1
V 12 11 2 1
H 12 8 1 6
V 16 11 2 1
V 13 9 4 3
V 13 8 2 1
V 13 13 2 1
H 13 7 1 4
V 10 12 2 7
H 11 10 1 8
V 10 13 8 4
H 13 8 1 10
H 11 12 1 2
V 11 11 6 2
H 13 9 5 4
V 12 10 6 4
V 12 11 2 6
H 13 10 2 4
V 11 12 8 1
V 11 12 4 1
V 16 9 2 1
V 14 9 6 3
H 16 10 1 8
H 19 11 1 4
H 14 10 6 2
V 17 11 2 1
V 12 11 6 3
H 14 10 1 4
V 14 11 2 1
V 12 12 4 4
H 14 11 1 2
V 16 17 2 1
V 14 10 6 2
V 14 10 2 1
H 13 12 1 2
V 12 15 2 1
H 10 16 1 2
H 16 16 1 2
V 10 15 6 2
H 10 15 1 2
V 18 15 2 1
V 11 15 8 2
V 15 11 2 1
H 15 10 1 10
V 15 11 2 3
H 16 9 2 4
H 16 10 1 2
H 10 17 1 2
H 10 16 10 4
H 10 16 1 2
H 16 16 1 2
H 14 15 1 2
H 19 15 1 2
H 13 13 3 6
V 15 18 2 1
H 15 12 2 4
V 12 14 6 2
V 16 13 2 1
V 15 12 2 2
H 16 11 2 4
H 14 14 6 2
V 12 15 6 1
H 14 13 1 2
H 16 12 1 2
V 15 13 4 3
H 17 10 1 10
V 17 18 2 2
H 18 9 2 10
V 16 12 4 5
V 15 12 2 1
V 13 15 6 1
H 14 15 6 2
H 15 14 1 6
V 11 16 6 2
V 16 17 2 1
H 16 12 1 6
V 13 15 4 5
H 15 13 1 4
H 18 10 1 8
V 10 19 2 1
H 18 17 1 2
H 11 18 7 2
H 12 17 8 2
V 11 18 4 1
H 15 15 5 2
V 13 16 4 3
V 14 19 2 1
V 13 17 2 3
H 14 15 3 4
H 16 13 3 6
V 18 15 2 1
V 17 13 2 6
H 17 12 1 2
H 17 13 2 2
V 15 14 4 3
V 18 11 2 9
H 19 10 1 10
V 18 11 2 1
H 19 10 1 6
H 13 17 1 2
V 16 14 2 1
V 16 17 2 1
H 18 12 1 2
H 19 11 1 2
V 12 18 6 1
V 17 14 2 6
H 18 13 1 2
H 17 14 1 2
H 19 14 1 2
H 14 18 1 2
H 19 18 1 2
H 18 16 2 2
V 14 16 2 2
V 15 16 2 2
V 15 17 4 1
V 16 17 2 3
H 15 18 2 2
V 14 19 2 1
H 15 18 1 2
V 18 15 2 1
H 17 15 1 4
V 16 17 2 2
H 17 16 1 4
H 17 15 1 4
H 18 16 1 2
V 17 19 2 1
